0	0.000	566.660	566.660	566.660	566.660	0.000	0.000	2887.665	0.633
0	0.100	559.239	532.940	592.290	557.680	10.447	0.000	1738000.949	641.561
0	0.200	580.179	547.820	630.350	578.705	15.570	0.000	1091311.464	648.854
0	0.300	600.094	554.930	650.940	600.020	18.390	0.000	416224.043	698.226
0	0.400	621.876	577.800	666.750	622.230	16.686	0.000	-322849.500	774.229
0	0.500	638.165	589.750	699.360	638.635	16.074	0.000	-1132675.884	844.255
0	0.600	656.351	607.170	705.870	657.040	17.770	0.000	-1974852.525	837.337
0	0.700	673.565	622.620	743.530	673.740	18.837	0.000	-2798845.778	807.039
0	0.800	690.679	641.210	762.350	689.475	20.190	0.000	-3592998.928	778.764
0	0.990	722.285	677.050	802.240	718.455	23.979	0.000	-4350567.976	732.544
1	0.000	548.330	548.330	548.330	548.330	0.000	0.000	-3889.985	0.723
1	0.100	577.605	548.010	615.360	577.385	14.613	0.000	-5057072.463	676.172
1	0.200	599.487	551.710	645.200	600.330	16.944	0.000	-5730847.471	668.071
1	0.300	621.691	570.070	684.880	622.095	19.153	0.000	-6413702.868	693.068
1	0.400	647.979	588.320	702.640	649.140	18.533	0.000	-7132744.052	742.946
1	0.500	664.570	606.460	744.320	663.440	20.390	0.000	-7903078.320	794.882
1	0.600	686.538	629.330	778.220	684.050	24.024	0.000	-8711998.237	819.598
1	0.700	708.799	645.110	782.750	708.055	25.852	0.000	-9524042.376	801.395
1	0.800	728.683	658.900	820.040	727.570	27.890	0.000	-10311657.226	771.260
1	0.990	763.711	693.010	854.740	762.340	28.500	0.000	-11061164.497	723.972
2	0.000	516.700	516.700	516.700	516.700	0.000	0.000	-10595.955	0.569
2	0.100	555.590	515.360	591.180	555.640	9.800	0.000	-11712696.832	575.617
2	0.200	565.819	526.790	600.000	565.170	13.437	0.000	-12308903.333	612.893
2	0.300	577.732	538.980	615.390	577.650	12.645	0.000	-12942997.012	654.792
2	0.400	589.570	548.800	667.610	587.835	16.578	0.000	-13603942.662	664.325
2	0.500	611.586	563.400	674.030	609.685	18.306	0.000	-14270630.885	665.814
2	0.600	631.763	587.410	702.920	630.535	20.331	0.000	-14923365.740	637.368
2	0.700	651.822	599.500	734.030	650.305	23.830	0.000	-15553293.939	619.309
2	0.800	676.317	621.060	762.840	674.955	25.804	0.000	-16165780.728	602.910
2	0.990	719.345	659.590	825.520	718.235	29.258	0.000	-16758779.041	579.884
3	0.000	601.240	601.240	601.240	601.240	0.000	0.000	-18982.453	1.012
3	0.100	616.891	593.770	641.700	617.645	8.201	0.000	-17401845.075	966.821
3	0.200	627.010	589.960	656.570	627.735	10.413	0.000	-18348136.724	921.528
3	0.300	644.969	611.480	690.910	644.065	12.607	0.000	-19262283.034	902.835
3	0.400	663.723	625.330	707.550	664.925	14.931	0.000	-20175101.324	920.021
3	0.500	680.437	639.950	735.310	680.050	16.695	0.000	-21115153.563	955.626
3	0.600	696.526	659.620	783.130	693.820	17.676	0.000	-22096292.575	1003.564
3	0.700	712.842	675.330	808.270	707.180	21.800	0.000	-23122855.030	1045.971
3	0.800	734.984	702.500	818.840	728.690	24.124	0.000	-24192506.398	1090.043
3	0.990	788.134	741.240	902.730	782.560	27.899	0.000	-25303425.758	1126.960
4	0.000	498.160	498.160	498.160	498.160	0.000	0.000	-25172.694	0.560
4	0.100	515.787	499.450	567.160	514.300	9.855	0.000	-26276055.695	548.948
4	0.200	540.281	507.330	611.330	539.255	17.131	0.000	-26832583.167	561.596
4	0.300	572.310	531.950	631.600	572.570	16.175	0.000	-27416542.988	602.730
4	0.400	595.842	554.030	658.530	594.200	18.062	0.000	-28048828.555	659.950
4	0.500	618.583	571.860	697.620	616.230	20.158	0.000	-28728072.236	694.598
4	0.600	646.096	593.660	747.660	644.665	25.955	0.000	-29411601.233	669.851
4	0.700	670.934	609.160	754.970	671.490	28.816	0.000	-30064193.816	633.191
4	0.800	695.517	627.650	797.230	695.885	27.668	0.000	-30683576.693	602.130
4	0.990	736.831	676.150	858.760	734.660	27.957	0.000	-31265666.137	560.559
5	0.000	486.610	486.610	486.610	486.610	0.000	0.000	-29315.219	0.452
5	0.100	469.922	444.780	506.540	469.835	12.454	0.000	-31676337.606	436.955
5	0.200	495.157	461.660	539.380	489.850	15.453	0.000	-32117913.534	444.383
5	0.300	514.358	487.230	588.110	512.895	17.954	0.000	-32556282.808	431.053
5	0.400	544.897	506.960	621.510	538.860	24.029	0.000	-32978878.446	412.266
5	0.500	574.779	528.830	672.860	576.165	25.398	0.000	-33383342.499	394.633
5	0.600	602.843	550.650	693.860	601.110	28.333	0.000	-33772101.505	380.317
5	0.700	627.429	574.320	743.880	623.340	30.144	0.000	-34149631.820	372.562
5	0.800	652.895	597.970	797.030	649.430	32.234	0.000	-34519615.832	365.384
5	0.990	698.223	642.770	799.810	693.915	32.662	0.000	-34880392.026	355.210
6	0.000	508.770	508.770	508.770	508.770	0.000	0.000	-34321.902	0.539
6	0.100	537.988	496.490	572.320	539.210	15.229	0.000	-35424546.127	547.267
6	0.200	556.670	511.060	586.970	557.810	10.323	0.000	-35985427.364	573.562
6	0.300	568.345	536.520	616.130	567.155	12.625	0.000	-36579213.087	610.195
6	0.400	585.339	546.440	653.540	584.230	16.291	0.000	-37186799.219	602.855
6	0.500	601.921	558.120	673.790	599.375	20.235	0.000	-37783313.941	587.807
6	0.600	627.035	576.670	730.870	626.620	24.709	0.000	-38362393.832	567.483
6	0.700	656.310	603.270	734.320	655.280	25.762	0.000	-38922008.042	548.929
6	0.800	682.663	626.550	766.910	680.360	26.246	0.000	-39465830.069	535.902
6	0.990	729.637	665.170	846.400	727.915	32.115	0.000	-39996236.851	523.029
7	0.000	603.530	603.530	603.530	603.530	0.000	0.000	-39431.002	0.913
7	0.100	600.000	574.640	646.240	599.060	9.782	0.000	-40670237.143	820.000
7	0.200	611.659	574.300	657.010	611.130	14.054	0.000	-41483172.097	802.482
7	0.300	623.471	591.130	673.710	621.515	14.043	0.000	-42295322.313	818.462
7	0.400	646.353	605.590	718.350	642.175	20.806	0.000	-43139887.658	866.311
7	0.500	671.032	621.270	734.100	672.640	23.411	0.000	-44044251.084	940.825
7	0.600	691.101	642.690	749.790	691.110	20.014	0.000	-45026432.705	1020.118
7	0.700	708.934	663.350	781.530	707.205	20.830	0.000	-46070528.396	1064.857
7	0.800	731.102	682.530	826.540	727.895	24.812	0.000	-47136507.760	1062.064
7	0.990	780.928	715.590	930.740	776.730	34.635	0.000	-48158084.413	978.913
8	0.000	491.600	491.600	491.600	491.600	0.000	0.000	-46417.396	0.438
8	0.100	493.565	459.110	523.410	494.330	10.474	0.000	-48795471.285	471.527
8	0.200	512.106	473.480	567.060	511.320	11.505	0.000	-49256703.749	448.702
8	0.300	534.312	495.240	589.950	529.085	21.427	0.000	-49701236.750	438.211
8	0.400	558.365	502.640	633.930	560.205	23.419	0.000	-50134932.623	426.926
8	0.500	583.976	524.590	658.480	583.685	24.423	0.000	-50554971.048	411.024
8	0.600	619.185	551.310	698.780	618.990	26.353	0.000	-50958895.810	393.928
8	0.700	649.731	575.410	712.440	651.855	24.454	0.000	-51347138.816	380.447
8	0.800	665.747	603.620	760.400	666.660	22.733	0.000	-51723954.164	371.111
8	0.990	686.961	643.310	791.370	682.290	21.435	0.000	-52089933.245	358.980
9	0.000	633.450	633.450	633.450	633.450	0.000	0.000	-54293.407	1.207
9	0.100	658.006	623.970	702.250	653.255	18.110	0.000	-52777784.444	1096.568
9	0.200	666.374	636.330	710.530	665.295	13.612	0.000	-53848292.149	1039.906
9	0.300	674.824	641.760	736.270	672.385	16.074	0.000	-54878080.107	1016.137
9	0.400	692.785	642.970	754.450	692.810	19.041	0.000	-55906884.936	1036.773
9	0.500	707.251	658.540	769.760	707.750	18.100	0.000	-56962316.188	1069.381
9	0.600	725.003	676.350	817.400	724.250	18.917	0.000	-58060960.952	1122.901
9	0.700	746.405	692.890	819.040	745.710	21.824	0.000	-59210003.299	1171.673
9	0.800	767.325	714.720	860.130	765.590	24.722	0.000	-60412297.430	1229.860
9	0.990	804.076	738.270	915.150	803.500	28.493	0.000	-61666593.524	1276.650
10	0.000	598.950	598.950	598.950	598.950	0.000	0.000	-64372.818	0.978
10	0.100	607.682	587.150	635.980	606.415	9.759	0.000	-62776737.497	935.588
10	0.200	635.650	591.720	678.380	635.085	14.669	0.000	-63695703.591	898.237
10	0.300	652.067	614.110	697.920	651.990	15.510	0.000	-64593034.496	893.284
10	0.400	671.311	632.110	739.540	670.520	17.635	0.000	-65494450.014	905.361
10	0.500	689.856	640.090	760.070	688.620	20.691	0.000	-66404822.068	912.315
10	0.600	714.551	657.120	814.170	712.635	24.221	0.000	-67319979.222	915.097
10	0.700	739.949	677.510	822.040	739.560	26.949	0.000	-68251515.509	943.994
10	0.800	766.260	700.490	856.870	765.295	27.799	0.000	-69215404.066	979.313
10	0.990	806.129	734.550	909.880	804.480	30.004	0.000	-70232931.441	1052.106
11	0.000	637.010	637.010	637.010	637.010	0.000	0.000	127.308	1.560
11	0.100	654.232	628.170	680.460	654.735	9.623	0.000	1413514.677	1553.883
11	0.200	674.662	641.410	721.710	673.280	12.977	0.000	-98042.135	1464.316
11	0.300	694.092	652.770	775.320	688.250	22.332	0.000	-1523648.674	1383.863
11	0.400	721.039	660.460	803.970	725.025	28.156	0.000	-2886587.405	1338.091
11	0.500	741.891	685.620	816.800	743.425	21.468	0.000	-4224403.653	1332.895
11	0.600	758.264	707.780	827.190	754.600	22.181	0.000	-5573587.224	1359.543
11	0.700	774.523	726.040	864.010	770.825	24.669	0.000	-6958506.883	1407.273
11	0.800	793.497	735.860	898.790	793.750	26.695	0.000	-8392856.403	1457.608
11	0.990	832.396	781.330	926.050	830.555	26.402	0.000	-9902058.538	1555.185
12	0.000	588.570	588.570	588.570	588.570	0.000	0.000	-9986.307	0.750
12	0.100	599.341	566.480	639.270	595.710	17.094	0.000	-11167839.048	704.604
12	0.200	625.341	571.970	656.760	628.780	13.814	0.000	-11870233.681	696.545
12	0.300	642.101	596.450	691.180	642.310	15.641	0.000	-12571752.172	704.540
12	0.400	662.903	607.650	713.510	662.490	17.373	0.000	-13299169.477	746.512
12	0.500	677.598	634.340	732.050	678.290	17.644	0.000	-14076224.657	805.545
12	0.600	697.627	646.680	781.580	696.690	20.200	0.000	-14907624.109	851.972
12	0.700	715.055	664.230	796.190	712.525	23.121	0.000	-15770479.868	868.616
12	0.800	737.100	685.880	824.940	734.190	26.820	0.000	-16628993.991	845.900
12	0.990	778.841	721.790	924.490	777.510	32.185	0.000	-17450708.172	795.663
13	0.000	654.430	654.430	654.430	654.430	0.000	0.000	-19782.393	1.190
13	0.100	667.467	625.820	708.560	665.955	11.768	0.000	-18267516.448	1097.223
13	0.200	699.555	646.370	746.600	699.895	18.113	0.000	-19344304.203	1052.828
13	0.300	726.029	681.750	780.050	724.705	15.946	0.000	-20371444.295	998.836
13	0.400	741.644	686.340	792.150	741.570	15.716	0.000	-21368686.835	989.598
13	0.500	755.597	703.310	813.800	755.435	15.792	0.000	-22368299.394	1007.252
13	0.600	771.235	722.450	832.330	769.745	18.180	0.000	-23401510.824	1054.852
13	0.700	790.907	736.240	863.400	789.765	21.835	0.000	-24488409.703	1115.954
13	0.800	812.118	753.740	921.350	809.415	26.405	0.000	-25639950.981	1183.233
13	0.990	852.918	781.240	973.050	850.375	30.498	0.000	-26860951.658	1252.270
14	0.000	568.850	568.850	568.850	568.850	0.000	0.000	-26792.862	0.726
14	0.100	587.689	560.880	614.560	586.755	9.759	0.000	-27967071.802	690.553
14	0.200	618.016	571.760	658.850	618.985	14.674	0.000	-28654453.042	680.672
14	0.300	632.389	594.470	672.670	632.025	12.621	0.000	-29359182.339	726.753
14	0.400	642.770	605.390	686.530	642.060	13.026	0.000	-30107209.066	765.824
14	0.500	653.888	610.140	710.020	652.855	16.498	0.000	-30893609.769	801.745
14	0.600	672.200	615.940	745.270	670.200	19.660	0.000	-31714269.945	836.226
14	0.700	694.947	642.780	787.180	693.085	22.854	0.000	-32568981.897	870.712
14	0.800	718.889	654.570	816.940	717.835	25.934	0.000	-33438641.708	865.824
14	0.990	761.284	702.680	862.510	760.690	28.035	0.000	-34283785.120	821.901
15	0.000	613.910	613.910	613.910	613.910	0.000	0.000	-33868.167	0.672
15	0.100	622.689	566.190	641.210	623.630	8.169	0.000	-35034269.576	674.051
15	0.200	626.663	566.040	680.290	630.310	16.733	0.000	-35710804.311	675.995
15	0.300	660.420	595.560	731.100	659.255	20.333	0.000	-36389893.921	679.482
15	0.400	686.803	614.000	754.970	687.510	17.195	0.000	-37076760.827	691.086
15	0.500	698.216	621.650	766.540	698.450	17.125	0.000	-37783712.375	719.510
15	0.600	710.717	640.370	814.740	710.460	19.390	0.000	-38523577.319	757.679
15	0.700	726.255	660.920	873.500	725.180	23.077	0.000	-39301183.948	794.395
15	0.800	742.777	674.440	881.280	740.975	26.794	0.000	-40102789.244	804.809
15	0.990	785.498	716.420	896.780	782.545	34.585	0.000	-40894085.109	775.135
16	0.000	617.690	617.690	617.690	617.690	0.000	0.000	-43215.593	0.916
16	0.100	631.673	600.310	677.460	631.620	9.668	0.000	-41574663.235	846.508
16	0.200	658.698	613.900	715.540	651.815	23.986	0.000	-42413663.376	828.830
16	0.300	686.337	622.630	745.870	686.745	17.536	0.000	-43242503.033	823.975
16	0.400	704.793	657.870	787.210	703.845	20.304	0.000	-44073590.038	834.946
16	0.500	721.327	665.080	810.610	719.250	23.087	0.000	-44923654.899	859.813
16	0.600	743.113	674.750	833.580	743.560	25.397	0.000	-45795699.747	881.405
16	0.700	764.732	696.080	873.240	764.555	26.826	0.000	-46690305.513	904.373
16	0.800	786.848	719.780	906.810	786.005	26.541	0.000	-47608136.305	927.479
16	0.990	828.166	760.220	957.220	824.485	33.298	0.000	-48546410.622	949.524
17	0.000	601.940	601.940	601.940	601.940	0.000	0.000	-48328.888	0.758
17	0.100	609.722	575.860	638.540	610.660	11.123	0.000	-49529262.030	742.668
17	0.200	619.163	584.950	679.340	616.415	15.573	0.000	-50268323.369	733.315
17	0.300	649.183	595.010	710.900	652.680	22.855	0.000	-51006539.840	738.385
17	0.400	675.316	619.290	760.070	676.155	21.546	0.000	-51758009.548	761.009
17	0.500	699.448	636.180	789.510	696.635	25.121	0.000	-52545936.412	813.704
17	0.600	729.108	662.530	805.470	726.490	28.492	0.000	-53389303.852	868.265
17	0.700	755.835	681.580	845.330	755.445	29.721	0.000	-54276079.096	902.707
17	0.800	777.958	697.350	878.490	779.115	29.428	0.000	-55172150.542	885.370
17	0.990	813.787	732.370	930.920	813.525	28.580	0.000	-56033877.016	836.079
18	0.000	541.350	541.350	541.350	541.350	0.000	0.000	-55625.525	0.546
18	0.100	544.368	518.250	583.130	541.560	12.848	0.000	-56737241.145	566.025
18	0.200	564.832	536.100	600.710	567.380	11.563	0.000	-57338888.465	634.739
18	0.300	579.064	548.680	629.980	576.995	12.816	0.000	-57990349.996	664.291
18	0.400	598.507	562.730	658.800	595.440	17.177	0.000	-58637432.492	627.716
18	0.500	618.096	574.360	688.710	617.275	18.809	0.000	-59254374.452	603.200
18	0.600	643.017	594.190	728.380	642.325	21.818	0.000	-59845513.258	576.990
18	0.700	667.944	617.950	751.020	666.125	22.673	0.000	-60414733.801	558.174
18	0.800	689.705	635.420	785.970	688.830	23.698	0.000	-60968047.908	545.431
18	0.990	727.864	678.030	867.900	723.065	29.575	0.000	-61508562.300	533.763
19	0.000	586.490	586.490	586.490	586.490	0.000	0.000	-60948.652	0.840
19	0.100	602.696	586.850	624.230	602.200	4.561	0.000	-62199808.114	844.756
19	0.200	617.593	594.950	653.000	616.650	10.368	0.000	-63014169.197	779.647
19	0.300	636.165	605.690	684.370	636.495	14.847	0.000	-63790733.629	769.569
19	0.400	659.171	624.310	720.880	656.920	16.838	0.000	-64565897.724	777.433
19	0.500	675.434	633.040	730.340	674.385	16.594	0.000	-65352088.190	792.339
19	0.600	697.087	652.740	766.320	696.005	20.308	0.000	-66158957.298	817.533
19	0.700	720.818	673.940	813.260	717.390	23.165	0.000	-66992056.908	846.663
19	0.800	744.882	695.720	833.700	743.750	24.439	0.000	-67856034.336	877.862
19	0.990	787.134	736.830	880.100	781.845	27.781	0.000	-68739680.727	884.876
20	0.000	585.940	585.940	585.940	585.940	0.000	0.000	-68355.415	0.722
20	0.100	583.163	560.620	630.090	582.065	11.882	0.000	-69537946.347	706.973
20	0.200	602.246	567.860	659.660	594.890	20.158	0.000	-70226443.648	667.323
20	0.300	630.896	588.990	670.640	639.115	19.756	0.000	-70891700.762	659.516
20	0.400	648.461	605.110	694.980	651.240	15.377	0.000	-71560581.698	675.109
20	0.500	666.760	619.210	744.620	665.860	17.769	0.000	-72249457.835	699.609
20	0.600	692.590	635.120	828.500	690.640	22.184	0.000	-72968298.075	734.953
20	0.700	717.869	658.650	872.520	714.060	27.048	0.000	-73730917.041	786.762
20	0.800	742.442	680.930	886.700	735.885	31.378	0.000	-74539224.019	828.588
20	0.990	789.912	717.020	904.860	786.345	36.496	0.000	-75358284.784	804.717
21	0.000	565.710	565.710	565.710	565.710	0.000	0.000	2887.669	0.515
21	0.100	570.494	555.530	609.210	568.890	7.961	0.000	1786995.705	544.098
21	0.200	600.395	567.660	637.290	600.100	10.938	0.000	1240537.819	545.277
21	0.300	614.122	578.760	646.450	614.755	13.544	0.000	686158.675	560.978
21	0.400	635.042	592.760	680.800	635.395	14.042	0.000	114967.773	578.211
21	0.500	652.343	602.940	714.150	651.625	15.109	0.000	-479915.898	609.676
21	0.600	673.500	625.460	754.080	670.480	20.738	0.000	-1103577.287	634.160
21	0.700	699.618	646.250	795.320	696.835	25.876	0.000	-1748068.424	652.111
21	0.800	724.131	661.260	821.290	723.260	28.436	0.000	-2398277.151	646.126
21	0.990	767.733	703.810	898.650	766.750	30.107	0.000	-3030296.749	614.513
22	0.000	568.030	568.030	568.030	568.030	0.000	0.000	-5271.118	1.094
22	0.100	625.428	580.860	694.960	623.025	16.542	0.000	-3738964.908	1063.174
22	0.200	672.080	615.720	709.780	675.100	16.197	0.000	-4781325.466	1018.557
22	0.300	683.959	641.060	730.120	683.730	12.306	0.000	-5793098.174	1002.907
22	0.400	692.046	653.140	753.260	689.210	15.306	0.000	-6812100.361	1029.308
22	0.500	709.047	670.710	776.980	707.045	20.230	0.000	-7865880.383	1072.118
22	0.600	735.176	674.750	809.220	734.475	24.860	0.000	-8959065.307	1111.890
22	0.700	762.746	697.670	857.170	762.645	26.582	0.000	-10094620.932	1155.981
22	0.800	784.620	712.800	889.750	784.310	28.616	0.000	-11278459.025	1207.432
22	0.990	829.568	752.410	949.730	826.765	35.436	0.000	-12521627.468	1273.740
23	0.000	634.670	634.670	634.670	634.670	0.000	0.000	-15224.988	1.381
23	0.100	648.973	630.390	681.300	648.075	8.051	0.000	-13841413.954	1359.673
23	0.200	686.333	642.750	741.500	684.970	18.445	0.000	-15159707.120	1273.386
23	0.300	709.726	661.300	761.290	709.945	16.889	0.000	-16404027.576	1210.296
23	0.400	731.574	685.830	802.710	728.955	20.862	0.000	-17605896.797	1189.148
23	0.500	755.152	703.350	839.620	753.245	25.245	0.000	-18795562.658	1185.503
23	0.600	783.514	716.100	882.160	783.330	27.329	0.000	-19991566.076	1201.459
23	0.700	807.104	737.000	898.270	804.950	28.010	0.000	-21211610.709	1235.857
23	0.800	830.130	771.820	923.920	827.900	28.990	0.000	-22468833.351	1277.324
23	0.990	872.236	793.110	979.220	870.645	32.910	0.000	-23790237.948	1359.718
24	0.000	557.700	557.700	557.700	557.700	0.000	0.000	-26537.777	0.913
24	0.100	615.429	557.960	640.360	617.065	9.683	0.000	-24902165.605	857.139
24	0.200	630.371	587.440	668.280	630.490	10.692	0.000	-25753068.579	840.501
24	0.300	651.193	610.750	708.840	649.355	17.985	0.000	-26585614.298	821.131
24	0.400	676.470	619.880	725.140	675.815	19.618	0.000	-27420942.643	845.761
24	0.500	693.177	629.800	755.490	693.950	19.892	0.000	-28292882.846	893.881
24	0.600	711.747	652.330	771.830	713.680	20.801	0.000	-29219626.728	956.312
24	0.700	729.096	663.970	796.000	729.630	21.944	0.000	-30202074.825	1005.303
24	0.800	748.437	681.750	837.420	747.020	23.560	0.000	-31232770.267	1053.822
24	0.990	782.329	726.900	908.880	779.435	28.191	0.000	-32275849.252	1028.721
25	0.000	549.960	549.960	549.960	549.960	0.000	0.000	-32097.052	0.745
25	0.100	565.004	544.220	626.470	563.645	9.846	0.000	-33301583.314	750.866
25	0.200	586.723	555.190	669.200	584.275	16.460	0.000	-34057173.166	757.581
25	0.300	618.799	578.400	688.350	616.620	19.304	0.000	-34825448.926	775.560
25	0.400	647.883	600.810	712.690	646.045	20.474	0.000	-35619382.919	808.571
25	0.500	674.586	620.690	742.510	674.895	20.056	0.000	-36441833.143	832.848
25	0.600	698.227	640.960	756.680	699.120	18.408	0.000	-37293759.747	867.484
25	0.700	715.409	667.240	810.490	714.220	19.675	0.000	-38181390.155	904.831
25	0.800	732.315	674.390	831.800	731.365	22.416	0.000	-39088147.981	904.822
25	0.990	768.090	715.510	880.360	765.090	27.137	0.000	-39970262.447	857.518
26	0.000	635.750	635.750	635.750	635.750	0.000	0.000	-42333.283	1.553
26	0.100	635.535	616.020	670.060	635.330	5.969	0.000	-40990250.729	1439.633
26	0.200	653.551	626.370	722.230	649.510	16.672	0.000	-42369664.527	1316.470
26	0.300	686.249	639.870	739.410	688.710	18.338	0.000	-43636317.545	1213.523
26	0.400	708.213	654.940	767.650	707.370	18.428	0.000	-44841914.800	1193.360
26	0.500	724.624	674.310	790.600	722.910	18.989	0.000	-46050124.032	1217.228
26	0.600	743.531	684.870	818.010	743.275	20.052	0.000	-47292245.170	1263.171
26	0.700	762.489	714.880	832.180	762.340	19.715	0.000	-48592631.567	1332.543
26	0.800	779.660	729.030	857.670	778.315	22.805	0.000	-49959800.364	1396.081
26	0.990	820.472	763.740	929.470	817.720	29.194	0.000	-51407589.056	1498.442
27	0.000	542.990	542.990	542.990	542.990	0.000	0.000	-51464.363	0.747
27	0.100	576.211	552.670	606.630	575.645	6.625	0.000	-52638208.022	689.134
27	0.200	579.207	552.050	624.030	577.470	12.721	0.000	-53341139.067	713.971
27	0.300	597.552	559.420	639.460	596.495	14.270	0.000	-54068147.044	737.595
27	0.400	615.376	576.920	666.670	615.825	15.170	0.000	-54833626.139	788.578
27	0.500	632.052	598.910	709.520	629.030	16.331	0.000	-55648921.758	841.008
27	0.600	658.373	619.630	739.160	654.375	21.829	0.000	-56513513.666	884.215
27	0.700	684.573	637.380	777.490	681.870	24.468	0.000	-57408479.529	900.989
27	0.800	710.997	660.610	792.330	709.775	25.485	0.000	-58296108.513	872.154
27	0.990	748.524	695.600	865.640	745.800	26.566	0.000	-59140061.150	813.030
28	0.000	557.810	557.810	557.810	557.810	0.000	0.000	-58720.220	0.849
28	0.100	576.802	546.910	610.480	576.100	8.741	0.000	-59957748.842	816.744
28	0.200	592.451	553.490	645.890	590.215	16.237	0.000	-60770403.031	804.662
28	0.300	611.958	564.050	650.920	611.845	14.279	0.000	-61587543.048	825.866
28	0.400	621.310	576.510	670.390	622.145	13.982	0.000	-62431818.923	859.640
28	0.500	634.204	592.450	699.780	632.325	17.142	0.000	-63313155.311	899.149
28	0.600	655.429	613.680	742.570	654.290	20.024	0.000	-64244930.409	961.820
28	0.700	676.811	636.880	789.310	671.410	23.815	0.000	-65233957.104	1011.837
28	0.800	700.230	652.660	802.670	693.150	29.794	0.000	-66256565.463	1029.664
28	0.990	753.320	698.860	869.920	749.760	33.670	0.000	-67257237.722	968.303
29	0.000	538.930	538.930	538.930	538.930	0.000	0.000	-66914.421	0.563
29	0.100	565.028	539.400	608.920	561.635	14.061	0.000	-68031802.661	576.522
29	0.200	586.163	544.260	637.940	586.020	15.969	0.000	-68622162.642	602.659
29	0.300	613.997	559.200	662.870	613.865	16.493	0.000	-69249526.600	648.532
29	0.400	636.028	587.600	683.350	636.035	15.183	0.000	-69919374.201	688.754
29	0.500	653.388	607.000	737.080	652.695	16.722	0.000	-70625891.485	720.743
29	0.600	675.825	628.610	770.110	673.640	19.910	0.000	-71343891.013	712.930
29	0.700	695.783	648.430	797.870	691.300	22.877	0.000	-72045554.249	687.638
29	0.800	714.866	657.070	822.270	708.180	27.652	0.000	-72723944.088	666.353
29	0.990	753.054	694.160	867.440	750.340	34.855	0.000	-73375796.251	633.712
30	0.000	542.040	542.040	542.040	542.040	0.000	0.000	-72865.556	0.591
30	0.100	574.870	538.770	609.370	574.940	13.173	0.000	-73971439.119	554.263
30	0.200	586.921	547.020	631.400	587.230	13.816	0.000	-74552183.072	604.202
30	0.300	605.133	556.990	670.300	604.395	17.409	0.000	-75182103.915	653.022
30	0.400	628.146	573.080	693.960	629.405	17.175	0.000	-75877237.461	733.706
30	0.500	643.075	584.030	698.780	642.910	16.709	0.000	-76619019.274	746.692
30	0.600	663.170	614.670	745.140	661.980	18.945	0.000	-77350769.050	714.780
30	0.700	687.086	633.940	760.810	686.190	21.960	0.000	-78050112.931	680.255
30	0.800	711.223	648.620	795.010	711.510	25.251	0.000	-78716372.747	648.992
30	0.990	749.295	695.330	837.440	746.810	25.239	0.000	-79346462.232	608.374
31	0.000	594.990	594.990	594.990	594.990	0.000	0.000	127.309	0.967
31	0.100	617.583	582.240	639.780	618.695	9.229	0.000	1744290.518	894.212
31	0.200	626.723	596.310	665.010	626.475	9.441	0.000	856279.300	878.283
31	0.300	645.098	613.300	688.990	642.110	15.004	0.000	-477.312	831.113
31	0.400	668.815	622.340	729.660	670.280	17.614	0.000	-827805.818	821.172
31	0.500	688.179	644.660	760.210	688.070	16.363	0.000	-1671756.799	860.867
31	0.600	703.008	662.840	787.940	700.880	19.822	0.000	-2567771.707	930.428
31	0.700	723.225	675.260	812.430	721.465	24.352	0.000	-3538111.427	1004.353
31	0.800	745.494	692.480	829.770	744.405	27.477	0.000	-4574619.144	1066.137
31	0.990	789.930	723.530	936.170	787.805	31.770	0.000	-5628863.486	1038.848
32	0.000	572.000	572.000	572.000	572.000	0.000	0.000	-5454.677	0.937
32	0.100	601.391	574.100	645.050	601.180	10.790	0.000	-6708945.426	850.108
32	0.200	630.178	578.810	673.430	636.395	17.542	0.000	-7545171.467	819.198
32	0.300	640.232	588.110	685.070	643.365	17.310	0.000	-8376647.673	840.656
32	0.400	657.176	608.590	719.820	656.915	21.451	0.000	-9255354.434	912.464
32	0.500	678.020	623.650	754.740	676.010	22.714	0.000	-10207278.082	988.305
32	0.600	700.377	647.070	797.370	700.590	24.055	0.000	-11219744.795	1033.774
32	0.700	724.042	668.760	808.360	722.905	24.569	0.000	-12263130.753	1049.115
32	0.800	742.859	687.830	835.810	741.295	24.617	0.000	-13311646.744	1043.478
32	0.990	783.560	726.030	903.510	778.220	32.061	0.000	-14316085.819	962.844
33	0.000	576.090	576.090	576.090	576.090	0.000	0.000	-13971.176	0.909
33	0.100	656.694	595.760	687.780	661.800	16.241	0.000	-15204664.412	809.073
33	0.200	649.457	595.330	699.690	645.545	19.891	0.000	-16008293.948	794.051
33	0.300	655.067	600.510	703.910	653.465	16.801	0.000	-16798176.743	782.036
33	0.400	664.679	622.090	748.800	662.550	16.601	0.000	-17586296.370	792.750
33	0.500	680.182	642.410	781.770	677.035	19.186	0.000	-18392679.081	816.108
33	0.600	704.524	652.050	838.830	700.625	26.901	0.000	-19227006.473	848.248
33	0.700	734.136	671.930	873.580	728.740	33.081	0.000	-20092380.453	879.658
33	0.800	764.392	691.630	879.740	762.510	35.354	0.000	-20992988.514	919.425
33	0.990	817.880	728.600	946.090	819.005	34.961	0.000	-21929778.025	950.246
34	0.000	694.630	694.630	694.630	694.630	0.000	0.000	-24338.837	1.356
34	0.100	703.991	676.650	730.590	704.290	8.921	0.000	-22931156.923	1311.793
34	0.200	712.005	687.080	774.280	711.145	10.046	0.000	-24213142.640	1249.003
34	0.300	734.017	688.660	809.040	729.525	19.778	0.000	-25423812.929	1168.746
34	0.400	760.405	702.180	834.280	760.730	19.953	0.000	-26581313.715	1141.128
34	0.500	784.109	730.700	852.000	783.875	20.937	0.000	-27726122.869	1143.743
34	0.600	810.548	740.570	898.530	810.065	24.194	0.000	-28887908.218	1176.635
34	0.700	834.494	764.180	909.270	834.755	24.870	0.000	-30093355.070	1227.580
34	0.800	858.490	788.930	943.510	857.920	24.946	0.000	-31355947.935	1297.336
34	0.990	899.312	831.560	1011.970	897.725	26.866	0.000	-32710427.968	1407.744
35	0.000	591.300	591.300	591.300	591.300	0.000	0.000	-35482.097	0.852
35	0.100	583.153	558.540	626.270	584.770	9.804	0.000	-33832716.891	829.625
35	0.200	599.095	563.240	657.880	601.370	17.372	0.000	-34658881.630	818.453
35	0.300	626.167	581.460	702.330	622.880	22.003	0.000	-35482868.206	826.379
35	0.400	657.201	605.770	720.580	657.755	23.795	0.000	-36324463.498	853.706
35	0.500	677.255	627.140	747.680	676.690	21.860	0.000	-37203078.179	901.185
35	0.600	694.643	641.920	776.890	693.225	23.452	0.000	-38131700.047	953.162
35	0.700	710.441	657.560	802.730	709.005	25.259	0.000	-39110825.725	999.874
35	0.800	734.277	680.450	828.420	731.850	30.281	0.000	-40128743.071	1033.981
35	0.990	777.664	718.820	898.730	773.545	32.378	0.000	-41139020.338	983.242
36	0.000	611.460	611.460	611.460	611.460	0.000	0.000	-43697.873	1.287
36	0.100	630.395	601.010	670.290	631.200	11.014	0.000	-42273851.368	1279.127
36	0.200	638.975	609.000	693.210	634.200	16.234	0.000	-43511029.118	1192.440
36	0.300	663.508	622.350	713.700	663.805	16.341	0.000	-44666888.671	1114.484
36	0.400	677.882	645.510	783.570	674.315	16.982	0.000	-45782418.237	1112.887
36	0.500	700.715	652.540	798.130	696.095	24.165	0.000	-46919466.228	1154.475
36	0.600	733.597	673.490	845.770	732.320	29.580	0.000	-48094622.915	1193.601
36	0.700	764.029	692.180	851.860	764.985	31.243	0.000	-49319740.484	1254.105
36	0.800	789.553	713.600	885.220	790.775	30.325	0.000	-50602234.382	1306.924
36	0.990	829.274	756.960	963.070	828.985	28.420	0.000	-51951236.685	1386.310
37	0.000	551.660	551.660	551.660	551.660	0.000	0.000	-51950.798	0.770
37	0.100	555.329	533.600	585.340	555.735	8.648	0.000	-53156278.410	753.684
37	0.200	570.370	550.580	613.580	569.540	10.421	0.000	-53916352.311	762.927
37	0.300	588.543	563.510	664.680	584.470	15.892	0.000	-54691152.108	783.437
37	0.400	620.207	582.710	703.740	616.290	21.554	0.000	-55498691.941	828.927
37	0.500	649.064	603.840	722.610	648.735	20.383	0.000	-56354491.549	879.479
37	0.600	674.662	628.540	759.720	673.275	21.337	0.000	-57249596.528	907.940
37	0.700	698.489	646.200	774.850	695.035	24.560	0.000	-58157632.120	904.518
37	0.800	720.469	662.090	810.990	718.845	27.744	0.000	-59048469.394	874.412
37	0.990	760.754	695.330	861.580	761.500	28.083	0.000	-59894667.742	814.920
38	0.000	558.840	558.840	558.840	558.840	0.000	0.000	-59475.818	0.680
38	0.100	603.310	554.850	648.290	603.925	14.240	0.000	-60632887.945	655.755
38	0.200	618.145	576.370	663.540	619.235	15.447	0.000	-61296945.846	669.087
38	0.300	633.448	582.690	685.520	633.785	17.202	0.000	-61990919.585	716.663
38	0.400	652.063	602.600	722.530	651.195	18.738	0.000	-62739968.590	780.496
38	0.500	673.149	619.070	733.990	672.445	19.009	0.000	-63555970.785	847.212
38	0.600	694.973	649.330	761.230	694.075	19.330	0.000	-64393164.662	825.070
38	0.700	711.561	655.670	805.830	710.430	21.602	0.000	-65202135.274	789.973
38	0.800	731.504	671.090	828.430	729.375	24.469	0.000	-65977815.520	759.017
38	0.990	769.909	708.100	900.400	766.495	32.787	0.000	-66717927.104	716.727
39	0.000	578.310	578.310	578.310	578.310	0.000	0.000	-66249.444	0.715
39	0.100	604.322	573.910	631.200	604.975	11.505	0.000	-67415485.817	674.025
39	0.200	607.453	575.620	659.100	607.920	14.836	0.000	-68092093.847	676.252
39	0.300	627.608	583.320	672.620	630.505	19.486	0.000	-68791933.894	719.641
39	0.400	649.480	592.500	710.030	651.190	19.293	0.000	-69532753.658	759.587
39	0.500	672.329	613.290	733.130	670.675	18.928	0.000	-70310461.828	791.826
39	0.600	694.327	638.360	766.650	693.415	20.688	0.000	-71126048.569	836.728
39	0.700	717.306	655.910	800.900	715.540	23.309	0.000	-71974253.877	857.732
39	0.800	739.852	671.810	843.930	737.535	26.432	0.000	-72833307.703	857.412
39	0.990	790.543	714.170	908.400	788.450	34.680	0.000	-73665077.143	802.557
40	0.000	645.670	645.670	645.670	645.670	0.000	0.000	-75999.818	1.351
40	0.100	672.517	644.050	696.680	673.195	9.310	0.000	-74682741.827	1494.307
40	0.200	709.295	665.140	790.690	699.395	28.996	0.000	-76177283.368	1489.096
40	0.300	748.899	683.750	818.020	750.755	31.088	0.000	-77631441.957	1414.355
40	0.400	769.871	709.120	827.780	775.450	24.111	0.000	-79025760.568	1370.595
40	0.500	780.960	720.030	844.340	783.430	20.746	0.000	-80393550.202	1360.144
40	0.600	799.488	743.640	883.730	799.060	20.109	0.000	-81748287.133	1345.633
40	0.700	822.968	774.980	925.830	819.760	25.040	0.000	-83093851.246	1340.339
40	0.800	849.407	794.360	972.280	843.455	31.465	0.000	-84435362.302	1339.642
40	0.990	896.563	827.840	1037.430	893.695	37.064	0.000	-85795262.585	1374.981
41	0.000	589.650	589.650	589.650	589.650	0.000	0.000	127.309	0.869
41	0.100	606.703	578.120	641.720	609.240	10.775	0.000	1752608.795	877.503
41	0.200	618.160	574.700	652.870	618.605	11.767	0.000	889936.403	844.849
41	0.300	623.718	588.370	673.330	623.085	13.924	0.000	43537.686	844.262
41	0.400	640.545	596.880	702.450	639.450	18.247	0.000	-818835.874	877.560
41	0.500	661.688	619.580	729.090	659.580	19.544	0.000	-1721973.541	922.139
41	0.600	687.079	638.770	756.470	686.900	21.924	0.000	-2680141.273	992.471
41	0.700	710.469	658.810	804.640	709.580	22.505	0.000	-3704575.915	1054.410
41	0.800	730.379	680.980	826.070	728.855	23.554	0.000	-4781741.765	1095.817
41	0.990	765.610	715.200	862.540	761.515	27.931	0.000	-5848795.715	1034.262
42	0.000	523.670	523.670	523.670	523.670	0.000	0.000	-5672.285	0.577
42	0.100	542.025	518.780	589.400	538.060	12.031	0.000	-6779318.084	556.625
42	0.200	576.559	534.730	630.830	576.855	14.939	0.000	-7345167.735	572.303
42	0.300	603.180	548.790	649.540	603.275	17.791	0.000	-7940054.291	614.361
42	0.400	623.672	570.540	669.580	624.490	16.935	0.000	-8589848.898	681.653
42	0.500	643.174	593.770	703.330	643.505	17.805	0.000	-9268602.526	673.148
42	0.600	666.425	609.470	733.390	665.545	20.426	0.000	-9928300.202	643.611
42	0.700	687.822	629.280	763.030	686.045	20.855	0.000	-10560688.653	618.895
42	0.800	707.096	650.670	772.180	706.280	22.086	0.000	-11170605.717	598.072
42	0.990	742.556	688.920	824.140	740.990	24.777	0.000	-11756017.230	570.777
43	0.000	620.100	620.100	620.100	620.100	0.000	0.000	-13974.883	1.065
43	0.100	622.819	590.470	642.200	623.125	7.201	0.000	-12394924.635	967.218
43	0.200	635.082	604.880	674.170	634.535	12.147	0.000	-13342259.632	925.005
43	0.300	655.988	615.370	711.530	656.465	13.197	0.000	-14256997.308	900.570
43	0.400	668.401	634.850	725.620	667.875	12.877	0.000	-15171220.841	924.569
43	0.500	685.059	653.210	759.110	683.515	15.577	0.000	-16117515.831	963.686
43	0.600	710.960	674.800	802.760	708.445	20.302	0.000	-17107902.256	1014.904
43	0.700	740.176	696.450	879.220	735.065	25.381	0.000	-18152438.842	1071.151
43	0.800	767.593	716.600	862.270	762.225	28.087	0.000	-19249000.651	1117.450
43	0.990	819.414	755.030	965.630	815.525	31.980	0.000	-20361802.667	1102.879
44	0.000	647.640	647.640	647.640	647.640	0.000	0.000	-22978.875	1.114
44	0.100	679.699	636.860	705.470	681.405	13.477	0.000	-21404068.716	977.986
44	0.200	690.850	655.180	740.440	690.325	9.974	0.000	-22370283.581	950.302
44	0.300	703.923	673.660	763.500	702.610	12.888	0.000	-23324813.623	955.966
44	0.400	721.561	675.290	795.890	718.210	19.787	0.000	-24293880.889	978.904
44	0.500	744.144	683.600	803.470	743.730	22.650	0.000	-25297440.558	1022.904
44	0.600	770.038	704.030	834.280	771.790	21.314	0.000	-26357590.459	1094.495
44	0.700	787.612	717.810	856.120	789.025	21.369	0.000	-27497804.893	1183.379
44	0.800	805.421	735.540	875.270	805.835	21.090	0.000	-28712081.480	1241.937
44	0.990	834.421	778.660	941.400	833.400	22.924	0.000	-29938267.885	1206.301
45	0.000	579.220	579.220	579.220	579.220	0.000	0.000	-29848.636	0.876
45	0.100	626.992	577.070	651.890	627.735	9.699	0.000	-31063382.927	771.415
45	0.200	638.883	596.130	685.980	640.055	12.277	0.000	-31835385.551	768.920
45	0.300	655.744	599.350	718.980	653.815	18.312	0.000	-32617247.190	791.403
45	0.400	677.170	619.510	727.570	678.065	18.443	0.000	-33440311.845	850.831
45	0.500	693.435	635.490	748.690	693.445	19.077	0.000	-34324167.395	915.785
45	0.600	713.519	662.620	781.140	712.440	20.086	0.000	-35271456.315	975.516
45	0.700	736.052	673.040	803.770	736.580	21.537	0.000	-36258176.426	994.601
45	0.800	758.531	702.410	830.920	758.085	23.084	0.000	-37240701.711	966.675
45	0.990	800.488	726.860	919.910	797.690	27.915	0.000	-38169619.210	889.567
46	0.000	648.710	648.710	648.710	648.710	0.000	0.000	-40548.822	1.088
46	0.100	665.569	645.830	698.540	665.310	8.498	0.000	-38981747.916	993.626
46	0.200	677.090	652.830	737.040	675.185	10.066	0.000	-39958361.608	956.377
46	0.300	701.869	647.200	796.780	694.665	27.421	0.000	-40918520.248	960.315
46	0.400	741.066	665.850	813.110	741.810	30.823	0.000	-41892694.926	984.780
46	0.500	765.295	685.070	826.800	761.485	28.209	0.000	-42896479.829	1019.866
46	0.600	786.075	694.270	848.340	789.835	24.109	0.000	-43937034.593	1057.897
46	0.700	805.527	738.020	870.950	807.855	22.101	0.000	-45022471.991	1108.875
46	0.800	821.987	746.680	902.440	822.325	20.827	0.000	-46158560.838	1158.130
46	0.990	852.308	790.320	960.120	849.995	25.602	0.000	-47315608.156	1151.757
47	0.000	533.980	533.980	533.980	533.980	0.000	0.000	-47197.593	0.733
47	0.100	552.491	540.870	589.000	552.875	4.398	0.000	-48384441.090	715.631
47	0.200	582.954	550.590	621.900	584.000	16.504	0.000	-49096755.496	705.615
47	0.300	604.162	564.280	654.740	604.560	13.663	0.000	-49821864.366	742.510
47	0.400	622.287	581.400	679.400	621.520	14.532	0.000	-50595227.307	799.712
47	0.500	641.354	600.510	710.730	638.565	17.405	0.000	-51428916.602	866.762
47	0.600	659.329	611.770	746.100	656.045	22.839	0.000	-52322288.924	915.427
47	0.700	683.045	629.980	768.290	678.700	27.736	0.000	-53225755.441	891.418
47	0.800	712.273	650.690	822.680	711.025	29.501	0.000	-54094842.319	842.790
47	0.990	759.617	696.120	897.350	758.150	29.680	0.000	-54903019.882	769.426
48	0.000	537.280	537.280	537.280	537.280	0.000	0.000	-54461.398	0.589
48	0.100	548.725	513.810	577.380	551.585	13.038	0.000	-55583806.537	587.032
48	0.200	549.605	523.710	585.020	549.405	12.077	0.000	-56188780.735	620.321
48	0.300	558.051	531.830	615.860	556.075	13.099	0.000	-56837486.825	673.282
48	0.400	585.456	556.240	668.300	584.710	16.311	0.000	-57536385.375	722.287
48	0.500	614.371	579.610	713.710	607.385	22.576	0.000	-58275094.111	751.804
48	0.600	648.736	597.340	757.980	644.095	30.386	0.000	-59039723.853	774.721
48	0.700	680.721	615.680	778.710	680.120	32.320	0.000	-59803111.146	750.021
48	0.800	709.664	636.250	825.490	709.090	31.899	0.000	-60537656.423	716.044
48	0.990	750.754	674.320	848.040	749.470	30.376	0.000	-61229419.987	664.520
49	0.000	620.990	620.990	620.990	620.990	0.000	0.000	-60734.955	0.896
49	0.100	626.146	595.570	658.900	627.105	9.960	0.000	-61968056.987	807.192
49	0.200	627.460	597.060	665.140	626.910	10.600	0.000	-62765377.685	784.511
49	0.300	641.420	603.590	684.950	640.735	11.835	0.000	-63565420.864	812.135
49	0.400	660.007	626.860	712.590	659.250	13.955	0.000	-64395623.698	844.052
49	0.500	678.781	632.900	733.770	677.735	15.519	0.000	-65271779.800	906.537
49	0.600	699.345	649.920	763.860	697.755	19.469	0.000	-66212930.854	973.127
49	0.700	721.170	666.330	792.510	720.100	22.510	0.000	-67198384.721	992.158
49	0.800	743.318	687.720	827.190	742.215	25.376	0.000	-68175225.936	958.897
49	0.990	788.672	725.730	889.040	786.785	28.239	0.000	-69102539.721	892.709
50	0.000	542.420	542.420	542.420	542.420	0.000	0.000	-68722.001	0.604
50	0.100	559.843	532.920	592.620	560.005	7.887	0.000	-69850516.384	599.632
50	0.200	570.304	539.680	617.340	569.355	11.442	0.000	-70457888.078	611.600
50	0.300	582.956	551.430	635.510	579.840	15.105	0.000	-71078143.265	626.335
50	0.400	601.137	556.850	654.130	602.155	17.356	0.000	-71722035.847	658.238
50	0.500	617.602	572.750	669.420	619.145	15.679	0.000	-72400083.181	694.171
50	0.600	634.526	594.100	697.310	634.555	16.929	0.000	-73114537.878	732.670
50	0.700	651.132	613.340	732.340	648.215	19.516	0.000	-73856205.947	747.336
50	0.800	671.381	632.350	755.390	667.560	23.905	0.000	-74599615.799	735.365
50	0.990	714.076	674.430	800.000	711.645	23.249	0.000	-75318733.814	702.492
51	0.000	510.270	510.270	510.270	510.270	0.000	0.000	4291.812	0.459
51	0.100	544.811	494.770	595.050	548.345	15.155	0.000	1910403.646	477.899
51	0.200	571.382	512.060	613.980	569.665	16.333	0.000	1409818.580	519.946
51	0.300	589.052	544.700	644.830	589.830	14.128	0.000	880678.259	537.295
51	0.400	605.696	554.940	654.380	604.100	16.193	0.000	337191.641	547.763
51	0.500	624.196	579.340	678.110	623.155	18.268	0.000	-200238.845	524.348
51	0.600	644.906	598.140	748.390	643.110	21.440	0.000	-716470.298	505.383
51	0.700	666.377	606.350	763.630	664.230	26.499	0.000	-1215720.630	490.648
51	0.800	691.262	629.540	800.190	689.580	28.996	0.000	-1701650.557	478.728
51	0.990	735.697	668.870	851.300	736.655	30.593	0.000	-2174670.119	464.650
52	0.000	536.780	536.780	536.780	536.780	0.000	0.000	-1670.278	0.649
52	0.100	543.564	521.560	576.100	540.885	9.727	0.000	-2831506.046	664.787
52	0.200	558.694	518.760	581.470	560.325	10.115	0.000	-3498690.062	666.523
52	0.300	569.325	533.280	609.000	571.155	11.219	0.000	-4185336.411	704.052
52	0.400	583.423	546.100	622.490	583.055	12.097	0.000	-4905091.984	732.043
52	0.500	597.632	565.780	680.700	595.965	13.506	0.000	-5661907.787	779.284
52	0.600	618.674	583.770	686.790	613.550	19.076	0.000	-6465612.084	824.770
52	0.700	645.375	604.980	743.770	640.670	24.266	0.000	-7308305.952	859.339
52	0.800	674.929	625.000	784.720	672.185	27.221	0.000	-8159591.686	839.485
52	0.990	727.509	676.010	870.690	721.280	31.373	0.000	-8964664.919	768.867
53	0.000	578.140	578.140	578.140	578.140	0.000	0.000	-11283.444	0.974
53	0.100	610.833	580.240	649.770	610.945	9.112	0.000	-9674692.869	910.250
53	0.200	632.459	588.260	695.980	630.455	16.708	0.000	-10569857.418	876.660
53	0.300	657.313	609.370	718.380	657.545	18.139	0.000	-11444616.019	870.092
53	0.400	673.988	627.570	726.280	673.510	18.023	0.000	-12326830.634	890.478
53	0.500	687.971	637.890	743.290	688.505	18.267	0.000	-13236104.182	923.746
53	0.600	706.505	656.590	784.070	704.680	18.919	0.000	-14181385.607	963.460
53	0.700	726.854	674.590	804.760	726.495	21.036	0.000	-15171854.247	1014.107
53	0.800	746.350	690.810	822.450	744.940	23.121	0.000	-16216839.123	1072.230
53	0.990	783.806	726.640	926.420	780.915	28.386	0.000	-17285741.460	1062.560
54	0.000	494.620	494.620	494.620	494.620	0.000	0.000	-15719.362	0.420
54	0.100	514.289	486.780	545.440	517.505	13.234	0.000	-18084885.854	446.226
54	0.200	539.521	506.180	584.960	539.250	12.178	0.000	-18545896.330	473.756
54	0.300	561.826	527.180	618.130	560.010	14.313	0.000	-19027550.333	486.815
54	0.400	583.298	546.030	640.420	583.090	15.552	0.000	-19519108.515	493.982
54	0.500	602.848	558.710	673.960	601.300	17.085	0.000	-20009343.350	483.882
54	0.600	624.044	575.940	685.400	624.030	17.621	0.000	-20486057.043	467.455
54	0.700	644.163	595.630	711.900	643.745	18.448	0.000	-20947076.295	452.078
54	0.800	659.302	617.660	727.880	656.835	18.389	0.000	-21396060.387	443.272
54	0.990	679.809	652.020	755.180	675.635	16.943	0.000	-21836821.000	435.868
55	0.000	607.920	607.920	607.920	607.920	0.000	0.000	-24078.544	0.949
55	0.100	611.301	588.260	642.150	611.170	10.199	0.000	-22438259.971	846.847
55	0.200	612.321	589.280	651.530	612.160	9.134	0.000	-23281772.109	837.498
55	0.300	626.334	585.880	686.530	623.805	15.684	0.000	-24122011.392	838.806
55	0.400	650.581	600.660	740.990	651.475	19.842	0.000	-24966437.955	846.370
55	0.500	671.446	620.700	740.680	671.185	19.878	0.000	-25825378.348	867.896
55	0.600	693.015	640.690	771.060	692.770	21.188	0.000	-26706735.895	890.262
55	0.700	714.839	660.680	800.150	713.775	23.421	0.000	-27615918.330	924.842
55	0.800	736.749	680.400	822.490	736.120	24.450	0.000	-28559205.531	959.435
55	0.990	775.393	706.320	867.510	774.165	27.149	0.000	-29548503.048	1013.464
56	0.000	588.190	588.190	588.190	588.190	0.000	0.000	-32121.288	0.935
56	0.100	622.194	582.100	664.670	618.985	17.999	0.000	-30476852.328	839.078
56	0.200	654.368	604.160	712.670	653.835	17.925	0.000	-31304187.486	812.277
56	0.300	666.545	614.100	747.310	665.570	19.485	0.000	-32128904.151	833.524
56	0.400	682.207	632.750	757.600	680.545	20.776	0.000	-32995553.720	894.687
56	0.500	699.237	651.000	792.980	697.900	20.489	0.000	-33923426.102	959.643
56	0.600	719.175	666.160	787.220	717.335	20.966	0.000	-34904868.808	997.520
56	0.700	738.672	684.630	824.950	737.535	22.478	0.000	-35912609.036	1015.378
56	0.800	757.536	697.570	840.700	756.610	24.815	0.000	-36926985.911	1009.431
56	0.990	794.013	725.300	888.930	792.365	28.680	0.000	-37909014.279	951.823
57	0.000	557.070	557.070	557.070	557.070	0.000	0.000	-37691.282	0.722
57	0.100	560.102	543.450	589.920	555.015	10.996	0.000	-38870313.707	699.934
57	0.200	595.384	551.320	651.100	598.860	17.048	0.000	-39559027.594	675.100
57	0.300	610.120	574.040	659.770	609.370	11.878	0.000	-40236238.913	675.550
57	0.400	618.290	581.240	679.180	614.720	15.735	0.000	-40922005.940	692.866
57	0.500	631.925	600.190	701.140	628.255	18.473	0.000	-41627494.434	714.605
57	0.600	653.991	614.970	752.080	652.825	21.640	0.000	-42353716.213	735.372
57	0.700	676.132	631.250	774.700	672.145	23.174	0.000	-43108721.881	770.965
57	0.800	696.610	655.520	782.910	692.125	25.584	0.000	-43897083.880	801.974
57	0.990	739.263	693.380	851.780	735.860	26.184	0.000	-44710786.363	822.429
58	0.000	564.860	564.860	564.860	564.860	0.000	0.000	-47055.256	1.003
58	0.100	585.319	551.570	625.370	582.710	16.053	0.000	-45467326.001	952.090
58	0.200	605.313	560.620	657.620	605.285	19.483	0.000	-46405090.398	920.120
58	0.300	628.943	581.510	675.880	630.275	17.301	0.000	-47327281.852	920.375
58	0.400	647.434	604.920	700.810	647.375	15.913	0.000	-48253441.613	928.884
58	0.500	663.039	617.080	715.000	662.870	16.187	0.000	-49197916.074	955.926
58	0.600	678.093	634.610	728.420	677.170	16.480	0.000	-50173747.423	991.660
58	0.700	692.021	652.470	762.280	691.110	17.907	0.000	-51183977.638	1026.369
58	0.800	709.392	668.370	797.740	707.600	21.296	0.000	-52239016.224	1078.678
58	0.990	751.570	705.260	873.610	745.850	27.182	0.000	-53323257.870	1087.324
59	0.000	608.120	608.120	608.120	608.120	0.000	0.000	-55934.156	0.955
59	0.100	634.398	612.130	654.720	634.085	6.761	0.000	-54332835.599	925.414
59	0.200	642.839	618.070	675.990	642.385	9.426	0.000	-55258086.340	921.780
59	0.300	657.180	627.460	720.820	654.190	13.834	0.000	-56179707.739	917.454
59	0.400	675.882	640.630	726.840	674.855	15.926	0.000	-57110138.906	938.945
59	0.500	693.798	656.080	753.840	692.785	15.673	0.000	-58070947.874	980.665
59	0.600	714.619	674.730	767.050	714.070	16.403	0.000	-59070431.562	1013.551
59	0.700	734.468	689.910	794.150	733.925	17.632	0.000	-60103564.373	1049.538
59	0.800	753.260	705.300	812.290	752.090	18.601	0.000	-61170813.217	1082.550
59	0.990	790.484	740.210	870.610	788.135	22.223	0.000	-62243414.183	1057.428
60	0.000	531.340	531.340	531.340	531.340	0.000	0.000	-62079.055	0.760
60	0.100	575.231	546.400	599.220	575.260	9.517	0.000	-63286589.274	757.154
60	0.200	585.239	562.110	632.090	585.160	7.885	0.000	-64043190.992	752.081
60	0.300	597.200	566.740	641.340	595.885	10.599	0.000	-64815997.197	790.884
60	0.400	613.926	579.430	680.960	611.470	15.451	0.000	-65630662.350	835.048
60	0.500	633.845	593.690	692.300	633.855	16.533	0.000	-66480133.681	860.715
60	0.600	657.216	617.200	722.210	654.795	19.271	0.000	-67358498.312	891.811
60	0.700	681.096	633.500	756.810	680.440	22.110	0.000	-68262255.355	914.202
60	0.800	704.881	655.650	784.880	702.735	24.255	0.000	-69188558.796	932.130
60	0.990	748.102	692.880	856.770	744.670	26.477	0.000	-70098863.210	888.257
61	0.000	536.610	536.610	536.610	536.610	0.000	0.000	2887.668	0.540
61	0.100	543.966	510.050	582.250	542.865	12.777	0.000	1771075.229	575.593
61	0.200	562.132	528.510	600.710	563.700	14.087	0.000	1180616.275	602.126
61	0.300	585.157	540.180	634.680	584.840	14.038	0.000	559201.937	637.705
61	0.400	609.670	559.680	681.350	607.930	18.713	0.000	-103229.726	685.308
61	0.500	630.558	584.510	686.510	630.445	19.798	0.000	-780188.083	666.430
61	0.600	652.173	595.480	716.350	653.315	19.497	0.000	-1431054.969	631.501
61	0.700	671.433	617.190	732.490	671.020	20.361	0.000	-2051886.525	607.248
61	0.800	688.767	638.410	753.950	687.095	20.852	0.000	-2651954.522	589.813
61	0.990	715.620	667.650	791.340	714.285	21.426	0.000	-3233120.945	569.991
62	0.000	602.420	602.420	602.420	602.420	0.000	0.000	-5451.519	1.305
62	0.100	611.933	597.990	650.610	610.830	5.406	0.000	-3997005.311	1217.860
62	0.200	646.336	606.370	693.480	647.355	19.009	0.000	-5168609.856	1122.113
62	0.300	675.616	618.480	711.690	676.970	15.343	0.000	-6271279.941	1078.142
62	0.400	691.387	641.760	739.410	690.795	14.979	0.000	-7353438.671	1083.346
62	0.500	707.929	659.430	758.750	707.820	17.603	0.000	-8458344.014	1121.048
62	0.600	729.473	670.390	833.360	727.900	21.372	0.000	-9609458.117	1178.105
62	0.700	752.873	696.050	859.510	748.105	26.356	0.000	-10821734.230	1241.641
62	0.800	775.016	711.820	868.890	771.140	28.249	0.000	-12094367.269	1300.953
62	0.990	818.163	751.470	921.380	816.580	32.029	0.000	-13412260.886	1333.120
63	0.000	565.810	565.810	565.810	565.810	0.000	0.000	-16147.369	1.025
63	0.100	592.815	561.020	622.700	592.650	10.022	0.000	-14558989.416	950.831
63	0.200	620.417	585.920	663.360	618.960	15.137	0.000	-15486770.063	900.361
63	0.300	643.336	598.030	689.180	645.615	16.669	0.000	-16383046.014	888.918
63	0.400	661.984	615.330	720.450	661.790	15.419	0.000	-17286827.575	915.868
63	0.500	675.499	630.830	758.520	672.610	18.870	0.000	-18232997.859	972.118
63	0.600	695.443	652.700	768.860	692.725	22.187	0.000	-19235043.357	1027.596
63	0.700	717.660	662.940	791.180	715.530	25.918	0.000	-20284747.819	1068.914
63	0.800	741.353	689.730	828.950	738.970	26.160	0.000	-21372213.488	1103.943
63	0.990	782.082	723.610	891.750	779.615	30.067	0.000	-22480009.092	1105.119
64	0.000	598.790	598.790	598.790	598.790	0.000	0.000	-22338.340	0.707
64	0.100	604.821	577.990	647.940	604.270	12.231	0.000	-23524710.941	714.765
64	0.200	622.522	581.110	695.200	619.790	17.462	0.000	-24231820.070	695.540
64	0.300	640.976	592.860	694.810	640.695	20.649	0.000	-24932983.100	704.715
64	0.400	661.200	609.900	713.050	663.055	18.894	0.000	-25666371.884	757.411
64	0.500	678.268	629.500	732.230	678.655	17.027	0.000	-26459325.960	826.445
64	0.600	695.833	650.860	775.940	694.325	18.164	0.000	-27323655.799	898.342
64	0.700	713.808	670.960	804.950	710.205	20.535	0.000	-28244459.187	940.430
64	0.800	734.431	682.970	829.830	730.400	27.412	0.000	-29179008.293	926.264
64	0.990	779.753	716.790	894.310	776.845	33.179	0.000	-30080683.884	873.258
65	0.000	572.390	572.390	572.390	572.390	0.000	0.000	-29690.573	0.678
65	0.100	576.253	552.400	614.600	574.925	8.711	0.000	-30840435.467	641.595
65	0.200	595.955	558.090	638.280	594.205	11.901	0.000	-31500249.290	675.150
65	0.300	619.508	575.090	691.490	618.635	17.220	0.000	-32203795.858	728.559
65	0.400	635.826	587.720	710.200	631.765	21.229	0.000	-32967635.328	796.528
65	0.500	652.251	604.750	732.720	653.090	22.460	0.000	-33779231.077	822.645
65	0.600	670.766	615.850	752.610	666.635	24.285	0.000	-34599985.149	815.868
65	0.700	690.396	639.600	787.130	687.110	25.870	0.000	-35403592.418	789.064
65	0.800	712.222	652.380	828.830	707.455	29.204	0.000	-36181194.232	763.030
65	0.990	759.056	697.520	900.660	752.880	37.909	0.000	-36927766.368	726.646
66	0.000	589.610	589.610	589.610	589.610	0.000	0.000	-39224.987	1.114
66	0.100	636.531	588.100	670.150	644.650	17.101	0.000	-37690072.258	1057.230
66	0.200	653.564	613.950	695.220	653.650	8.319	0.000	-38731346.947	1022.528
66	0.300	666.324	629.600	708.760	665.280	12.093	0.000	-39739925.485	989.940
66	0.400	682.406	646.100	725.310	681.790	13.257	0.000	-40732493.124	991.677
66	0.500	702.415	651.830	765.020	701.410	15.346	0.000	-41740164.786	1020.665
66	0.600	723.899	677.140	782.140	722.860	17.989	0.000	-42789754.014	1076.977
66	0.700	743.625	698.730	850.720	742.355	19.776	0.000	-43900719.377	1138.253
66	0.800	762.545	715.780	830.210	759.720	21.609	0.000	-45067725.071	1190.334
66	0.990	801.195	746.460	897.940	796.400	28.286	0.000	-46282357.759	1236.391
67	0.000	542.550	542.550	542.550	542.550	0.000	0.000	-46207.319	0.520
67	0.100	546.955	526.020	574.470	546.490	6.754	0.000	-47309206.082	546.298
67	0.200	561.486	529.280	603.200	562.140	11.985	0.000	-47880061.189	593.139
67	0.300	581.856	549.410	626.810	581.030	15.025	0.000	-48492381.200	627.718
67	0.400	599.355	565.640	660.570	598.225	15.500	0.000	-49149801.578	684.745
67	0.500	620.660	588.070	692.570	614.805	20.734	0.000	-49861582.290	735.352
67	0.600	648.487	607.590	739.410	644.040	25.913	0.000	-50587577.964	715.076
67	0.700	678.919	633.350	782.990	676.245	27.913	0.000	-51288018.831	682.573
67	0.800	710.874	655.380	812.820	709.560	29.217	0.000	-51952789.072	644.819
67	0.990	759.260	698.360	865.320	757.105	29.051	0.000	-52568801.619	584.331
68	0.000	503.840	503.840	503.840	503.840	0.000	0.000	-52034.273	0.471
68	0.100	521.218	498.770	541.800	521.295	7.476	0.000	-53131339.641	537.025
68	0.200	537.756	510.580	586.780	536.830	12.527	0.000	-53681905.125	561.420
68	0.300	567.017	529.780	612.380	565.425	14.406	0.000	-54262231.276	597.144
68	0.400	594.035	547.750	663.110	593.810	16.382	0.000	-54871789.678	619.324
68	0.500	618.848	572.450	679.260	618.275	18.156	0.000	-55501301.805	636.090
68	0.600	648.112	592.980	731.770	646.160	21.564	0.000	-56125167.390	608.901
68	0.700	676.107	618.560	748.000	675.830	23.740	0.000	-56721955.443	582.966
68	0.800	697.704	634.850	768.990	696.630	23.558	0.000	-57295567.970	560.840
68	0.990	735.318	671.240	819.820	734.220	26.145	0.000	-57844677.231	535.172
69	0.000	540.700	540.700	540.700	540.700	0.000	0.000	-57285.529	0.662
69	0.100	546.054	532.980	588.950	546.315	4.370	0.000	-58438517.025	648.632
69	0.200	578.790	548.480	616.630	576.475	10.986	0.000	-59101825.088	674.933
69	0.300	588.819	564.250	659.180	583.990	17.183	0.000	-59805065.048	726.857
69	0.400	625.015	573.290	727.290	629.805	27.874	0.000	-60563265.525	786.841
69	0.500	657.985	597.630	742.840	651.190	28.291	0.000	-61378501.579	841.072
69	0.600	690.975	621.520	787.820	692.295	29.656	0.000	-62210418.903	819.944
69	0.700	717.431	645.520	819.180	717.540	30.000	0.000	-63016075.739	788.438
69	0.800	741.296	664.040	838.720	740.860	30.351	0.000	-63792324.361	760.170
69	0.990	784.148	706.210	915.610	785.525	34.201	0.000	-64533754.581	720.172
70	0.000	518.040	518.040	518.040	518.040	0.000	0.000	-64066.851	0.686
70	0.100	536.528	513.860	571.840	535.785	9.984	0.000	-65213506.049	635.987
70	0.200	563.234	529.670	609.380	561.580	12.909	0.000	-65854386.399	642.216
70	0.300	580.788	548.880	644.750	578.945	14.692	0.000	-66518927.429	685.323
70	0.400	604.178	568.110	659.140	604.195	16.020	0.000	-67229841.006	732.112
70	0.500	623.517	586.560	690.210	622.715	16.079	0.000	-67982096.454	770.707
70	0.600	645.775	602.840	737.100	643.690	19.592	0.000	-68773163.243	808.411
70	0.700	671.485	617.450	769.410	668.500	22.470	0.000	-69569933.425	781.781
70	0.800	694.741	647.400	821.720	690.755	25.143	0.000	-70331442.079	738.053
70	0.990	737.762	686.030	847.430	733.325	28.901	0.000	-71042256.174	680.829
71	0.000	622.400	622.400	622.400	622.400	0.000	0.000	2887.668	0.857
71	0.100	635.503	607.090	671.230	635.305	9.046	0.000	1684123.292	748.255
71	0.200	661.192	625.730	704.640	660.615	10.953	0.000	952049.889	713.629
71	0.300	674.856	633.990	710.240	674.170	11.617	0.000	234420.449	719.093
71	0.400	687.707	656.150	743.210	686.640	13.245	0.000	-499220.424	744.962
71	0.500	703.860	664.180	780.570	703.095	16.478	0.000	-1256114.037	765.634
71	0.600	727.213	675.850	797.820	725.820	20.562	0.000	-2030392.939	780.546
71	0.700	751.601	701.590	834.910	749.905	23.401	0.000	-2824777.488	804.842
71	0.800	774.773	718.220	870.060	773.585	24.373	0.000	-3645406.135	832.609
71	0.990	810.964	751.740	936.420	809.170	27.057	0.000	-4485537.443	844.074
72	0.000	541.230	541.230	541.230	541.230	0.000	0.000	-4079.880	0.386
72	0.100	556.763	523.500	595.220	558.000	13.114	0.000	-5115802.365	414.764
72	0.200	570.046	525.200	617.550	570.785	15.578	0.000	-5556242.683	464.993
72	0.300	580.379	533.280	623.640	581.080	13.942	0.000	-6049547.723	518.657
72	0.400	595.753	556.210	647.690	595.220	14.796	0.000	-6560618.917	502.105
72	0.500	614.980	571.980	668.860	613.505	15.620	0.000	-7051190.231	476.742
72	0.600	632.582	585.370	707.830	630.450	19.711	0.000	-7517011.679	452.118
72	0.700	654.744	601.110	753.810	652.620	25.645	0.000	-7962891.425	437.639
72	0.800	681.447	620.940	771.400	679.405	29.375	0.000	-8395705.682	426.494
72	0.990	727.555	667.830	833.320	725.310	30.702	0.000	-8816485.897	411.745
73	0.000	571.880	571.880	571.880	571.880	0.000	0.000	-8195.187	0.522
73	0.100	576.230	550.960	628.800	576.635	11.553	0.000	-9300051.671	551.469
73	0.200	602.772	563.680	632.320	602.675	12.193	0.000	-9855408.902	556.710
73	0.300	610.159	575.300	646.420	609.905	10.466	0.000	-10416617.520	564.549
73	0.400	620.177	583.680	668.880	618.810	13.227	0.000	-10990693.788	579.956
73	0.500	636.555	597.100	696.110	636.030	15.816	0.000	-11584002.301	604.104
73	0.600	655.731	610.630	716.740	654.555	17.518	0.000	-12200763.780	626.889
73	0.700	675.032	630.910	770.530	673.530	20.736	0.000	-12833789.590	636.736
73	0.800	696.330	643.790	801.670	691.540	26.988	0.000	-13465973.666	626.461
73	0.990	746.308	686.300	876.690	740.095	33.328	0.000	-14075469.214	589.092
74	0.000	571.760	571.760	571.760	571.760	0.000	0.000	-13542.812	0.616
74	0.100	576.037	544.570	616.190	576.680	9.479	0.000	-14673040.619	602.723
74	0.200	600.232	552.070	658.170	599.580	19.606	0.000	-15277629.740	603.601
74	0.300	616.300	561.130	676.270	617.525	17.829	0.000	-15895048.090	629.374
74	0.400	630.332	573.810	691.650	629.575	19.139	0.000	-16544877.301	667.136
74	0.500	649.361	597.290	713.660	647.195	21.622	0.000	-17225901.418	692.163
74	0.600	670.806	615.670	728.910	668.785	21.929	0.000	-17938949.382	731.820
74	0.700	692.718	633.840	763.670	694.440	21.617	0.000	-18678158.087	744.531
74	0.800	711.385	652.580	797.240	711.660	20.707	0.000	-19417823.837	730.122
74	0.990	742.054	682.660	816.690	738.615	21.762	0.000	-20123250.114	680.602
75	0.000	548.080	548.080	548.080	548.080	0.000	0.000	-19636.992	0.646
75	0.100	606.310	561.420	651.820	607.900	13.619	0.000	-20784841.455	638.231
75	0.200	612.817	566.290	675.100	612.180	17.333	0.000	-21428219.595	645.482
75	0.300	629.242	584.880	702.850	626.775	19.223	0.000	-22089215.292	673.878
75	0.400	663.878	605.170	723.040	665.200	26.293	0.000	-22788036.476	718.878
75	0.500	684.925	630.320	753.170	687.370	23.098	0.000	-23482923.119	696.134
75	0.600	704.067	638.140	787.270	704.215	21.658	0.000	-24246999.327	803.761
75	0.700	726.118	656.600	802.730	726.965	25.095	0.000	-25048847.423	758.854
75	0.800	751.072	678.480	890.890	750.450	27.145	0.000	-25728661.344	637.382
75	0.990	795.754	717.090	892.220	795.375	28.941	0.000	-26343578.394	590.534
76	0.000	570.140	570.140	570.140	570.140	0.000	0.000	-28572.364	0.617
76	0.100	580.030	544.480	620.280	578.825	12.749	0.000	-26800277.102	584.719
76	0.200	604.787	566.310	645.570	606.170	12.844	0.000	-27368170.643	548.796
76	0.300	618.091	579.550	666.800	618.170	14.447	0.000	-27910263.533	533.771
76	0.400	634.383	597.980	695.480	634.105	14.651	0.000	-28446571.733	535.772
76	0.500	649.479	609.980	713.020	648.080	16.568	0.000	-28993294.634	556.038
76	0.600	664.664	625.370	752.100	663.010	18.745	0.000	-29563841.928	582.493
76	0.700	686.251	648.930	762.320	682.920	20.677	0.000	-30167769.400	622.153
76	0.800	705.858	667.300	778.050	702.895	22.243	0.000	-30809684.075	660.928
76	0.990	745.229	708.600	870.600	739.055	25.876	0.000	-31488219.407	695.026
77	0.000	553.320	553.320	553.320	553.320	0.000	0.000	-33902.658	0.636
77	0.100	585.025	548.630	622.440	582.555	15.505	0.000	-32148072.475	619.575
77	0.200	608.914	574.890	650.780	609.955	12.403	0.000	-32756893.137	596.579
77	0.300	628.741	587.510	672.260	627.665	16.287	0.000	-33354658.738	596.637
77	0.400	643.079	600.920	695.930	645.410	15.608	0.000	-33961691.578	615.429
77	0.500	660.718	617.100	729.010	658.980	18.479	0.000	-34592861.562	644.134
77	0.600	683.629	637.280	745.470	679.935	20.743	0.000	-35257287.149	682.860
77	0.700	705.636	654.450	808.050	704.435	24.138	0.000	-35955415.812	714.431
77	0.800	729.802	676.150	841.720	726.735	27.626	0.000	-36678847.588	724.757
77	0.990	771.561	710.940	874.140	769.845	28.651	0.000	-37394017.208	703.534
78	0.000	579.010	579.010	579.010	579.010	0.000	0.000	-37051.121	0.521
78	0.100	600.717	560.330	643.540	600.795	16.229	0.000	-38140482.011	521.316
78	0.200	617.606	573.600	664.980	615.670	15.973	0.000	-38658865.627	513.102
78	0.300	636.908	596.050	675.440	638.560	14.495	0.000	-39185346.745	538.260
78	0.400	654.614	608.050	693.470	654.400	13.396	0.000	-39742141.703	573.497
78	0.500	668.373	628.950	718.120	668.925	14.709	0.000	-40332829.977	605.657
78	0.600	687.433	636.810	757.280	686.760	18.525	0.000	-40953089.297	633.156
78	0.700	709.767	664.490	814.060	707.525	21.899	0.000	-41597209.256	651.755
78	0.800	734.435	685.690	851.870	730.805	25.612	0.000	-42250696.961	653.082
78	0.990	782.220	723.500	893.140	778.930	31.909	0.000	-42875767.913	595.392
79	0.000	583.450	583.450	583.450	583.450	0.000	0.000	-42346.217	0.502
79	0.100	607.501	570.280	618.860	608.160	4.987	0.000	-43420461.515	491.542
79	0.200	631.889	590.140	672.410	633.955	15.080	0.000	-43908983.091	482.991
79	0.300	651.365	599.060	688.640	651.565	12.535	0.000	-44392869.427	483.224
79	0.400	674.340	630.690	744.490	672.775	18.617	0.000	-44889281.405	507.239
79	0.500	696.838	642.660	781.720	694.210	22.563	0.000	-45411476.121	535.078
79	0.600	720.193	656.500	811.580	720.395	23.272	0.000	-45963763.992	568.738
79	0.700	741.531	677.930	855.560	740.055	25.194	0.000	-46547861.043	596.637
79	0.800	767.928	691.740	864.400	766.730	29.880	0.000	-47146520.777	597.689
79	0.990	813.019	734.890	956.390	811.445	36.583	0.000	-47726635.869	561.670
80	0.000	628.840	628.840	628.840	628.840	0.000	0.000	-49940.962	0.630
80	0.100	644.783	595.860	687.220	644.345	13.579	0.000	-48174222.823	595.232
80	0.200	653.949	621.750	692.740	653.155	11.599	0.000	-48757306.908	568.436
80	0.300	666.787	632.670	707.480	666.440	12.679	0.000	-49325494.825	566.154
80	0.400	677.310	641.200	733.040	676.835	13.456	0.000	-49899745.896	580.390
80	0.500	691.178	653.170	792.110	689.655	16.719	0.000	-50492958.083	603.976
80	0.600	710.171	664.140	789.130	708.815	18.814	0.000	-51111982.724	631.761
80	0.700	730.660	679.160	808.180	728.495	20.877	0.000	-51759330.011	659.501
80	0.800	751.604	699.840	848.480	749.180	23.751	0.000	-52436620.186	693.271
80	0.990	789.866	728.980	903.940	786.675	28.361	0.000	-53141337.258	713.329
81	0.000	509.990	509.990	509.990	509.990	0.000	0.000	2887.672	0.379
81	0.100	531.460	507.650	568.980	525.130	15.024	0.000	1867638.308	383.434
81	0.200	562.845	520.600	619.500	560.950	13.671	0.000	1483512.580	382.343
81	0.300	583.202	543.980	636.480	582.160	15.571	0.000	1101759.862	379.087
81	0.400	603.309	562.330	663.510	600.515	19.730	0.000	716763.643	389.471
81	0.500	624.635	581.690	699.930	627.010	20.743	0.000	319697.869	402.466
81	0.600	648.061	605.100	728.290	645.090	20.875	0.000	-95960.141	427.656
81	0.700	671.213	626.840	759.790	666.120	23.699	0.000	-531088.934	440.359
81	0.800	694.937	648.240	794.440	689.975	26.866	0.000	-968058.083	431.874
81	0.990	739.095	683.380	866.400	735.875	32.420	0.000	-1388010.043	406.117
82	0.000	600.200	600.200	600.200	600.200	0.000	0.000	-3524.112	0.640
82	0.100	622.792	582.100	651.210	624.270	11.359	0.000	-1754077.749	588.529
82	0.200	636.407	599.740	671.020	635.825	9.040	0.000	-2326037.944	553.241
82	0.300	645.812	617.510	678.960	645.720	10.393	0.000	-2876061.615	544.982
82	0.400	654.372	625.690	688.630	654.290	9.834	0.000	-3431710.464	563.706
82	0.500	662.531	627.600	711.500	661.790	10.952	0.000	-4010123.010	591.731
82	0.600	676.567	639.690	747.390	673.910	15.570	0.000	-4617693.221	620.059
82	0.700	693.274	653.740	771.250	691.470	19.680	0.000	-5255552.908	653.994
82	0.800	712.925	674.040	820.450	710.135	22.128	0.000	-5926166.545	684.315
82	0.990	751.751	709.670	868.590	743.800	30.757	0.000	-6626241.317	712.879
83	0.000	606.440	606.440	606.440	606.440	0.000	0.000	-6288.165	0.510
83	0.100	617.029	594.680	662.560	616.345	10.760	0.000	-7360372.062	487.045
83	0.200	644.283	601.640	725.310	644.185	19.042	0.000	-7844645.554	479.737
83	0.300	666.545	602.570	727.460	665.480	19.220	0.000	-8334031.477	497.610
83	0.400	689.778	631.160	750.520	689.095	21.357	0.000	-8846727.624	524.966
83	0.500	708.541	641.500	797.090	707.715	21.751	0.000	-9389009.191	557.921
83	0.600	732.759	669.930	818.210	732.305	23.614	0.000	-9960430.983	582.425
83	0.700	758.745	692.320	849.870	756.220	26.453	0.000	-10540548.131	576.438
83	0.800	782.064	705.160	880.400	779.790	28.668	0.000	-11106358.328	552.580
83	0.990	827.477	738.520	927.530	826.435	31.350	0.000	-11641608.909	515.798
84	0.000	561.210	561.210	561.210	561.210	0.000	0.000	-11072.307	0.601
84	0.100	578.972	551.370	612.170	578.600	10.014	0.000	-12193590.553	585.780
84	0.200	596.911	563.610	652.110	595.905	13.353	0.000	-12773984.552	572.660
84	0.300	629.100	584.590	690.940	624.870	22.776	0.000	-13347012.570	569.139
84	0.400	656.724	598.890	719.950	659.030	21.673	0.000	-13924267.219	584.846
84	0.500	672.373	619.680	749.090	672.600	18.950	0.000	-14520687.260	605.342
84	0.600	690.684	641.440	762.250	689.500	19.787	0.000	-15144148.208	638.323
84	0.700	712.019	660.600	806.620	709.420	23.212	0.000	-15800319.790	672.433
84	0.800	734.352	675.130	849.190	732.520	26.407	0.000	-16489113.273	699.938
84	0.990	773.427	715.120	875.130	771.315	27.135	0.000	-17168513.831	660.851
85	0.000	548.560	548.560	548.560	548.560	0.000	0.000	-16671.953	0.443
85	0.100	577.501	552.560	615.360	578.025	7.171	0.000	-17707823.461	414.209
85	0.200	599.913	562.230	643.360	599.910	12.290	0.000	-18120412.010	409.467
85	0.300	622.643	580.790	663.480	622.280	12.996	0.000	-18537237.725	421.790
85	0.400	634.201	595.930	689.670	633.650	14.733	0.000	-18976028.339	453.100
85	0.500	648.720	600.910	716.590	648.230	15.760	0.000	-19443609.196	481.058
85	0.600	664.834	619.940	746.630	663.470	18.117	0.000	-19930239.499	491.141
85	0.700	680.212	635.560	781.780	677.495	20.170	0.000	-20418106.857	482.433
85	0.800	699.058	650.220	809.810	695.050	24.640	0.000	-20893300.375	466.332
85	0.990	744.726	694.270	849.030	740.020	30.313	0.000	-21344483.664	434.646
86	0.000	618.590	618.590	618.590	618.590	0.000	0.000	-23495.397	0.919
86	0.100	624.474	608.120	646.640	624.660	3.827	0.000	-21834632.507	807.686
86	0.200	640.570	610.580	703.480	637.865	16.211	0.000	-22627768.043	775.555
86	0.300	668.679	627.910	729.040	663.515	21.455	0.000	-23388365.890	743.852
86	0.400	690.284	645.460	779.080	692.545	17.637	0.000	-24130230.158	736.474
86	0.500	706.575	668.610	784.180	703.925	19.061	0.000	-24875011.617	750.838
86	0.600	727.744	677.930	801.780	724.235	23.821	0.000	-25643768.892	782.364
86	0.700	749.811	693.130	849.480	744.360	29.102	0.000	-26443960.527	817.893
86	0.800	773.631	715.010	903.310	773.455	31.800	0.000	-27277443.063	844.461
86	0.990	815.543	755.190	945.800	809.025	34.403	0.000	-28143689.020	887.352
87	0.000	623.590	623.590	623.590	623.590	0.000	0.000	-27893.832	0.525
87	0.100	638.000	590.420	676.310	638.875	13.562	0.000	-28974661.801	504.696
87	0.200	657.356	610.470	704.760	657.525	13.536	0.000	-29478665.229	500.563
87	0.300	666.620	627.720	734.160	665.250	15.281	0.000	-29988873.075	518.041
87	0.400	679.755	639.420	743.180	677.930	16.328	0.000	-30527516.679	558.267
87	0.500	697.223	647.430	775.790	696.080	17.701	0.000	-31109683.213	603.294
87	0.600	718.786	666.830	792.270	717.090	21.038	0.000	-31723383.536	622.470
87	0.700	744.095	686.050	836.320	742.710	25.626	0.000	-32339569.729	606.904
87	0.800	771.309	710.040	904.090	768.850	29.239	0.000	-32933704.879	579.161
87	0.990	821.871	740.740	943.380	820.860	31.905	0.000	-33490639.009	532.858
88	0.000	635.400	635.400	635.400	635.400	0.000	0.000	-35690.183	0.838
88	0.100	671.284	625.420	707.960	673.100	16.168	0.000	-34014105.110	776.727
88	0.200	683.081	637.890	731.410	682.400	13.143	0.000	-34763396.625	718.825
88	0.300	697.803	661.850	735.870	697.510	13.157	0.000	-35478033.363	708.050
88	0.400	715.744	669.140	763.950	714.910	14.068	0.000	-36193890.377	721.624
88	0.500	731.936	687.970	789.510	730.685	16.477	0.000	-36933069.823	754.217
88	0.600	753.249	702.650	821.940	752.350	19.348	0.000	-37701352.131	779.954
88	0.700	775.808	724.770	876.550	775.375	20.691	0.000	-38497662.629	809.991
88	0.800	796.278	742.490	881.320	795.415	21.530	0.000	-39324078.615	840.766
88	0.990	833.023	774.430	916.440	830.700	24.033	0.000	-40180594.050	869.206
89	0.000	507.520	507.520	507.520	507.520	0.000	0.000	-39921.445	0.344
89	0.100	542.033	511.360	580.400	542.415	11.968	0.000	-40930149.883	360.459
89	0.200	570.887	530.080	627.080	569.080	21.737	0.000	-41292430.091	362.347
89	0.300	604.066	536.240	656.870	605.830	19.027	0.000	-41665214.410	383.213
89	0.400	623.249	561.650	673.640	623.755	16.980	0.000	-42068604.486	420.045
89	0.500	638.875	585.520	700.820	638.505	17.796	0.000	-42491336.984	423.846
89	0.600	657.394	600.670	723.420	655.560	20.334	0.000	-42907692.633	407.235
89	0.700	677.113	621.950	746.980	676.330	22.325	0.000	-43307938.969	391.521
89	0.800	699.810	638.100	783.190	699.705	24.454	0.000	-43693714.619	377.827
89	0.990	740.502	677.300	840.840	738.250	28.072	0.000	-44063318.336	360.442
90	0.000	562.650	562.650	562.650	562.650	0.000	0.000	-43416.562	0.521
90	0.100	560.248	546.380	611.860	557.455	8.680	0.000	-44495630.423	501.011
90	0.200	598.086	556.010	648.750	595.140	16.999	0.000	-44986515.223	478.410
90	0.300	617.443	575.490	661.680	616.240	16.863	0.000	-45465739.244	477.911
90	0.400	636.924	598.990	699.170	635.765	18.993	0.000	-45960356.046	509.172
90	0.500	662.095	612.190	744.410	660.125	23.188	0.000	-46492968.867	554.670
90	0.600	690.047	640.330	775.410	688.330	24.032	0.000	-47066479.309	588.908
90	0.700	714.362	652.620	788.020	714.265	24.040	0.000	-47664827.471	605.911
90	0.800	737.319	677.660	822.350	736.745	23.665	0.000	-48263646.531	590.433
90	0.990	774.410	715.670	863.570	773.370	24.633	0.000	-48833352.788	546.037
91	0.000	558.960	558.960	558.960	558.960	0.000	0.000	2887.668	0.538
91	0.100	572.827	545.210	607.420	572.015	8.241	0.000	1826627.628	464.525
91	0.200	588.390	557.170	635.460	586.730	10.799	0.000	1363920.825	459.063
91	0.300	607.626	575.730	695.110	604.745	16.721	0.000	888282.322	489.056
91	0.400	635.977	586.240	728.450	632.430	23.699	0.000	369450.790	546.551
91	0.500	665.705	599.340	750.350	664.540	28.937	0.000	-197836.488	588.656
91	0.600	700.729	618.970	785.260	701.045	30.190	0.000	-791150.854	594.756
91	0.700	732.293	652.740	838.410	733.475	29.042	0.000	-1376643.598	574.188
91	0.800	758.831	682.150	849.840	758.265	28.355	0.000	-1939841.932	550.070
91	0.990	801.566	724.890	904.170	799.785	31.941	0.000	-2472761.801	513.295
92	0.000	539.350	539.350	539.350	539.350	0.000	0.000	-1901.999	0.550
92	0.100	573.043	544.020	611.610	572.970	10.560	0.000	-2994702.698	528.445
92	0.200	597.492	562.230	651.970	595.670	14.617	0.000	-3519333.267	517.952
92	0.300	620.122	567.750	680.950	618.400	18.615	0.000	-4050606.547	542.161
92	0.400	639.110	594.020	715.760	637.885	19.895	0.000	-4610341.182	574.878
92	0.500	657.631	594.690	728.830	656.750	24.217	0.000	-5209279.056	621.334
92	0.600	680.845	611.010	738.190	681.820	24.289	0.000	-5849171.471	656.385
92	0.700	701.460	638.780	790.100	701.995	23.174	0.000	-6501467.670	646.653
92	0.800	719.162	658.920	823.030	717.545	24.497	0.000	-7133540.892	615.453
92	0.990	752.700	687.920	842.040	749.390	28.519	0.000	-7729081.442	572.711
93	0.000	506.610	506.610	506.610	506.610	0.000	0.000	-7188.137	0.371
93	0.100	537.418	512.430	573.770	534.320	13.896	0.000	-8195030.352	356.693
93	0.200	568.874	529.100	604.000	568.375	12.644	0.000	-8555663.469	363.410
93	0.300	589.402	545.360	636.950	589.410	10.587	0.000	-8931841.248	387.349
93	0.400	601.805	556.710	654.400	600.645	11.768	0.000	-9331567.356	410.213
93	0.500	617.845	576.180	685.210	614.310	17.737	0.000	-9750378.261	425.727
93	0.600	641.847	597.010	717.270	639.725	24.313	0.000	-10172874.497	417.045
93	0.700	666.884	604.530	756.570	664.835	26.228	0.000	-10582895.950	401.365
93	0.800	688.984	619.640	771.240	688.195	27.731	0.000	-10978030.006	387.245
93	0.990	729.936	669.380	848.510	730.120	31.181	0.000	-11355735.240	366.354
94	0.000	565.650	565.650	565.650	565.650	0.000	0.000	-10711.652	0.548
94	0.100	608.710	554.180	646.990	604.865	17.180	0.000	-11818242.733	555.538
94	0.200	631.170	581.160	683.230	632.505	11.216	0.000	-12352698.404	511.633
94	0.300	643.789	587.640	713.020	643.725	11.945	0.000	-12868406.205	518.263
94	0.400	656.556	601.890	720.310	655.160	15.256	0.000	-13401963.785	546.180
94	0.500	674.892	625.410	740.220	671.400	19.335	0.000	-13970808.395	588.036
94	0.600	695.032	646.230	793.370	690.735	22.804	0.000	-14581742.308	632.515
94	0.700	718.561	660.760	804.640	714.145	28.489	0.000	-15231762.022	666.786
94	0.800	743.723	675.920	872.410	739.795	33.649	0.000	-15897566.413	663.147
94	0.990	799.150	720.990	956.190	796.925	38.762	0.000	-16535850.206	611.123
95	0.000	612.620	612.620	612.620	612.620	0.000	0.000	-18775.158	0.656
95	0.100	629.431	605.260	684.660	628.175	11.756	0.000	-17026741.639	631.896
95	0.200	655.205	611.820	706.910	656.955	14.993	0.000	-17648798.878	609.948
95	0.300	666.830	618.400	726.970	664.440	16.757	0.000	-18260511.392	611.183
95	0.400	677.585	631.540	739.440	677.435	18.499	0.000	-18886237.743	637.977
95	0.500	696.363	648.130	759.770	695.925	20.069	0.000	-19543708.823	675.077
95	0.600	719.936	671.970	793.170	719.100	21.769	0.000	-20233488.231	701.428
95	0.700	744.911	690.040	828.680	743.100	23.490	0.000	-20948862.197	726.131
95	0.800	769.212	712.350	870.020	767.095	26.193	0.000	-21687126.016	748.006
95	0.990	812.743	752.240	945.860	810.500	29.771	0.000	-22436074.778	749.737
96	0.000	617.720	617.720	617.720	617.720	0.000	0.000	-24877.514	0.826
96	0.100	639.248	614.320	687.000	632.730	15.841	0.000	-23193401.760	760.049
96	0.200	656.049	616.670	692.470	659.420	14.042	0.000	-23936154.162	723.179
96	0.300	670.060	631.760	725.120	667.675	13.914	0.000	-24648650.385	699.178
96	0.400	692.945	651.670	763.450	691.930	21.906	0.000	-25347384.305	695.763
96	0.500	719.843	663.160	796.260	721.130	24.085	0.000	-26044960.301	700.956
96	0.600	744.248	687.180	843.570	745.060	22.423	0.000	-26821743.615	867.990
96	0.700	766.430	699.110	838.530	765.055	22.419	0.000	-27734430.603	934.764
96	0.800	784.838	725.700	909.250	782.785	25.158	0.000	-28693330.003	976.404
96	0.990	821.265	756.790	973.080	818.055	33.987	0.000	-29712671.437	1059.826
97	0.000	574.490	574.490	574.490	574.490	0.000	0.000	-29548.473	0.781
97	0.100	587.524	563.640	616.060	588.965	8.334	0.000	-30748955.944	741.995
97	0.200	606.471	583.210	649.960	605.710	11.622	0.000	-31479406.198	716.072
97	0.300	630.399	591.210	680.750	629.510	16.912	0.000	-32196171.209	715.337
97	0.400	656.302	607.230	735.680	656.510	21.089	0.000	-32929171.849	748.845
97	0.500	683.154	630.690	760.740	683.205	21.268	0.000	-33706618.338	803.139
97	0.600	707.758	655.290	797.040	707.215	21.808	0.000	-34534950.429	850.336
97	0.700	732.588	671.380	824.440	730.715	24.909	0.000	-35399805.348	878.077
97	0.800	755.068	691.810	870.800	752.125	27.313	0.000	-36283352.494	885.767
97	0.990	798.305	729.300	955.080	795.555	32.251	0.000	-37147964.394	838.685
98	0.000	608.060	608.060	608.060	608.060	0.000	0.000	-36739.850	0.712
98	0.100	655.976	602.860	697.340	665.515	21.980	0.000	-37915252.774	692.454
98	0.200	669.954	614.990	723.920	675.520	21.851	0.000	-38599705.686	673.666
98	0.300	682.874	628.290	751.850	685.630	20.143	0.000	-39279280.717	684.192
98	0.400	698.726	643.340	762.950	698.685	20.975	0.000	-39982616.363	718.632
98	0.500	716.265	663.190	795.110	716.070	21.911	0.000	-40723000.115	759.469
98	0.600	739.759	675.030	848.370	739.500	24.017	0.000	-41498549.847	788.541
98	0.700	762.052	696.410	849.720	761.215	25.092	0.000	-42304233.841	819.967
98	0.800	783.299	713.410	871.060	782.275	26.441	0.000	-43122460.764	814.009
98	0.990	824.193	742.140	909.800	823.075	25.428	0.000	-43881687.317	689.034
99	0.000	522.890	522.890	522.890	522.890	0.000	0.000	-43392.515	0.425
99	0.100	539.911	514.060	558.470	540.400	7.434	0.000	-44427316.828	412.739
99	0.200	557.294	528.060	596.870	555.960	11.242	0.000	-44844160.404	419.250
99	0.300	581.485	541.300	620.980	582.370	13.171	0.000	-45288060.154	463.003
99	0.400	600.492	562.210	650.170	599.490	14.339	0.000	-45746116.769	453.682
99	0.500	617.929	569.620	663.640	618.095	16.004	0.000	-46212551.258	478.215
99	0.600	634.660	592.470	690.070	634.715	16.850	0.000	-46686660.038	468.849
99	0.700	648.653	609.490	741.250	647.895	18.449	0.000	-47149743.866	454.902
99	0.800	667.764	625.440	750.130	666.320	20.196	0.000	-47598686.499	440.126
99	0.990	708.204	666.050	805.840	702.405	27.576	0.000	-48027775.095	416.643
