0	0.000	1506.540	1506.540	1506.540	1506.540	0.000	0.000	2887.671	0.328
0	0.100	1616.768	1542.850	1699.690	1617.585	34.188	0.000	1894666.340	329.397
0	0.200	1677.434	1579.020	1773.140	1677.505	28.672	0.000	1561998.069	334.103
0	0.300	1736.397	1636.930	1853.010	1734.300	36.371	0.000	1212658.727	363.228
0	0.400	1786.640	1697.750	1915.840	1787.990	33.765	0.000	827342.266	404.104
0	0.500	1851.156	1789.470	1972.450	1842.125	29.845	0.000	403865.896	441.768
0	0.600	1931.038	1880.550	2027.460	1928.765	20.150	0.000	-29945.622	422.339
0	0.700	2020.169	1941.060	2096.620	2020.785	18.352	0.000	-439782.874	399.469
0	0.800	2112.204	2042.510	2212.400	2111.530	20.720	0.000	-839515.796	397.757
0	0.990	2286.136	2209.870	2381.650	2289.525	25.911	0.000	-1226223.522	373.421
1	0.000	1617.020	1617.020	1617.020	1617.020	0.000	0.000	-585.669	0.366
1	0.100	1658.927	1594.220	1761.080	1655.350	35.503	0.000	-1584612.594	340.670
1	0.200	1705.843	1622.380	1795.900	1708.050	35.729	0.000	-1924500.505	337.457
1	0.300	1753.942	1670.240	1880.210	1751.040	33.276	0.000	-2270015.799	351.523
1	0.400	1816.778	1739.240	1940.720	1815.555	32.616	0.000	-2635820.041	378.683
1	0.500	1888.735	1788.260	2027.810	1884.555	32.830	0.000	-3029369.604	406.124
1	0.600	1954.776	1868.280	2068.570	1952.060	32.599	0.000	-3440503.730	413.270
1	0.700	2032.487	1954.300	2150.040	2031.810	28.248	0.000	-3837092.575	376.189
1	0.800	2120.216	2047.860	2219.210	2119.005	26.309	0.000	-4221072.965	398.001
1	0.990	2290.250	2239.750	2435.590	2287.745	23.742	0.000	-4611632.170	377.571
2	0.000	1456.880	1456.880	1456.880	1456.880	0.000	0.000	-3972.997	0.294
2	0.100	1503.821	1470.960	1567.860	1500.775	14.210	0.000	-4952099.949	301.417
2	0.200	1590.018	1540.600	1653.240	1590.455	22.012	0.000	-5264944.897	321.676
2	0.300	1669.366	1621.500	1750.100	1664.760	21.869	0.000	-5597450.099	343.369
2	0.400	1752.504	1674.840	1824.670	1758.070	24.594	0.000	-5944247.739	348.820
2	0.500	1819.476	1768.380	1919.860	1816.090	25.800	0.000	-6293315.400	347.046
2	0.600	1904.293	1855.800	1980.320	1901.250	18.379	0.000	-6633801.805	333.433
2	0.700	2000.366	1942.040	2063.330	1997.840	17.136	0.000	-6963099.071	322.859
2	0.800	2095.324	2043.960	2167.440	2096.235	17.922	0.000	-7282152.803	313.595
2	0.990	2275.572	2205.820	2355.450	2275.860	19.293	0.000	-7590700.856	302.485
3	0.000	1660.560	1660.560	1660.560	1660.560	0.000	0.000	-9675.453	0.527
3	0.100	1749.440	1695.060	1825.920	1744.160	23.062	0.000	-7860833.387	499.276
3	0.200	1836.337	1757.370	1926.410	1837.855	30.067	0.000	-8349331.611	476.574
3	0.300	1923.533	1817.430	2008.480	1930.205	29.682	0.000	-8823063.679	468.052
3	0.400	2000.207	1900.810	2102.590	1999.895	31.795	0.000	-9297029.020	479.126
3	0.500	2081.339	1974.650	2194.560	2080.475	31.919	0.000	-9787556.746	499.548
3	0.600	2164.941	2065.890	2307.420	2159.505	32.222	0.000	-10302026.029	527.529
3	0.700	2252.365	2127.410	2368.200	2252.810	33.214	0.000	-10849712.615	569.315
3	0.800	2335.956	2205.340	2445.950	2332.735	38.281	0.000	-11435720.845	595.780
3	0.990	2491.092	2395.750	2617.100	2484.880	40.144	0.000	-12040619.153	611.786
4	0.000	1508.130	1508.130	1508.130	1508.130	0.000	0.000	-11651.548	0.297
4	0.100	1584.182	1523.150	1633.350	1583.105	12.056	0.000	-12626788.137	293.471
4	0.200	1661.443	1561.490	1718.860	1665.465	23.019	0.000	-12924783.107	301.277
4	0.300	1720.275	1639.880	1801.230	1717.900	28.811	0.000	-13239331.212	325.687
4	0.400	1782.378	1700.870	1900.150	1781.855	27.867	0.000	-13581533.173	357.542
4	0.500	1853.385	1788.260	1971.220	1849.630	26.847	0.000	-13949744.977	376.850
4	0.600	1933.441	1860.860	2021.730	1933.105	24.372	0.000	-14321742.793	365.235
4	0.700	2022.023	1947.600	2120.230	2024.540	27.378	0.000	-14676870.833	344.117
4	0.800	2113.144	2035.630	2205.940	2112.960	28.175	0.000	-15013113.818	326.047
4	0.990	2285.415	2215.150	2373.640	2287.110	28.205	0.000	-15328288.023	303.443
5	0.000	1281.830	1281.830	1281.830	1281.830	0.000	0.000	-13248.765	0.256
5	0.100	1411.299	1372.590	1464.010	1402.640	20.358	0.000	-15509515.226	237.094
5	0.200	1486.397	1446.980	1559.450	1482.490	15.529	0.000	-15749732.780	241.477
5	0.300	1579.828	1545.320	1625.520	1579.485	13.224	0.000	-15987354.037	233.205
5	0.400	1672.114	1625.750	1718.830	1673.270	17.196	0.000	-16216376.442	224.067
5	0.500	1761.551	1710.420	1814.140	1757.935	17.818	0.000	-16436452.712	214.467
5	0.600	1852.995	1802.990	1912.210	1849.455	18.096	0.000	-16648199.981	207.638
5	0.700	1947.284	1890.450	2008.510	1950.275	19.471	0.000	-16854311.858	203.006
5	0.800	2041.267	1993.940	2116.400	2041.680	19.723	0.000	-17055807.952	198.542
5	0.990	2221.751	2186.670	2287.290	2217.155	16.405	0.000	-17252132.730	193.517
6	0.000	1427.190	1427.190	1427.190	1427.190	0.000	0.000	-16612.137	0.290
6	0.100	1513.155	1438.660	1610.940	1505.070	32.651	0.000	-17588588.565	295.342
6	0.200	1579.833	1508.640	1665.420	1582.230	23.352	0.000	-17891349.125	309.953
6	0.300	1653.421	1602.670	1746.000	1649.435	26.398	0.000	-18212073.615	329.554
6	0.400	1741.961	1696.280	1823.100	1739.330	19.647	0.000	-18539855.697	324.779
6	0.500	1837.613	1784.270	1922.490	1837.060	18.397	0.000	-18862268.392	317.247
6	0.600	1929.592	1866.570	2006.780	1931.080	20.222	0.000	-19174479.024	306.412
6	0.700	2018.633	1959.050	2088.270	2017.980	21.686	0.000	-19476579.942	295.692
6	0.800	2109.058	2043.340	2179.510	2108.760	20.869	0.000	-19769403.086	288.329
6	0.990	2285.517	2217.030	2354.730	2284.985	22.868	0.000	-20054826.748	282.028
7	0.000	1679.980	1679.980	1679.980	1679.980	0.000	0.000	-19368.907	0.490
7	0.100	1707.058	1657.350	1811.170	1701.280	21.174	0.000	-20416424.121	437.953
7	0.200	1784.100	1689.720	1877.710	1781.540	28.309	0.000	-20847442.450	415.382
7	0.300	1864.439	1769.510	1979.810	1862.280	31.478	0.000	-21260161.760	413.623
7	0.400	1933.973	1781.670	2027.030	1935.695	33.067	0.000	-21681529.694	427.615
7	0.500	1994.955	1873.860	2108.840	1994.335	38.202	0.000	-22129354.569	467.447
7	0.600	2056.678	1965.010	2201.830	2053.470	37.177	0.000	-22617863.183	507.592
7	0.700	2130.411	2060.620	2256.300	2127.550	34.790	0.000	-23135878.197	520.668
7	0.800	2214.614	2127.670	2317.620	2212.445	28.230	0.000	-23638783.113	489.063
7	0.990	2383.595	2288.300	2467.560	2382.880	27.224	0.000	-24108578.900	449.772
8	0.000	1318.580	1318.580	1318.580	1318.580	0.000	0.000	-22102.441	0.200
8	0.100	1386.806	1354.690	1452.900	1387.755	19.390	0.000	-24352385.386	215.941
8	0.200	1471.222	1444.740	1514.970	1470.930	10.284	0.000	-24563466.826	205.208
8	0.300	1568.364	1540.880	1612.630	1568.475	10.434	0.000	-24766951.530	200.490
8	0.400	1663.204	1619.770	1698.430	1661.935	11.417	0.000	-24965529.153	195.556
8	0.500	1759.081	1709.800	1805.490	1760.595	15.955	0.000	-25158378.155	189.053
8	0.600	1846.165	1795.380	1899.520	1844.435	19.667	0.000	-25344224.330	181.141
8	0.700	1933.037	1891.900	2005.090	1930.900	19.221	0.000	-25522915.357	175.142
8	0.800	2027.164	1991.830	2108.340	2024.570	16.755	0.000	-25696612.533	171.282
8	0.990	2214.787	2178.820	2262.880	2212.755	11.821	0.000	-25865879.420	166.231
9	0.000	1794.350	1794.350	1794.350	1794.350	0.000	0.000	-27972.470	0.577
9	0.100	1823.503	1736.560	1943.370	1824.430	35.901	0.000	-26159172.065	502.693
9	0.200	1883.885	1782.770	1995.570	1884.285	37.422	0.000	-26649020.946	475.353
9	0.300	1930.342	1821.910	2084.970	1928.245	37.523	0.000	-27120104.630	464.468
9	0.400	1995.522	1898.640	2132.700	1995.165	37.614	0.000	-27591003.346	475.317
9	0.500	2069.673	1952.990	2193.750	2068.765	37.418	0.000	-28075858.602	492.281
9	0.600	2135.381	2009.730	2273.240	2133.785	38.972	0.000	-28583078.964	519.710
9	0.700	2200.881	2047.250	2349.880	2199.900	43.939	0.000	-29115150.841	543.256
9	0.800	2262.541	2149.630	2411.180	2261.570	45.460	0.000	-29673453.492	571.541
9	0.990	2401.071	2300.180	2556.660	2399.515	37.568	0.000	-30255658.940	592.317
10	0.000	1636.430	1636.430	1636.430	1636.430	0.000	0.000	-32618.486	0.447
10	0.100	1743.282	1671.610	1805.630	1748.810	23.372	0.000	-30766869.632	426.273
10	0.200	1803.824	1701.030	1923.780	1800.835	33.965	0.000	-31185870.853	409.707
10	0.300	1883.076	1791.280	2001.300	1878.375	31.855	0.000	-31595622.709	408.093
10	0.400	1959.288	1853.730	2096.240	1958.625	34.185	0.000	-32008459.292	415.705
10	0.500	2035.727	1962.080	2159.270	2032.680	35.663	0.000	-32427206.897	420.442
10	0.600	2110.012	1999.800	2237.110	2108.280	33.276	0.000	-32849285.795	422.273
10	0.700	2181.972	2059.990	2318.630	2188.515	37.013	0.000	-33279713.953	436.596
10	0.800	2253.463	2140.270	2368.900	2251.980	39.443	0.000	-33725723.089	453.221
10	0.990	2390.324	2302.750	2517.910	2384.120	39.895	0.000	-34196716.382	486.915
11	0.000	1750.680	1750.680	1750.680	1750.680	0.000	0.000	127.312	0.726
11	0.100	1859.521	1812.690	1925.020	1854.860	21.096	0.000	1832767.891	717.525
11	0.200	1955.008	1870.680	2046.290	1958.665	33.869	0.000	1135887.978	674.204
11	0.300	2029.548	1920.620	2159.230	2028.730	32.175	0.000	480224.309	635.497
11	0.400	2094.850	1962.730	2253.680	2095.575	39.879	0.000	-145113.820	613.023
11	0.500	2164.008	2015.100	2284.710	2164.225	38.776	0.000	-763075.521	630.370
11	0.600	2234.086	2110.680	2390.060	2232.320	40.700	0.000	-1423368.729	676.912
11	0.700	2308.449	2194.890	2429.710	2312.885	41.293	0.000	-2109371.478	695.092
11	0.800	2379.687	2226.500	2533.700	2382.125	45.875	0.000	-2836760.872	763.135
11	0.990	2509.504	2360.040	2688.030	2509.350	47.332	0.000	-3633837.152	822.043
12	0.000	1647.840	1647.840	1647.840	1647.840	0.000	0.000	-3350.294	0.383
12	0.100	1735.882	1683.080	1810.220	1740.830	23.319	0.000	-4360359.802	362.837
12	0.200	1811.619	1724.750	1899.670	1807.805	23.818	0.000	-4722501.856	359.446
12	0.300	1873.745	1751.080	1957.400	1875.580	31.206	0.000	-5085419.529	365.519
12	0.400	1927.782	1831.400	2064.390	1926.545	36.131	0.000	-5462895.389	386.694
12	0.500	1994.954	1900.100	2115.190	1995.390	34.000	0.000	-5861026.230	409.906
12	0.600	2061.065	1967.230	2168.860	2061.375	34.323	0.000	-6290256.036	445.175
12	0.700	2136.471	2078.800	2246.250	2133.445	28.679	0.000	-6735657.020	442.285
12	0.800	2228.008	2167.600	2316.750	2227.825	24.176	0.000	-7170161.192	426.576
12	0.990	2407.379	2322.710	2503.680	2406.160	26.288	0.000	-7584458.955	401.049
13	0.000	1816.840	1816.840	1816.840	1816.840	0.000	0.000	-9718.256	0.604
13	0.100	1889.948	1830.060	1983.220	1888.185	25.688	0.000	-7929530.814	552.241
13	0.200	1976.196	1865.250	2067.480	1978.740	30.510	0.000	-8470247.348	526.118
13	0.300	2034.413	1924.540	2135.580	2034.570	32.952	0.000	-8982367.645	497.988
13	0.400	2103.422	2012.050	2211.770	2104.300	34.763	0.000	-9480598.892	494.027
13	0.500	2179.164	2026.400	2293.380	2175.975	39.194	0.000	-9981919.627	510.029
13	0.600	2242.352	2116.100	2371.110	2241.700	41.243	0.000	-10510537.880	542.478
13	0.700	2307.642	2167.780	2441.520	2305.950	43.282	0.000	-11069810.172	574.316
13	0.800	2373.209	2252.890	2501.650	2372.345	42.008	0.000	-11663198.520	610.114
13	0.990	2509.498	2384.180	2650.190	2506.235	40.131	0.000	-12292770.228	645.947
14	0.000	1611.500	1611.500	1611.500	1611.500	0.000	0.000	-11920.918	0.366
14	0.100	1675.384	1615.040	1737.520	1677.540	23.569	0.000	-12923391.661	348.047
14	0.200	1718.993	1621.710	1818.630	1717.375	32.312	0.000	-13270186.362	343.942
14	0.300	1763.379	1686.230	1889.160	1758.390	28.843	0.000	-13627212.091	368.478
14	0.400	1837.261	1761.230	1960.010	1836.000	28.585	0.000	-14006696.309	388.642
14	0.500	1910.385	1835.460	1998.280	1909.480	27.096	0.000	-14405574.375	405.784
14	0.600	1982.392	1907.340	2081.360	1980.530	27.666	0.000	-14820102.521	422.746
14	0.700	2058.937	1994.060	2166.590	2056.610	26.075	0.000	-15252830.392	440.612
14	0.800	2143.873	2076.470	2228.550	2144.775	22.978	0.000	-15692100.221	435.874
14	0.990	2314.301	2244.570	2384.010	2314.130	23.322	0.000	-16116290.180	411.749
15	0.000	1599.230	1599.230	1599.230	1599.230	0.000	0.000	-15495.009	0.331
15	0.100	1672.243	1614.840	1744.570	1669.380	18.240	0.000	-16491092.330	335.458
15	0.200	1772.433	1710.990	1832.550	1771.500	21.349	0.000	-16828245.064	336.990
15	0.300	1840.386	1739.790	1917.750	1839.120	33.950	0.000	-17167326.702	340.281
15	0.400	1896.928	1782.720	2001.180	1896.170	35.323	0.000	-17511998.196	346.950
15	0.500	1965.559	1838.040	2059.520	1964.225	39.198	0.000	-17867123.236	361.310
15	0.600	2037.857	1946.360	2141.330	2036.855	38.836	0.000	-18238543.593	379.470
15	0.700	2116.950	2034.910	2239.670	2114.280	38.280	0.000	-18626538.669	395.877
15	0.800	2203.023	2111.130	2299.390	2199.615	30.531	0.000	-19026262.720	401.121
15	0.990	2379.491	2304.990	2466.670	2380.730	28.005	0.000	-19420301.175	385.418
16	0.000	1702.920	1702.920	1702.920	1702.920	0.000	0.000	-21546.176	0.449
16	0.100	1775.052	1727.730	1876.000	1776.060	19.433	0.000	-19689633.663	416.564
16	0.200	1845.740	1776.300	1939.730	1845.415	27.669	0.000	-20102844.718	408.435
16	0.300	1908.798	1816.290	2008.960	1909.445	28.255	0.000	-20517250.386	428.058
16	0.400	1986.033	1876.200	2083.520	1987.835	33.634	0.000	-20965306.631	456.057
16	0.500	2065.716	1974.970	2186.680	2064.175	35.709	0.000	-21430247.103	470.523
16	0.600	2141.938	2026.890	2271.560	2140.115	37.324	0.000	-21907440.589	482.281
16	0.700	2216.762	2058.390	2365.220	2217.250	43.213	0.000	-22397609.244	495.702
16	0.800	2290.530	2138.680	2442.890	2294.255	46.370	0.000	-22899953.325	506.537
16	0.990	2429.985	2304.790	2593.560	2424.450	42.631	0.000	-23412344.203	518.592
17	0.000	1644.720	1644.720	1644.720	1644.720	0.000	0.000	-22977.917	0.408
17	0.100	1739.153	1660.700	1816.810	1744.670	23.826	0.000	-24007737.321	402.781
17	0.200	1808.372	1718.890	1926.950	1808.910	27.883	0.000	-24409047.500	398.049
17	0.300	1872.126	1772.390	1980.810	1873.045	31.784	0.000	-24808533.455	397.397
17	0.400	1924.618	1807.760	2041.060	1924.185	39.722	0.000	-25205904.295	390.446
17	0.500	1971.959	1842.220	2133.870	1970.405	42.640	0.000	-25596975.028	395.009
17	0.600	2024.591	1937.300	2181.300	2023.395	37.155	0.000	-25995582.543	400.977
17	0.700	2089.922	2007.360	2240.230	2086.025	31.218	0.000	-26404210.505	415.752
17	0.800	2173.981	2102.580	2285.350	2174.450	26.381	0.000	-26816795.850	407.102
17	0.990	2346.390	2274.820	2444.780	2344.785	26.708	0.000	-27212252.788	382.915
18	0.000	1519.540	1519.540	1519.540	1519.540	0.000	0.000	-26576.513	0.248
18	0.100	1585.850	1501.190	1658.090	1591.315	22.531	0.000	-27534039.359	258.496
18	0.200	1627.968	1547.450	1728.770	1618.980	39.824	0.000	-27809278.691	290.734
18	0.300	1693.628	1622.600	1800.570	1686.790	27.625	0.000	-28107806.739	304.352
18	0.400	1775.487	1698.690	1877.570	1775.335	24.759	0.000	-28403937.191	286.826
18	0.500	1866.796	1775.520	1959.800	1867.190	25.513	0.000	-28685815.962	275.496
18	0.600	1954.315	1883.940	2043.970	1954.155	26.513	0.000	-28955772.037	263.305
18	0.700	2043.488	1975.800	2141.560	2043.455	25.380	0.000	-29215444.471	254.423
18	0.800	2135.487	2061.220	2222.160	2134.765	25.229	0.000	-29467791.883	248.744
18	0.990	2314.319	2237.880	2397.210	2312.695	25.395	0.000	-29714533.541	243.765
19	0.000	1711.550	1711.550	1711.550	1711.550	0.000	0.000	-29009.069	0.383
19	0.100	1800.240	1739.680	1829.460	1808.165	17.560	0.000	-30029421.621	384.059
19	0.200	1854.777	1786.090	1959.720	1850.460	26.261	0.000	-30399062.353	353.249
19	0.300	1934.710	1843.960	2021.470	1936.340	32.306	0.000	-30751469.376	349.751
19	0.400	2004.232	1884.990	2119.130	2005.270	40.110	0.000	-31104647.600	354.908
19	0.500	2075.023	1960.190	2212.850	2073.595	39.635	0.000	-31464115.026	362.781
19	0.600	2148.372	2025.870	2288.660	2146.895	39.088	0.000	-31833873.412	374.968
19	0.700	2220.330	2081.860	2379.810	2221.340	44.614	0.000	-32216276.662	388.883
19	0.800	2288.925	2161.710	2428.960	2286.985	47.416	0.000	-32613242.308	403.395
19	0.990	2438.690	2340.440	2576.230	2432.820	36.913	0.000	-33018904.605	405.773
20	0.000	1620.410	1620.410	1620.410	1620.410	0.000	0.000	-32394.469	0.326
20	0.100	1717.141	1646.490	1776.120	1711.820	21.713	0.000	-33383009.666	320.246
20	0.200	1768.174	1715.140	1824.740	1766.780	16.667	0.000	-33695396.651	303.190
20	0.300	1847.846	1785.420	1911.580	1846.270	19.986	0.000	-33998083.792	300.420
20	0.400	1924.871	1839.740	2010.140	1928.645	27.254	0.000	-34303352.124	308.539
20	0.500	1993.246	1918.090	2084.250	1995.760	31.660	0.000	-34618787.839	320.845
20	0.600	2062.631	1982.700	2143.070	2062.730	28.556	0.000	-34948912.069	337.859
20	0.700	2129.479	2034.510	2245.420	2128.385	33.559	0.000	-35299724.792	362.136
20	0.800	2201.869	2117.060	2323.140	2199.555	32.221	0.000	-35671763.653	381.175
20	0.990	2363.425	2289.710	2467.730	2362.730	26.576	0.000	-36048093.827	369.217
21	0.000	1515.730	1515.730	1515.730	1515.730	0.000	0.000	2887.672	0.235
21	0.100	1607.373	1576.500	1656.240	1608.305	8.317	0.000	1935363.998	248.139
21	0.200	1693.183	1667.430	1750.300	1683.455	16.755	0.000	1685883.322	249.179
21	0.300	1791.213	1728.270	1864.600	1790.240	22.813	0.000	1432245.887	256.903
21	0.400	1864.173	1743.500	1936.280	1863.450	31.281	0.000	1170377.379	265.274
21	0.500	1930.925	1842.120	2028.020	1926.255	30.808	0.000	897172.110	280.240
21	0.600	2006.095	1907.050	2119.440	2003.045	32.996	0.000	610434.903	291.631
21	0.700	2077.991	1994.270	2187.230	2079.085	33.045	0.000	314186.191	299.634
21	0.800	2158.386	2058.450	2243.460	2157.510	29.924	0.000	13442.898	306.915
21	0.990	2320.225	2238.210	2450.180	2319.855	32.873	0.000	-302390.790	320.977
22	0.000	1683.510	1683.510	1683.510	1683.510	0.000	0.000	-2398.004	0.586
22	0.100	1796.203	1720.680	1847.090	1797.140	11.405	0.000	-621925.644	578.197
22	0.200	1851.195	1760.080	1948.330	1856.905	40.020	0.000	-1189171.067	553.779
22	0.300	1909.631	1812.560	2009.500	1908.325	30.432	0.000	-1740839.632	547.240
22	0.400	1989.335	1901.820	2133.090	1987.805	33.017	0.000	-2298283.977	565.387
22	0.500	2068.498	1959.930	2179.230	2070.380	30.832	0.000	-2878413.374	591.105
22	0.600	2149.510	2052.900	2268.980	2147.100	33.637	0.000	-3481787.783	614.480
22	0.700	2228.539	2121.530	2341.030	2226.905	34.921	0.000	-4109688.913	639.290
22	0.800	2305.360	2202.900	2436.420	2305.695	36.739	0.000	-4764959.784	669.535
22	0.990	2454.735	2354.240	2599.900	2449.075	33.517	0.000	-5453913.742	704.857
23	0.000	1747.880	1747.880	1747.880	1747.880	0.000	0.000	-7872.181	0.756
23	0.100	1881.764	1820.320	1948.510	1881.120	13.522	0.000	-6175153.104	734.254
23	0.200	1974.903	1889.550	2093.370	1977.270	33.757	0.000	-6884740.867	680.210
23	0.300	2064.958	1973.550	2196.850	2063.500	30.138	0.000	-7544003.515	638.195
23	0.400	2159.268	2047.160	2261.010	2161.505	32.022	0.000	-8173891.185	619.934
23	0.500	2237.502	2098.870	2343.110	2239.140	39.704	0.000	-8794456.457	618.735
23	0.600	2310.680	2128.260	2443.550	2311.105	45.646	0.000	-9420119.859	629.820
23	0.700	2380.565	2236.910	2512.850	2382.605	49.930	0.000	-10061278.871	650.627
23	0.800	2450.014	2284.370	2602.150	2450.090	56.503	0.000	-10723524.184	673.520
23	0.990	2580.211	2422.240	2776.010	2577.330	60.848	0.000	-11421190.633	721.143
24	0.000	1629.400	1629.400	1629.400	1629.400	0.000	0.000	-13849.450	0.480
24	0.100	1687.091	1643.060	1775.030	1683.460	17.617	0.000	-12010767.771	452.145
24	0.200	1773.683	1711.380	1853.000	1774.450	22.139	0.000	-12461774.341	449.932
24	0.300	1853.713	1752.350	1924.720	1854.845	25.768	0.000	-12910605.980	444.929
24	0.400	1921.519	1820.570	2024.890	1921.900	33.225	0.000	-13366154.130	462.624
24	0.500	1990.318	1884.700	2096.010	1991.180	36.904	0.000	-13844442.670	491.332
24	0.600	2057.583	1958.450	2173.370	2058.280	37.051	0.000	-14354840.414	527.824
24	0.700	2134.538	2026.100	2244.450	2133.030	36.556	0.000	-14895995.808	552.870
24	0.800	2209.113	2131.460	2341.580	2206.965	35.966	0.000	-15462917.335	579.589
24	0.990	2371.295	2286.730	2483.490	2371.210	28.283	0.000	-16035932.199	564.422
25	0.000	1582.130	1582.130	1582.130	1582.130	0.000	0.000	-15624.194	0.399
25	0.100	1679.734	1623.770	1763.540	1674.415	21.925	0.000	-16656866.303	408.071
25	0.200	1763.648	1672.640	1846.880	1762.830	27.075	0.000	-17067700.776	412.101
25	0.300	1837.008	1744.220	1914.820	1839.515	31.125	0.000	-17487354.692	425.141
25	0.400	1908.545	1797.060	2036.840	1908.705	35.419	0.000	-17921824.087	442.473
25	0.500	1977.631	1890.240	2101.010	1975.440	36.301	0.000	-18373268.394	457.626
25	0.600	2042.003	1954.110	2171.710	2038.605	35.007	0.000	-18842312.046	481.073
25	0.700	2116.855	2046.520	2239.240	2111.260	32.864	0.000	-19336997.785	504.124
25	0.800	2204.367	2126.700	2325.520	2202.780	26.012	0.000	-19842530.962	504.605
25	0.990	2379.706	2310.410	2462.160	2380.240	26.790	0.000	-20333482.565	476.266
26	0.000	1760.100	1760.100	1760.100	1760.100	0.000	0.000	-22505.089	0.866
26	0.100	1862.458	1793.040	1932.960	1867.470	28.222	0.000	-20842213.123	801.914
26	0.200	1927.967	1822.360	2001.170	1933.345	27.914	0.000	-21609674.849	731.371
26	0.300	1967.937	1834.830	2068.800	1967.200	40.893	0.000	-22312511.531	672.597
26	0.400	2028.539	1930.700	2151.350	2024.405	37.981	0.000	-22981312.847	662.232
26	0.500	2109.435	1979.510	2250.700	2107.160	40.172	0.000	-23651964.989	677.076
26	0.600	2174.986	2049.150	2324.820	2174.465	42.646	0.000	-24344626.074	705.315
26	0.700	2240.349	2098.990	2403.050	2235.840	44.060	0.000	-25072343.773	747.664
26	0.800	2315.625	2178.900	2445.890	2311.990	39.845	0.000	-25840041.885	783.655
26	0.990	2456.771	2342.510	2605.090	2455.910	43.500	0.000	-26652330.471	841.297
27	0.000	1640.450	1640.450	1640.450	1640.450	0.000	0.000	-26379.472	0.408
27	0.100	1658.165	1570.880	1726.750	1661.710	21.813	0.000	-27398404.035	380.867
27	0.200	1717.013	1607.840	1802.570	1721.230	30.922	0.000	-27787476.545	394.287
27	0.300	1778.606	1689.610	1878.710	1778.110	29.838	0.000	-28190516.066	410.703
27	0.400	1853.149	1755.640	1941.150	1855.020	31.713	0.000	-28615847.377	438.532
27	0.500	1923.192	1818.730	2026.670	1925.700	33.812	0.000	-29070374.455	468.368
27	0.600	1991.831	1884.070	2100.660	1992.225	35.732	0.000	-29553418.143	495.382
27	0.700	2065.676	1984.620	2168.760	2061.805	31.450	0.000	-30054056.228	504.062
27	0.800	2149.382	2072.910	2244.450	2146.880	26.949	0.000	-30548959.082	485.598
27	0.990	2319.782	2246.800	2411.900	2316.810	27.153	0.000	-31018542.439	451.072
28	0.000	1552.180	1552.180	1552.180	1552.180	0.000	0.000	-30417.277	0.469
28	0.100	1630.632	1551.210	1688.040	1629.495	15.924	0.000	-31471112.007	450.063
28	0.200	1705.158	1598.950	1783.370	1710.095	33.115	0.000	-31919588.415	444.631
28	0.300	1757.233	1674.680	1861.790	1754.910	28.623	0.000	-32371583.351	458.154
28	0.400	1836.425	1753.810	1949.210	1830.080	25.246	0.000	-32840031.480	477.076
28	0.500	1917.341	1821.360	2030.000	1919.735	32.591	0.000	-33330610.393	501.366
28	0.600	1982.993	1898.400	2091.240	1976.595	31.789	0.000	-33850794.098	537.189
28	0.700	2062.223	1980.580	2155.810	2066.190	28.304	0.000	-34403988.702	566.510
28	0.800	2148.654	2083.330	2260.190	2152.500	25.576	0.000	-34975531.402	575.209
28	0.990	2325.697	2264.330	2441.010	2326.050	23.342	0.000	-35533790.373	539.563
29	0.000	1548.190	1548.190	1548.190	1548.190	0.000	0.000	-34976.510	0.312
29	0.100	1632.464	1581.270	1718.160	1628.285	15.286	0.000	-35964345.921	318.101
29	0.200	1708.774	1639.900	1785.480	1710.420	22.469	0.000	-36290502.212	334.010
29	0.300	1776.159	1698.450	1839.790	1777.225	25.678	0.000	-36639341.817	360.679
29	0.400	1840.339	1757.030	1932.010	1837.545	28.537	0.000	-37012435.112	384.896
29	0.500	1915.532	1834.930	2018.830	1912.425	28.258	0.000	-37407199.981	402.734
29	0.600	1993.181	1920.640	2115.880	1991.445	24.905	0.000	-37808135.885	396.560
29	0.700	2077.844	2004.600	2160.470	2077.515	24.318	0.000	-38198239.027	382.794
29	0.800	2165.488	2092.820	2250.210	2165.115	24.930	0.000	-38575051.537	368.613
29	0.990	2336.427	2254.600	2444.300	2336.685	27.285	0.000	-38936507.753	352.368
30	0.000	1561.870	1561.870	1561.870	1561.870	0.000	0.000	-38285.309	0.324
30	0.100	1574.923	1502.800	1667.000	1572.580	22.883	0.000	-39266650.598	305.889
30	0.200	1648.013	1541.860	1731.090	1643.470	25.383	0.000	-39588358.821	336.551
30	0.300	1719.223	1623.400	1834.420	1718.855	29.300	0.000	-39939863.549	364.373
30	0.400	1782.842	1711.610	1868.590	1780.715	29.323	0.000	-40328224.970	410.189
30	0.500	1863.730	1800.100	1951.920	1863.630	21.687	0.000	-40742928.097	416.506
30	0.600	1954.300	1880.850	2026.400	1954.240	21.798	0.000	-41150888.603	398.054
30	0.700	2043.015	1968.840	2118.850	2042.880	23.968	0.000	-41539108.207	377.617
30	0.800	2132.613	2060.000	2230.900	2134.480	26.271	0.000	-41910183.075	361.402
30	0.990	2305.134	2245.280	2397.790	2305.980	27.202	0.000	-42259906.504	337.522
31	0.000	1662.000	1662.000	1662.000	1662.000	0.000	0.000	127.312	0.537
31	0.100	1731.719	1678.660	1822.030	1731.675	27.179	0.000	1944648.257	494.807
31	0.200	1836.510	1767.260	1913.600	1839.875	22.901	0.000	1454302.778	483.967
31	0.300	1896.057	1789.890	2002.470	1893.245	35.625	0.000	982275.529	457.263
31	0.400	1944.429	1859.700	2050.690	1940.945	36.208	0.000	525940.802	453.927
31	0.500	1998.716	1903.540	2124.080	1997.695	35.415	0.000	57855.373	479.506
31	0.600	2059.465	1952.130	2176.330	2055.465	33.196	0.000	-441067.968	518.570
31	0.700	2127.840	2019.790	2251.970	2128.685	35.527	0.000	-983031.750	561.702
31	0.800	2199.114	2110.680	2337.430	2196.980	35.426	0.000	-1563520.757	597.481
31	0.990	2357.624	2275.580	2472.460	2355.785	27.194	0.000	-2153709.566	580.742
32	0.000	1679.450	1679.450	1679.450	1679.450	0.000	0.000	-1749.791	0.513
32	0.100	1723.927	1639.090	1800.640	1720.940	30.427	0.000	-2811287.901	466.672
32	0.200	1766.052	1681.480	1863.280	1759.325	33.459	0.000	-3272038.572	452.057
32	0.300	1842.878	1749.520	1932.700	1839.295	30.524	0.000	-3731842.192	466.254
32	0.400	1915.629	1810.380	2046.620	1916.140	39.999	0.000	-4220262.837	508.190
32	0.500	1990.427	1882.520	2131.490	1985.485	36.787	0.000	-4751472.277	552.075
32	0.600	2069.890	1976.160	2227.110	2066.485	34.265	0.000	-5318264.357	579.703
32	0.700	2150.214	2065.390	2269.300	2147.570	31.897	0.000	-5902731.535	586.656
32	0.800	2235.851	2146.040	2372.660	2236.245	28.482	0.000	-6489391.650	583.835
32	0.990	2411.917	2319.950	2513.320	2410.165	30.423	0.000	-7050090.308	537.194
33	0.000	1669.730	1669.730	1669.730	1669.730	0.000	0.000	-6491.749	0.502
33	0.100	1716.235	1645.970	1779.430	1721.735	19.435	0.000	-7542811.229	445.366
33	0.200	1798.267	1724.280	1886.650	1794.085	26.262	0.000	-7985363.889	437.323
33	0.300	1878.564	1761.220	1961.490	1879.130	28.463	0.000	-8420799.483	430.761
33	0.400	1961.987	1845.460	2045.050	1964.980	31.308	0.000	-8855535.153	438.516
33	0.500	2047.296	1931.130	2151.320	2046.195	37.409	0.000	-9302470.879	452.982
33	0.600	2122.945	2002.190	2242.790	2123.410	38.758	0.000	-9766015.482	470.806
33	0.700	2196.612	2087.050	2336.140	2193.660	39.673	0.000	-10247714.148	491.028
33	0.800	2264.595	2154.280	2393.770	2261.650	42.707	0.000	-10749760.380	512.144
33	0.990	2400.225	2287.900	2560.530	2396.020	39.722	0.000	-11271501.324	529.064
34	0.000	1909.480	1909.480	1909.480	1909.480	0.000	0.000	-13469.460	0.766
34	0.100	2007.517	1940.870	2078.700	2006.845	17.680	0.000	-11768093.152	726.232
34	0.200	2077.001	1984.810	2174.830	2075.355	30.696	0.000	-12477860.939	691.212
34	0.300	2131.936	2040.770	2243.040	2129.765	32.305	0.000	-13146831.560	644.840
34	0.400	2209.849	2096.380	2316.590	2208.390	34.605	0.000	-13785746.935	630.028
34	0.500	2282.755	2151.770	2440.240	2283.750	40.023	0.000	-14418573.683	632.105
34	0.600	2350.208	2206.970	2475.170	2347.770	44.287	0.000	-15061431.468	652.264
34	0.700	2419.866	2260.240	2562.050	2421.140	48.523	0.000	-15730489.660	682.663
34	0.800	2487.544	2334.840	2648.320	2487.250	48.408	0.000	-16434647.520	723.992
34	0.990	2627.224	2507.840	2775.170	2625.715	44.280	0.000	-17190591.541	786.554
35	0.000	1603.450	1603.450	1603.450	1603.450	0.000	0.000	-19650.762	0.469
35	0.100	1701.865	1647.480	1753.180	1697.310	14.035	0.000	-17813330.849	454.627
35	0.200	1771.211	1702.820	1879.320	1767.155	23.958	0.000	-18267018.275	450.387
35	0.300	1855.313	1768.380	1953.030	1852.180	27.283	0.000	-18721825.176	456.856
35	0.400	1923.915	1804.650	2035.860	1924.320	32.371	0.000	-19187714.752	473.315
35	0.500	1990.216	1894.360	2095.510	1991.155	33.726	0.000	-19676030.041	501.504
35	0.600	2064.076	1966.510	2182.720	2061.915	34.195	0.000	-20192968.192	531.136
35	0.700	2142.000	2049.570	2252.380	2143.705	34.949	0.000	-20739183.421	558.003
35	0.800	2217.155	2124.270	2342.030	2212.110	35.497	0.000	-21307215.449	576.954
35	0.990	2382.246	2288.680	2517.080	2379.165	29.753	0.000	-21870297.055	546.581
36	0.000	1721.320	1721.320	1721.320	1721.320	0.000	0.000	-24209.805	0.714
36	0.100	1826.349	1751.240	1904.880	1828.355	20.830	0.000	-22498696.835	706.340
36	0.200	1908.285	1790.930	2004.850	1911.235	36.808	0.000	-23181343.330	657.448
36	0.300	1948.399	1862.300	2098.070	1944.935	42.148	0.000	-23819259.862	615.345
36	0.400	2023.103	1927.710	2146.050	2020.305	33.320	0.000	-24435625.708	615.920
36	0.500	2110.255	2021.750	2229.120	2105.630	33.057	0.000	-25066465.675	641.537
36	0.600	2191.491	2062.340	2325.150	2189.090	39.808	0.000	-25721335.634	666.388
36	0.700	2259.224	2105.280	2393.050	2263.325	45.252	0.000	-26405937.011	701.982
36	0.800	2328.760	2185.720	2495.630	2330.965	48.668	0.000	-27122691.192	728.193
36	0.990	2460.591	2352.830	2657.920	2452.585	45.503	0.000	-27875966.867	777.229
37	0.000	1560.120	1560.120	1560.120	1560.120	0.000	0.000	-27570.847	0.423
37	0.100	1656.320	1579.390	1768.310	1654.675	28.600	0.000	-28606851.981	415.908
37	0.200	1723.643	1630.500	1820.650	1724.875	22.879	0.000	-29026887.172	421.110
37	0.300	1816.122	1729.650	1917.960	1816.645	25.997	0.000	-29455290.565	434.168
37	0.400	1886.995	1757.580	2004.870	1889.960	40.016	0.000	-29904008.948	461.281
37	0.500	1944.633	1825.600	2089.030	1943.350	41.410	0.000	-30380727.019	490.538
37	0.600	2007.942	1913.780	2129.500	2006.275	38.477	0.000	-30880091.092	507.141
37	0.700	2082.169	2001.920	2190.570	2079.075	31.340	0.000	-31387687.192	504.772
37	0.800	2169.835	2095.110	2264.510	2170.295	28.279	0.000	-31884877.202	488.350
37	0.990	2340.486	2251.460	2433.270	2338.850	28.815	0.000	-32356739.270	453.398
38	0.000	1644.140	1644.140	1644.140	1644.140	0.000	0.000	-31756.547	0.372
38	0.100	1681.016	1603.100	1772.990	1676.720	33.267	0.000	-32765982.167	361.780
38	0.200	1722.277	1644.610	1838.000	1722.060	37.506	0.000	-33133105.304	370.182
38	0.300	1781.402	1670.190	1892.600	1783.380	30.407	0.000	-33518140.650	398.359
38	0.400	1850.508	1744.580	1977.670	1852.130	31.618	0.000	-33934763.306	433.831
38	0.500	1917.235	1836.910	2017.680	1916.710	31.051	0.000	-34388741.841	472.339
38	0.600	1990.916	1903.560	2076.360	1990.155	26.858	0.000	-34855368.449	459.005
38	0.700	2079.711	1997.500	2158.410	2080.525	27.794	0.000	-35305164.957	439.061
38	0.800	2169.869	2096.820	2279.210	2168.865	28.779	0.000	-35736081.036	420.935
38	0.990	2344.146	2264.890	2444.500	2342.410	28.446	0.000	-36146466.330	396.989
39	0.000	1574.540	1574.540	1574.540	1574.540	0.000	0.000	-35517.635	0.391
39	0.100	1627.899	1560.830	1723.990	1623.100	25.139	0.000	-36530924.937	369.594
39	0.200	1702.804	1637.040	1806.030	1702.145	25.812	0.000	-36902810.869	372.345
39	0.300	1780.387	1704.450	1878.260	1781.185	25.236	0.000	-37288744.190	397.023
39	0.400	1868.902	1780.780	1945.940	1869.205	24.703	0.000	-37698149.819	420.221
39	0.500	1955.096	1858.680	2045.580	1957.730	30.518	0.000	-38129008.714	439.124
39	0.600	2030.562	1936.820	2133.960	2025.930	31.686	0.000	-38582123.769	465.400
39	0.700	2109.919	2034.590	2213.250	2109.950	32.343	0.000	-39053297.249	476.236
39	0.800	2192.665	2114.910	2290.080	2190.635	26.922	0.000	-39530133.228	475.291
39	0.990	2365.633	2290.850	2453.650	2366.290	26.151	0.000	-39990628.144	443.347
40	0.000	1906.480	1906.480	1906.480	1906.480	0.000	0.000	-42145.373	0.739
40	0.100	2002.147	1914.480	2080.750	2006.695	33.119	0.000	-40493618.298	826.258
40	0.200	2051.129	1963.150	2142.220	2048.325	27.214	0.000	-41318366.839	820.302
40	0.300	2137.693	2037.720	2299.550	2136.440	32.271	0.000	-42119799.575	779.221
40	0.400	2230.289	2137.550	2365.160	2232.250	31.868	0.000	-42888172.008	755.261
40	0.500	2334.121	2229.190	2448.610	2332.815	31.409	0.000	-43642587.306	750.953
40	0.600	2429.088	2294.160	2560.940	2433.560	37.058	0.000	-44390315.977	742.726
40	0.700	2512.091	2358.390	2633.060	2514.875	45.279	0.000	-45133752.101	740.990
40	0.800	2587.673	2405.260	2740.560	2591.190	54.658	0.000	-45877044.929	743.095
40	0.990	2725.221	2502.740	2965.400	2724.080	63.840	0.000	-46631910.162	764.994
41	0.000	1592.730	1592.730	1592.730	1592.730	0.000	0.000	127.311	0.490
41	0.100	1679.634	1613.870	1753.180	1683.295	18.994	0.000	1950933.500	481.731
41	0.200	1751.127	1698.530	1821.270	1749.555	16.961	0.000	1477842.854	462.839
41	0.300	1837.675	1780.090	1913.960	1837.270	23.013	0.000	1013299.906	464.122
41	0.400	1907.464	1829.080	1985.500	1905.500	23.385	0.000	537807.411	485.272
41	0.500	1982.215	1887.490	2069.010	1984.205	30.018	0.000	37070.811	512.688
41	0.600	2042.942	1942.970	2136.850	2045.065	35.541	0.000	-497120.628	554.721
41	0.700	2108.390	2013.890	2226.530	2103.770	37.972	0.000	-1067894.103	581.925
41	0.800	2180.541	2096.040	2308.770	2175.885	31.361	0.000	-1658054.699	599.722
41	0.990	2345.216	2265.980	2437.430	2347.710	26.613	0.000	-2240391.661	563.520
42	0.000	1519.300	1519.300	1519.300	1519.300	0.000	0.000	-1828.422	0.315
42	0.100	1596.993	1539.500	1703.720	1580.570	25.045	0.000	-2808019.217	301.456
42	0.200	1670.029	1573.390	1755.780	1668.410	29.182	0.000	-3115165.029	311.883
42	0.300	1721.289	1643.730	1812.200	1719.975	31.433	0.000	-3439653.505	335.842
42	0.400	1781.991	1706.440	1896.560	1779.655	30.143	0.000	-3795576.213	373.245
42	0.500	1866.323	1791.370	1975.970	1865.545	25.027	0.000	-4166129.005	366.934
42	0.600	1954.300	1885.890	2039.430	1953.505	25.110	0.000	-4526282.796	351.188
42	0.700	2044.339	1981.240	2123.390	2043.145	23.449	0.000	-4870983.976	337.029
42	0.800	2134.850	2075.730	2220.460	2132.090	22.419	0.000	-5202385.345	324.244
42	0.990	2309.433	2237.890	2379.190	2309.335	23.516	0.000	-5520160.353	309.819
43	0.000	1710.330	1710.330	1710.330	1710.330	0.000	0.000	-7608.143	0.578
43	0.100	1764.993	1717.480	1835.640	1773.035	22.082	0.000	-5804597.333	521.278
43	0.200	1857.595	1773.300	1920.100	1860.215	21.769	0.000	-6314290.261	497.524
43	0.300	1932.227	1864.260	2030.960	1931.660	27.846	0.000	-6807195.016	484.682
43	0.400	2025.357	1948.100	2110.890	2025.350	24.920	0.000	-7300584.789	500.975
43	0.500	2111.481	1969.900	2192.430	2111.490	29.889	0.000	-7814664.183	524.225
43	0.600	2179.540	2043.560	2291.880	2183.240	39.808	0.000	-8354281.478	554.050
43	0.700	2240.560	2059.010	2364.770	2241.250	43.305	0.000	-8925417.929	586.193
43	0.800	2307.884	2189.760	2445.450	2309.145	42.987	0.000	-9525568.565	611.680
43	0.990	2454.340	2348.390	2646.180	2453.310	36.668	0.000	-10132918.670	600.639
44	0.000	1793.380	1793.380	1793.380	1793.380	0.000	0.000	-12499.162	0.607
44	0.100	1821.108	1755.310	1935.840	1811.895	37.004	0.000	-10698656.604	527.650
44	0.200	1904.348	1835.140	1981.130	1903.035	21.503	0.000	-11219474.638	512.094
44	0.300	1990.756	1898.760	2115.350	1989.160	24.753	0.000	-11733336.940	514.612
44	0.400	2060.430	1947.160	2156.300	2059.045	30.371	0.000	-12255581.678	526.776
44	0.500	2126.083	2020.310	2219.660	2125.040	35.399	0.000	-12796220.028	551.862
44	0.600	2181.938	2038.920	2345.050	2183.675	41.354	0.000	-13369605.134	593.274
44	0.700	2239.124	2101.280	2388.680	2240.435	47.060	0.000	-13988408.140	642.904
44	0.800	2304.834	2181.100	2461.280	2306.485	46.039	0.000	-14648849.036	676.067
44	0.990	2456.548	2373.360	2596.460	2456.405	36.017	0.000	-15313187.777	650.523
45	0.000	1706.310	1706.310	1706.310	1706.310	0.000	0.000	-14944.733	0.459
45	0.100	1730.005	1651.420	1824.540	1730.755	27.414	0.000	-15976896.083	408.101
45	0.200	1812.858	1705.380	1908.990	1812.635	29.497	0.000	-16387146.324	409.951
45	0.300	1885.921	1781.000	1982.410	1885.480	34.160	0.000	-16805838.535	424.613
45	0.400	1948.341	1844.230	2066.300	1946.645	37.067	0.000	-17247827.533	457.856
45	0.500	2020.781	1916.670	2119.330	2020.505	34.516	0.000	-17725720.924	496.406
45	0.600	2090.897	1994.320	2205.400	2092.000	33.146	0.000	-18239250.523	528.901
45	0.700	2164.677	2086.200	2266.470	2162.800	32.216	0.000	-18774641.974	539.594
45	0.800	2246.240	2137.920	2344.270	2247.135	30.345	0.000	-19306420.828	521.391
45	0.990	2409.553	2307.940	2517.300	2408.660	34.306	0.000	-19806136.933	477.946
46	0.000	1765.290	1765.290	1765.290	1765.290	0.000	0.000	-21978.798	0.593
46	0.100	1792.395	1755.240	1872.990	1790.620	23.964	0.000	-20179493.818	528.669
46	0.200	1880.744	1830.870	1959.770	1880.005	17.369	0.000	-20698231.143	509.458
46	0.300	1969.210	1860.620	2058.980	1973.145	29.304	0.000	-21211314.287	514.753
46	0.400	2027.784	1943.090	2124.720	2027.525	33.804	0.000	-21735499.616	530.676
46	0.500	2095.720	2000.100	2205.010	2096.230	34.736	0.000	-22276566.246	549.530
46	0.600	2161.807	2048.790	2295.770	2163.290	40.191	0.000	-22838704.670	573.054
46	0.700	2231.153	2114.130	2352.670	2232.005	41.930	0.000	-23425908.059	598.924
46	0.800	2305.711	2215.630	2423.770	2306.755	38.949	0.000	-24039699.062	624.986
46	0.990	2467.637	2393.630	2593.710	2464.085	30.657	0.000	-24663297.819	621.156
47	0.000	1618.200	1618.200	1618.200	1618.200	0.000	0.000	-24279.636	0.389
47	0.100	1699.912	1609.930	1752.190	1690.905	21.871	0.000	-25298858.174	381.244
47	0.200	1738.983	1622.020	1840.520	1739.330	34.646	0.000	-25678615.467	376.695
47	0.300	1793.762	1699.120	1914.270	1791.375	35.551	0.000	-26068292.993	401.464
47	0.400	1857.172	1770.650	1960.020	1857.625	34.632	0.000	-26486491.986	432.049
47	0.500	1925.209	1827.520	2086.550	1923.060	33.981	0.000	-26936679.379	467.615
47	0.600	1997.450	1932.120	2139.460	1993.940	29.564	0.000	-27419386.768	495.344
47	0.700	2086.082	1998.070	2182.000	2087.175	27.324	0.000	-27908922.436	483.549
47	0.800	2175.473	2086.080	2276.320	2175.630	29.499	0.000	-28379472.219	455.299
47	0.990	2342.102	2254.170	2452.080	2340.635	32.781	0.000	-28816530.996	416.094
48	0.000	1541.300	1541.300	1541.300	1541.300	0.000	0.000	-28197.536	0.316
48	0.100	1602.261	1541.590	1669.590	1599.860	26.183	0.000	-29183482.291	314.508
48	0.200	1665.083	1584.980	1746.100	1665.490	25.942	0.000	-29507824.529	332.921
48	0.300	1753.718	1665.850	1831.570	1752.330	24.431	0.000	-29856390.965	361.683
48	0.400	1824.721	1709.190	1925.780	1826.390	33.724	0.000	-30231439.805	387.417
48	0.500	1885.053	1774.050	1986.040	1881.200	33.921	0.000	-30628884.916	405.330
48	0.600	1944.916	1853.820	2058.510	1942.040	30.987	0.000	-31040036.985	415.525
48	0.700	2021.830	1928.520	2139.750	2023.255	29.152	0.000	-31450050.519	403.414
48	0.800	2105.460	2005.070	2198.300	2103.810	30.233	0.000	-31844265.178	382.988
48	0.990	2267.306	2199.510	2380.090	2267.700	30.724	0.000	-32214095.785	354.035
49	0.000	1684.640	1684.640	1684.640	1684.640	0.000	0.000	-31563.433	0.473
49	0.100	1738.496	1637.800	1807.320	1739.785	35.063	0.000	-32605433.974	427.557
49	0.200	1789.419	1687.470	1905.240	1783.760	41.578	0.000	-33031821.210	422.103
49	0.300	1861.711	1767.040	1996.240	1858.600	40.433	0.000	-33460952.214	432.650
49	0.400	1925.106	1821.030	2051.270	1921.895	36.076	0.000	-33904059.254	452.780
49	0.500	1990.010	1868.750	2127.120	1988.325	38.899	0.000	-34377706.808	492.763
49	0.600	2052.251	1954.700	2207.050	2050.320	36.676	0.000	-34888541.379	529.383
49	0.700	2131.767	2061.860	2272.770	2128.775	30.498	0.000	-35426251.229	540.865
49	0.800	2219.724	2147.520	2354.410	2219.915	27.601	0.000	-35956505.374	518.458
49	0.990	2394.151	2317.620	2492.010	2393.995	28.022	0.000	-36457315.300	481.185
50	0.000	1441.190	1441.190	1441.190	1441.190	0.000	0.000	-35870.358	0.324
50	0.100	1557.573	1488.820	1609.550	1564.440	17.127	0.000	-36858180.679	318.111
50	0.200	1617.986	1526.920	1698.380	1615.745	27.182	0.000	-37182108.334	329.460
50	0.300	1705.503	1641.610	1783.170	1697.440	25.508	0.000	-37517104.618	337.593
50	0.400	1782.517	1709.960	1876.490	1778.415	26.838	0.000	-37866068.416	358.661
50	0.500	1865.131	1782.620	1948.760	1863.520	29.644	0.000	-38235779.565	378.851
50	0.600	1941.354	1878.020	2030.600	1943.710	31.460	0.000	-38625003.908	397.048
50	0.700	2026.894	1975.330	2128.350	2019.645	25.531	0.000	-39024871.858	402.060
50	0.800	2122.418	2058.230	2205.560	2119.255	20.254	0.000	-39424910.121	395.320
50	0.990	2306.785	2235.080	2371.150	2306.760	20.995	0.000	-39811469.958	378.024
51	0.000	1471.230	1471.230	1471.230	1471.230	0.000	0.000	4291.814	0.249
51	0.100	1550.791	1458.360	1618.170	1552.115	22.164	0.000	2020028.972	259.455
51	0.200	1600.573	1507.250	1690.850	1604.360	34.860	0.000	1747339.995	283.493
51	0.300	1665.055	1584.030	1761.100	1665.245	33.122	0.000	1459966.301	290.546
51	0.400	1737.571	1679.550	1839.170	1731.380	26.705	0.000	1166661.996	295.180
51	0.500	1821.959	1768.020	1913.120	1819.815	23.991	0.000	876996.968	281.579
51	0.600	1911.535	1852.180	1989.630	1907.180	21.019	0.000	599706.793	272.891
51	0.700	2003.353	1941.830	2080.020	2000.815	20.667	0.000	329517.505	265.364
51	0.800	2095.161	2035.950	2171.750	2093.800	21.290	0.000	67060.626	258.266
51	0.990	2268.764	2213.640	2345.270	2267.745	21.625	0.000	-187646.826	248.149
52	0.000	1453.340	1453.340	1453.340	1453.340	0.000	0.000	425.856	0.339
52	0.100	1554.501	1485.110	1655.270	1560.715	27.815	0.000	-578971.737	353.096
52	0.200	1636.090	1569.890	1721.400	1636.840	17.716	0.000	-934946.142	356.053
52	0.300	1712.126	1646.830	1790.230	1714.520	21.941	0.000	-1302009.180	377.295
52	0.400	1797.130	1719.850	1868.710	1796.905	25.802	0.000	-1689009.282	394.233
52	0.500	1876.280	1780.860	1987.330	1872.555	28.285	0.000	-2097314.591	420.655
52	0.600	1952.277	1872.480	2056.020	1954.315	31.319	0.000	-2533015.552	449.326
52	0.700	2026.956	1960.540	2136.310	2019.475	29.793	0.000	-2992457.010	468.129
52	0.800	2111.302	2024.500	2190.170	2111.335	23.775	0.000	-3454705.115	454.152
52	0.990	2282.164	2208.860	2357.780	2284.200	26.560	0.000	-3889588.323	415.162
53	0.000	1684.450	1684.450	1684.450	1684.450	0.000	0.000	-6030.852	0.524
53	0.100	1726.655	1666.190	1803.660	1723.045	26.316	0.000	-4208275.698	482.438
53	0.200	1812.671	1712.550	1894.450	1818.310	29.629	0.000	-4681893.203	464.059
53	0.300	1870.218	1742.160	1980.130	1871.710	37.619	0.000	-5147537.690	463.959
53	0.400	1942.587	1818.310	2054.050	1941.445	35.690	0.000	-5614096.390	469.218
53	0.500	2025.127	1937.380	2145.770	2023.525	34.397	0.000	-6096163.690	493.899
53	0.600	2100.322	1972.460	2215.910	2101.855	38.317	0.000	-6602637.191	514.998
53	0.700	2171.421	2048.520	2277.630	2173.865	40.873	0.000	-7134295.618	546.349
53	0.800	2237.481	2138.050	2364.980	2235.985	40.609	0.000	-7697805.497	578.788
53	0.990	2392.395	2294.910	2517.230	2393.930	33.356	0.000	-8274263.389	572.415
54	0.000	1418.290	1418.290	1418.290	1418.290	0.000	0.000	-6462.175	0.227
54	0.100	1500.912	1461.100	1549.170	1498.570	18.840	0.000	-8723919.789	239.170
54	0.200	1570.757	1518.380	1628.960	1568.400	19.353	0.000	-8970462.482	252.908
54	0.300	1628.974	1551.500	1719.220	1626.165	30.521	0.000	-9227331.372	258.881
54	0.400	1695.150	1626.470	1803.440	1691.500	25.201	0.000	-9489369.588	264.372
54	0.500	1779.114	1723.900	1851.830	1779.190	19.538	0.000	-9751995.961	258.559
54	0.600	1865.685	1812.830	1938.540	1866.305	20.277	0.000	-10006197.131	249.183
54	0.700	1951.420	1912.740	2031.600	1950.070	20.510	0.000	-10252408.263	241.659
54	0.800	2043.379	2014.690	2102.880	2038.590	16.241	0.000	-10492563.306	236.296
54	0.990	2231.844	2212.050	2287.540	2230.465	9.965	0.000	-10727659.461	233.342
55	0.000	1609.380	1609.380	1609.380	1609.380	0.000	0.000	-12867.909	0.507
55	0.100	1631.000	1576.530	1733.230	1622.940	23.602	0.000	-11027324.968	448.254
55	0.200	1741.664	1686.820	1815.180	1740.460	22.443	0.000	-11475105.194	445.549
55	0.300	1832.958	1780.060	1915.810	1836.100	25.988	0.000	-11922814.948	447.157
55	0.400	1916.004	1827.720	1999.020	1920.365	27.552	0.000	-12372534.643	450.330
55	0.500	1989.902	1888.510	2101.840	1985.355	32.265	0.000	-12831114.334	464.595
55	0.600	2067.029	1920.740	2165.840	2070.085	28.660	0.000	-13303259.958	477.292
55	0.700	2138.708	2024.450	2246.790	2142.900	35.524	0.000	-13792813.651	499.590
55	0.800	2207.830	2059.250	2305.240	2212.245	38.432	0.000	-14302469.949	519.430
55	0.990	2339.495	2248.950	2511.070	2335.900	41.236	0.000	-14837591.174	547.025
56	0.000	1749.760	1749.760	1749.760	1749.760	0.000	0.000	-17176.865	0.504
56	0.100	1755.651	1627.540	1865.150	1752.325	36.654	0.000	-15334827.068	444.523
56	0.200	1810.167	1705.620	1967.140	1810.200	42.030	0.000	-15774544.619	433.650
56	0.300	1857.901	1710.970	1992.450	1853.360	40.855	0.000	-16215517.742	445.918
56	0.400	1908.547	1806.320	2057.910	1908.660	38.768	0.000	-16680027.992	481.297
56	0.500	1973.290	1865.820	2093.950	1972.595	33.901	0.000	-17180326.179	517.764
56	0.600	2044.782	1956.840	2219.550	2045.640	34.208	0.000	-17710811.504	540.874
56	0.700	2124.617	2054.010	2214.910	2122.050	30.173	0.000	-18258142.473	550.870
56	0.800	2212.590	2142.080	2327.120	2212.160	26.572	0.000	-18805850.809	542.995
56	0.990	2386.692	2311.850	2488.900	2387.800	26.143	0.000	-19334145.809	511.285
57	0.000	1568.330	1568.330	1568.330	1568.330	0.000	0.000	-18895.356	0.385
57	0.100	1664.355	1581.360	1730.280	1671.820	19.342	0.000	-19909707.431	371.318
57	0.200	1713.969	1621.470	1814.250	1713.520	33.386	0.000	-20275651.368	359.215
57	0.300	1778.389	1709.990	1871.590	1782.375	30.221	0.000	-20636597.141	360.534
57	0.400	1859.625	1802.250	1972.880	1857.270	24.126	0.000	-21003800.630	371.808
57	0.500	1944.224	1884.490	2029.170	1943.630	22.132	0.000	-21382705.093	384.737
57	0.600	2021.490	1897.530	2107.150	2020.815	30.363	0.000	-21775071.824	398.018
57	0.700	2089.579	1950.620	2187.720	2084.900	35.224	0.000	-22184087.753	417.250
57	0.800	2161.067	2056.960	2284.600	2161.905	39.966	0.000	-22610516.110	434.171
57	0.990	2302.712	2226.780	2458.250	2297.110	33.701	0.000	-23052664.636	448.149
58	0.000	1674.890	1674.890	1674.890	1674.890	0.000	0.000	-25209.782	0.545
58	0.100	1714.076	1605.770	1790.410	1723.550	29.481	0.000	-23402242.959	514.086
58	0.200	1779.458	1690.620	1884.020	1781.155	34.062	0.000	-23908783.037	497.091
58	0.300	1847.308	1736.880	1967.030	1845.790	31.589	0.000	-24408450.057	499.770
58	0.400	1912.830	1807.480	2030.980	1913.135	34.926	0.000	-24911685.390	505.136
58	0.500	1979.370	1892.840	2106.110	1978.070	36.716	0.000	-25426275.537	521.509
58	0.600	2047.484	1952.460	2190.610	2042.820	33.713	0.000	-25959291.843	542.272
58	0.700	2127.109	2017.840	2230.490	2131.590	35.783	0.000	-26512129.808	561.877
58	0.800	2203.868	2108.990	2342.560	2206.910	39.726	0.000	-27084641.649	578.002
58	0.990	2358.420	2275.390	2467.190	2354.915	30.074	0.000	-27670455.816	594.744
59	0.000	1736.760	1736.760	1736.760	1736.760	0.000	0.000	-30034.320	0.519
59	0.100	1800.719	1739.890	1868.390	1807.190	21.162	0.000	-28219054.245	498.528
59	0.200	1893.891	1797.780	1958.500	1895.475	25.179	0.000	-28717244.621	496.092
59	0.300	1963.287	1827.780	2054.700	1963.240	33.779	0.000	-29213659.628	494.337
59	0.400	2021.214	1892.860	2144.410	2023.665	41.615	0.000	-29716417.915	508.697
59	0.500	2079.745	1958.400	2224.160	2077.195	40.620	0.000	-30237838.088	532.983
59	0.600	2137.711	2022.570	2262.430	2135.630	40.990	0.000	-30782184.933	553.190
59	0.700	2200.840	2082.980	2317.470	2200.910	42.117	0.000	-31346553.667	573.760
59	0.800	2267.367	2147.110	2412.960	2264.305	42.185	0.000	-31930239.912	592.144
59	0.990	2417.457	2323.480	2575.700	2416.940	33.771	0.000	-32516130.930	576.751
60	0.000	1584.920	1584.920	1584.920	1584.920	0.000	0.000	-32110.630	0.411
60	0.100	1650.303	1582.480	1723.610	1663.545	24.795	0.000	-33143243.073	408.219
60	0.200	1728.566	1634.880	1804.170	1732.370	19.610	0.000	-33551294.816	405.684
60	0.300	1803.532	1718.830	1889.940	1805.420	32.024	0.000	-33969688.959	429.448
60	0.400	1869.912	1790.340	1980.790	1869.590	29.554	0.000	-34412977.086	455.271
60	0.500	1947.798	1868.320	2053.080	1946.155	27.272	0.000	-34875983.499	469.117
60	0.600	2023.060	1932.620	2118.220	2021.195	28.475	0.000	-35355451.990	486.813
60	0.700	2102.857	2016.330	2226.220	2104.160	30.080	0.000	-35848855.818	499.317
60	0.800	2183.550	2105.100	2271.070	2181.450	28.262	0.000	-36352301.737	500.846
60	0.990	2353.838	2270.810	2519.290	2353.605	26.860	0.000	-36836054.425	469.977
61	0.000	1487.560	1487.560	1487.560	1487.560	0.000	0.000	2887.672	0.281
61	0.100	1554.730	1481.900	1606.780	1556.810	24.280	0.000	1907204.899	304.079
61	0.200	1618.115	1549.060	1691.020	1617.260	25.186	0.000	1594808.747	319.111
61	0.300	1684.650	1588.160	1769.830	1680.125	26.598	0.000	1264739.679	339.326
61	0.400	1746.338	1670.650	1846.050	1745.980	27.416	0.000	911858.666	365.125
61	0.500	1823.183	1747.440	1907.430	1822.445	25.501	0.000	551214.514	354.608
61	0.600	1901.561	1831.130	1981.030	1901.655	26.136	0.000	205172.780	335.530
61	0.700	1983.883	1924.640	2080.550	1980.615	26.253	0.000	-124475.662	322.144
61	0.800	2072.911	2017.190	2157.190	2069.470	23.622	0.000	-442834.317	312.884
61	0.990	2248.164	2202.200	2338.720	2245.920	20.158	0.000	-751084.416	302.042
62	0.000	1706.310	1706.310	1706.310	1706.310	0.000	0.000	-2835.061	0.691
62	0.100	1789.704	1728.760	1839.360	1784.345	16.007	0.000	-1092259.337	643.100
62	0.200	1859.430	1758.410	1939.630	1865.730	30.370	0.000	-1710436.748	591.560
62	0.300	1922.127	1828.370	2040.110	1920.505	33.932	0.000	-2291541.922	568.022
62	0.400	2003.922	1918.750	2089.580	2003.295	29.336	0.000	-2862610.342	572.435
62	0.500	2084.752	1973.740	2184.780	2082.800	33.888	0.000	-3447577.328	594.620
62	0.600	2155.658	2044.320	2281.970	2157.315	39.973	0.000	-4060006.632	628.546
62	0.700	2223.453	2104.890	2359.450	2220.995	42.169	0.000	-4707575.528	663.884
62	0.800	2294.055	2173.150	2421.780	2294.390	41.227	0.000	-5388422.323	696.576
62	0.990	2435.832	2325.590	2570.580	2430.470	41.100	0.000	-6082042.237	672.966
63	0.000	1672.230	1672.230	1672.230	1672.230	0.000	0.000	-8477.168	0.469
63	0.100	1724.207	1645.530	1788.780	1724.980	22.757	0.000	-6637405.583	447.848
63	0.200	1784.448	1650.620	1881.330	1785.025	39.365	0.000	-7074676.090	423.783
63	0.300	1841.379	1757.730	1987.370	1830.310	40.249	0.000	-7494436.109	417.911
63	0.400	1925.211	1848.380	2053.570	1921.060	28.949	0.000	-7921157.862	431.847
63	0.500	2018.679	1910.130	2158.480	2018.610	32.351	0.000	-8368952.794	463.195
63	0.600	2100.492	2000.490	2193.000	2102.045	32.739	0.000	-8847528.047	492.467
63	0.700	2177.712	2064.620	2300.770	2175.815	36.351	0.000	-9349197.740	512.390
63	0.800	2252.891	2157.970	2375.480	2253.425	39.148	0.000	-9870326.091	527.381
63	0.990	2413.768	2324.390	2527.530	2409.995	31.031	0.000	-10397960.012	524.488
64	0.000	1620.790	1620.790	1620.790	1620.790	0.000	0.000	-9966.907	0.322
64	0.100	1708.245	1630.750	1779.470	1708.605	27.745	0.000	-10961791.209	332.529
64	0.200	1775.633	1670.760	1906.990	1772.770	32.593	0.000	-11293838.356	332.865
64	0.300	1849.661	1714.520	1959.360	1848.575	37.923	0.000	-11626137.706	329.511
64	0.400	1909.321	1785.530	2032.700	1905.965	39.671	0.000	-12221393.295	723.379
64	0.500	1976.888	1854.430	2105.390	1975.730	38.065	0.000	-12706953.737	379.715
64	0.600	2042.075	1963.440	2203.630	2041.505	37.624	0.000	-13104053.283	412.982
64	0.700	2118.151	2040.460	2244.900	2113.835	30.256	0.000	-13527369.976	432.204
64	0.800	2209.132	2139.410	2380.210	2208.105	27.003	0.000	-13956758.869	425.290
64	0.990	2384.761	2308.540	2476.080	2384.375	26.999	0.000	-14370314.718	400.112
65	0.000	1596.200	1596.200	1596.200	1596.200	0.000	0.000	-13743.111	0.307
65	0.100	1624.309	1554.380	1724.030	1623.210	24.665	0.000	-14717201.879	291.251
65	0.200	1678.277	1593.520	1772.030	1677.395	32.416	0.000	-15017495.882	308.058
65	0.300	1734.319	1647.310	1828.210	1735.625	32.072	0.000	-15339446.864	334.213
65	0.400	1804.693	1718.860	1937.760	1802.485	36.104	0.000	-15690547.662	366.768
65	0.500	1880.563	1807.310	1999.750	1877.635	35.119	0.000	-16064462.002	379.060
65	0.600	1962.191	1900.090	2063.230	1959.475	29.788	0.000	-16442470.978	375.581
65	0.700	2051.733	2002.800	2179.180	2047.795	25.118	0.000	-16812200.185	362.774
65	0.800	2148.720	2095.050	2252.350	2145.075	22.591	0.000	-17169444.889	350.179
65	0.990	2334.106	2265.290	2413.980	2330.690	19.792	0.000	-17511663.025	332.622
66	0.000	1712.120	1712.120	1712.120	1712.120	0.000	0.000	-19611.145	0.509
66	0.100	1804.294	1733.140	1864.470	1803.015	21.302	0.000	-17787449.966	481.677
66	0.200	1893.516	1800.880	1975.400	1896.560	32.680	0.000	-18261825.384	465.734
66	0.300	1960.196	1865.740	2061.650	1959.475	32.650	0.000	-18721111.743	450.692
66	0.400	2031.334	1917.940	2169.110	2030.760	35.784	0.000	-19173500.896	452.475
66	0.500	2096.319	1978.190	2241.230	2094.670	38.489	0.000	-19634335.646	467.685
66	0.600	2155.039	2051.600	2276.040	2154.900	38.762	0.000	-20116132.894	495.305
66	0.700	2219.383	2112.610	2357.070	2217.405	38.985	0.000	-20627987.878	525.265
66	0.800	2291.439	2176.560	2436.500	2291.475	38.944	0.000	-21167012.783	550.212
66	0.990	2432.949	2321.580	2565.630	2430.060	33.271	0.000	-21727961.199	570.535
67	0.000	1512.850	1512.850	1512.850	1512.850	0.000	0.000	-21319.073	0.236
67	0.100	1613.473	1550.570	1679.580	1613.975	11.434	0.000	-22271765.980	248.803
67	0.200	1673.996	1597.080	1751.260	1671.905	24.182	0.000	-22532647.962	271.810
67	0.300	1750.252	1681.720	1819.540	1750.350	21.981	0.000	-22813748.425	288.477
67	0.400	1823.209	1747.240	1914.990	1824.120	22.681	0.000	-23116190.731	315.245
67	0.500	1904.327	1850.040	1973.930	1901.170	19.419	0.000	-23444251.917	339.119
67	0.600	1997.114	1923.690	2060.640	1996.810	20.086	0.000	-23778924.384	329.408
67	0.700	2087.621	2008.320	2166.370	2089.195	23.736	0.000	-24101412.737	313.926
67	0.800	2173.542	2084.530	2259.020	2175.005	27.771	0.000	-24406814.957	295.837
67	0.990	2338.952	2271.150	2425.670	2337.300	28.155	0.000	-24689145.892	267.359
68	0.000	1470.180	1470.180	1470.180	1470.180	0.000	0.000	-23995.549	0.215
68	0.100	1522.023	1482.660	1603.850	1518.400	22.112	0.000	-24946961.996	246.461
68	0.200	1613.192	1541.320	1667.290	1613.665	18.654	0.000	-25200102.353	258.387
68	0.300	1684.326	1625.680	1745.920	1682.325	19.555	0.000	-25467601.021	275.528
68	0.400	1764.676	1701.930	1830.610	1766.655	20.886	0.000	-25748833.791	285.562
68	0.500	1844.765	1785.880	1949.250	1844.780	20.081	0.000	-26039003.875	292.949
68	0.600	1930.441	1863.430	1996.980	1930.135	21.231	0.000	-26326085.144	279.767
68	0.700	2016.418	1949.070	2091.200	2016.715	23.806	0.000	-26599853.324	266.938
68	0.800	2104.280	2034.510	2179.680	2104.115	23.531	0.000	-26862344.547	256.391
68	0.990	2270.796	2204.790	2373.820	2270.795	27.277	0.000	-27113345.603	244.460
69	0.000	1579.440	1579.440	1579.440	1579.440	0.000	0.000	-26408.253	0.300
69	0.100	1640.561	1570.410	1673.710	1638.470	12.574	0.000	-27383400.693	293.625
69	0.200	1692.989	1613.090	1751.940	1697.150	22.467	0.000	-27684142.051	306.545
69	0.300	1768.468	1675.450	1844.490	1765.615	28.795	0.000	-28004053.605	330.990
69	0.400	1821.066	1723.400	1920.070	1821.555	33.888	0.000	-28349843.924	359.239
69	0.500	1886.069	1811.320	1987.250	1879.370	29.176	0.000	-28722065.557	383.871
69	0.600	1965.097	1894.920	2051.390	1964.430	22.116	0.000	-29101019.532	372.726
69	0.700	2054.705	1989.830	2123.920	2053.895	22.535	0.000	-29466650.027	356.954
69	0.800	2145.310	2080.250	2222.440	2145.970	24.708	0.000	-29817941.102	343.750
69	0.990	2319.853	2256.310	2420.120	2319.165	24.951	0.000	-30153283.994	325.722
70	0.000	1573.390	1573.390	1573.390	1573.390	0.000	0.000	-29488.666	0.311
70	0.100	1613.413	1545.690	1672.960	1613.350	25.473	0.000	-30459869.913	285.820
70	0.200	1684.654	1599.780	1769.390	1682.540	27.208	0.000	-30748356.242	289.546
70	0.300	1747.334	1644.970	1834.780	1746.940	29.680	0.000	-31048577.592	309.911
70	0.400	1821.178	1737.410	1922.560	1819.515	29.745	0.000	-31370478.761	331.895
70	0.500	1901.559	1827.090	1990.190	1900.035	25.182	0.000	-31711677.685	349.461
70	0.600	1978.931	1902.230	2079.590	1977.720	25.851	0.000	-32070370.446	366.615
70	0.700	2060.278	1982.770	2142.310	2061.125	24.786	0.000	-32431642.863	354.213
70	0.800	2146.944	2056.480	2230.660	2147.885	26.717	0.000	-32776632.278	334.121
70	0.990	2314.516	2234.920	2423.020	2313.770	27.735	0.000	-33098051.371	307.222
71	0.000	1726.140	1726.140	1726.140	1726.140	0.000	0.000	2887.672	0.398
71	0.100	1802.430	1736.150	1893.310	1805.880	25.874	0.000	1862584.926	393.108
71	0.200	1872.911	1788.580	1960.830	1881.015	37.441	0.000	1477267.296	376.051
71	0.300	1945.674	1866.750	2063.570	1940.780	31.917	0.000	1097945.297	380.749
71	0.400	2027.725	1939.300	2140.870	2025.905	29.990	0.000	708495.224	396.533
71	0.500	2107.121	2007.620	2222.490	2105.625	33.701	0.000	304412.149	410.376
71	0.600	2179.478	2068.190	2298.310	2181.150	35.626	0.000	-112608.662	421.797
71	0.700	2253.119	2117.740	2382.860	2254.100	37.747	0.000	-542465.628	435.990
71	0.800	2323.310	2201.280	2465.850	2323.850	41.133	0.000	-987114.879	451.152
71	0.990	2474.504	2391.480	2608.190	2471.095	33.401	0.000	-1441519.114	455.612
72	0.000	1477.050	1477.050	1477.050	1477.050	0.000	0.000	-841.484	0.207
72	0.100	1542.877	1453.770	1638.910	1543.330	31.601	0.000	-1780839.598	222.296
72	0.200	1589.884	1517.520	1687.060	1588.410	28.772	0.000	-2017200.331	249.760
72	0.300	1657.060	1588.510	1776.220	1653.785	26.585	0.000	-2282802.916	279.264
72	0.400	1746.039	1681.800	1838.880	1749.350	23.758	0.000	-2558102.160	270.366
72	0.500	1834.532	1773.190	1933.130	1832.730	25.355	0.000	-2821735.906	255.666
72	0.600	1918.837	1857.850	2017.130	1919.270	24.736	0.000	-3071129.107	241.893
72	0.700	2007.104	1934.040	2093.400	2008.165	24.997	0.000	-3309506.811	233.484
72	0.800	2095.548	2025.770	2217.440	2094.790	26.371	0.000	-3540530.277	227.432
72	0.990	2266.443	2215.950	2360.100	2264.180	25.240	0.000	-3765264.951	220.107
73	0.000	1512.920	1512.920	1512.920	1512.920	0.000	0.000	-3047.789	0.279
73	0.100	1604.530	1517.860	1686.760	1605.515	25.152	0.000	-4023129.643	293.609
73	0.200	1667.561	1600.200	1744.980	1663.255	26.736	0.000	-4319299.231	297.438
73	0.300	1749.773	1672.010	1845.110	1750.730	30.025	0.000	-4619252.706	301.604
73	0.400	1832.411	1742.000	1939.150	1827.180	30.349	0.000	-4926399.824	310.598
73	0.500	1910.557	1818.540	2023.010	1915.420	38.408	0.000	-5244704.982	324.552
73	0.600	1988.443	1902.690	2107.520	1993.210	41.090	0.000	-5576268.093	337.159
73	0.700	2069.618	1996.700	2201.230	2059.590	35.104	0.000	-5916935.717	342.689
73	0.800	2160.978	2070.950	2289.440	2161.275	30.178	0.000	-6256591.861	335.637
73	0.990	2339.288	2248.220	2457.230	2339.665	28.352	0.000	-6582815.753	314.956
74	0.000	1507.310	1507.310	1507.310	1507.310	0.000	0.000	-5912.898	0.325
74	0.100	1593.090	1532.680	1698.760	1590.890	27.200	0.000	-6901391.554	320.118
74	0.200	1664.473	1572.440	1767.540	1662.940	31.793	0.000	-7223452.001	322.398
74	0.300	1731.572	1628.380	1836.280	1728.855	34.504	0.000	-7554045.404	337.663
74	0.400	1803.890	1715.360	1907.050	1802.315	30.989	0.000	-7903280.094	359.048
74	0.500	1880.336	1769.310	1994.430	1880.510	34.454	0.000	-8270022.363	373.018
74	0.600	1945.654	1850.700	2069.040	1945.145	34.882	0.000	-8655753.685	397.149
74	0.700	2015.382	1917.230	2127.290	2012.165	34.055	0.000	-9058476.404	406.084
74	0.800	2095.053	2022.180	2201.000	2093.800	29.917	0.000	-9461357.492	397.543
74	0.990	2262.324	2213.140	2386.790	2263.370	28.447	0.000	-9844859.433	369.136
75	0.000	1577.230	1577.230	1577.230	1577.230	0.000	0.000	-9202.322	0.349
75	0.100	1693.655	1619.370	1766.860	1692.230	27.141	0.000	-10202536.543	343.287
75	0.200	1757.001	1666.170	1842.470	1757.095	27.428	0.000	-10549040.654	348.351
75	0.300	1840.279	1741.610	1947.880	1841.765	31.477	0.000	-10906286.755	364.532
75	0.400	1902.898	1783.650	2027.300	1901.390	37.017	0.000	-11285119.742	390.715
75	0.500	1969.596	1854.510	2092.200	1967.840	37.746	0.000	-11688541.398	414.995
75	0.600	2041.653	1937.630	2174.110	2040.680	35.285	0.000	-12115737.421	438.197
75	0.700	2119.247	2010.500	2241.310	2118.110	35.131	0.000	-12559291.276	447.556
75	0.800	2197.193	2107.970	2297.600	2195.235	31.922	0.000	-13003731.176	439.492
75	0.990	2355.630	2282.840	2452.810	2351.425	30.177	0.000	-13426928.963	405.622
76	0.000	1579.930	1579.930	1579.930	1579.930	0.000	0.000	-15563.042	0.421
76	0.100	1685.750	1616.000	1777.560	1678.290	29.734	0.000	-13697265.316	397.850
76	0.200	1758.608	1679.520	1865.790	1758.010	32.266	0.000	-14083354.836	372.594
76	0.300	1825.859	1735.180	1937.710	1825.660	31.549	0.000	-14451785.813	362.820
76	0.400	1887.253	1805.280	2001.910	1886.045	33.046	0.000	-14816749.400	365.082
76	0.500	1960.082	1898.710	2063.170	1955.800	27.096	0.000	-15190135.382	380.374
76	0.600	2044.801	1957.890	2131.600	2044.410	24.605	0.000	-15581083.395	399.526
76	0.700	2118.585	1997.180	2223.370	2119.585	31.941	0.000	-15995995.593	427.897
76	0.800	2192.762	2087.110	2300.140	2191.100	34.775	0.000	-16437921.711	455.280
76	0.990	2343.678	2262.320	2458.550	2340.880	30.904	0.000	-16905323.505	478.787
77	0.000	1598.070	1598.070	1598.070	1598.070	0.000	0.000	-19211.314	0.435
77	0.100	1697.969	1640.810	1787.990	1702.790	22.611	0.000	-17357306.478	421.143
77	0.200	1777.544	1709.910	1861.880	1783.420	25.991	0.000	-17771281.476	405.678
77	0.300	1853.169	1765.260	1943.500	1851.970	30.245	0.000	-18178210.630	406.385
77	0.400	1926.731	1840.970	2007.720	1929.120	28.309	0.000	-18592800.286	421.208
77	0.500	2004.220	1906.320	2119.760	2003.525	31.843	0.000	-19025714.362	442.795
77	0.600	2067.605	1962.920	2177.820	2063.835	37.194	0.000	-19483353.114	470.981
77	0.700	2138.094	2015.550	2248.510	2135.080	36.247	0.000	-19965360.536	490.827
77	0.800	2209.630	2096.270	2345.540	2209.155	38.267	0.000	-20460894.844	498.928
77	0.990	2363.543	2280.180	2486.540	2361.375	29.466	0.000	-20953759.196	483.838
78	0.000	1576.830	1576.830	1576.830	1576.830	0.000	0.000	-20501.002	0.356
78	0.100	1684.675	1599.190	1758.800	1686.335	22.007	0.000	-21506657.536	354.284
78	0.200	1766.887	1704.410	1848.140	1777.125	25.591	0.000	-21859268.382	349.261
78	0.300	1852.643	1760.920	1945.560	1842.430	30.262	0.000	-22219141.016	369.064
78	0.400	1929.366	1850.480	2011.820	1930.555	28.747	0.000	-22601884.126	395.118
78	0.500	2011.375	1932.180	2102.770	2008.390	28.943	0.000	-23009491.251	418.124
78	0.600	2089.993	1979.790	2221.010	2088.580	32.995	0.000	-23438161.762	437.801
78	0.700	2168.718	2072.210	2254.180	2172.105	34.704	0.000	-23883373.696	450.430
78	0.800	2249.474	2163.890	2353.390	2245.830	32.256	0.000	-24334717.028	450.570
78	0.990	2417.958	2321.200	2526.720	2418.475	32.991	0.000	-24764939.592	408.528
79	0.000	1635.930	1635.930	1635.930	1635.930	0.000	0.000	-24141.823	0.342
79	0.100	1678.460	1652.840	1765.590	1673.750	13.467	0.000	-25137100.422	333.839
79	0.200	1785.252	1720.640	1863.200	1783.595	25.053	0.000	-25469113.766	328.369
79	0.300	1875.201	1778.650	1965.040	1873.025	24.921	0.000	-25798681.340	329.529
79	0.400	1942.598	1845.880	2046.130	1938.965	33.633	0.000	-26137832.716	347.090
79	0.500	2014.851	1918.300	2116.180	2014.745	33.957	0.000	-26495652.166	366.936
79	0.600	2087.449	1990.250	2208.890	2086.195	34.792	0.000	-26875082.530	391.311
79	0.700	2166.816	2096.690	2313.700	2163.795	33.398	0.000	-27277087.619	410.409
79	0.800	2251.600	2166.800	2380.880	2249.425	28.821	0.000	-27688255.456	410.325
79	0.990	2430.977	2329.210	2534.690	2429.695	28.344	0.000	-28086172.768	384.448
80	0.000	1722.930	1722.930	1722.930	1722.930	0.000	0.000	-30211.664	0.432
80	0.100	1765.568	1687.880	1863.080	1765.140	30.061	0.000	-28349493.339	404.972
80	0.200	1827.654	1751.130	1958.740	1826.495	30.238	0.000	-28746043.925	386.220
80	0.300	1904.545	1815.360	1996.530	1903.790	28.082	0.000	-29132654.603	385.391
80	0.400	1975.066	1866.300	2067.610	1973.500	33.132	0.000	-29524361.639	396.562
80	0.500	2041.541	1938.990	2150.170	2043.840	36.140	0.000	-29930344.384	413.904
80	0.600	2103.379	1989.120	2219.740	2103.775	37.995	0.000	-30355451.853	434.429
80	0.700	2169.621	2058.460	2307.150	2170.000	37.958	0.000	-30801191.821	454.706
80	0.800	2237.203	2114.400	2366.200	2236.560	39.122	0.000	-31268615.867	478.712
80	0.990	2374.878	2266.610	2473.500	2371.695	34.129	0.000	-31755053.159	492.001
81	0.000	1493.850	1493.850	1493.850	1493.850	0.000	0.000	2887.673	0.257
81	0.100	1592.883	1540.990	1633.360	1595.000	16.152	0.000	1930915.512	256.822
81	0.200	1678.504	1613.060	1730.120	1682.350	20.745	0.000	1672633.083	258.372
81	0.300	1766.463	1678.140	1834.260	1767.855	23.432	0.000	1414365.543	256.530
81	0.400	1846.930	1767.440	1930.180	1849.235	25.964	0.000	1153319.177	264.254
81	0.500	1928.207	1821.870	2006.360	1928.535	30.658	0.000	883779.733	273.338
81	0.600	1997.092	1911.680	2106.280	1994.535	34.558	0.000	601102.864	290.963
81	0.700	2069.150	1988.670	2189.210	2064.045	31.838	0.000	305101.589	299.434
81	0.800	2154.311	2070.380	2247.390	2155.425	27.094	0.000	8391.118	292.806
81	0.990	2329.714	2240.320	2409.050	2327.230	27.299	0.000	-276296.936	275.030
82	0.000	1650.780	1650.780	1650.780	1650.780	0.000	0.000	-2346.729	0.437
82	0.100	1705.635	1633.070	1801.320	1699.570	27.603	0.000	-480757.088	397.387
82	0.200	1757.249	1663.310	1865.540	1752.815	36.207	0.000	-866726.730	372.941
82	0.300	1813.730	1719.460	1914.110	1815.350	34.254	0.000	-1238001.322	368.074
82	0.400	1885.229	1823.060	2006.440	1880.265	30.352	0.000	-1614556.316	383.046
82	0.500	1969.269	1890.010	2052.750	1965.250	26.136	0.000	-2008389.129	403.772
82	0.600	2053.659	1955.000	2161.730	2053.220	29.204	0.000	-2423562.188	424.092
82	0.700	2130.420	2034.760	2241.190	2135.215	33.821	0.000	-2860371.622	448.147
82	0.800	2208.904	2103.950	2321.570	2204.820	35.813	0.000	-3320157.006	469.362
82	0.990	2362.884	2287.330	2473.650	2359.905	31.070	0.000	-3800108.321	488.303
83	0.000	1696.410	1696.410	1696.410	1696.410	0.000	0.000	-3349.589	0.345
83	0.100	1730.422	1655.330	1826.610	1732.365	30.264	0.000	-4342666.473	329.091
83	0.200	1812.843	1706.040	1934.200	1810.100	31.686	0.000	-4670331.717	324.784
83	0.300	1872.255	1764.470	2022.450	1870.585	37.857	0.000	-5002542.582	338.622
83	0.400	1935.148	1820.090	2097.550	1936.080	39.584	0.000	-5352174.075	358.507
83	0.500	1999.286	1891.590	2140.610	1996.375	38.955	0.000	-5722647.938	381.209
83	0.600	2061.925	1967.100	2197.060	2059.265	35.660	0.000	-6113255.242	398.044
83	0.700	2136.120	2054.620	2263.560	2134.200	31.173	0.000	-6509631.591	393.576
83	0.800	2220.934	2114.030	2329.580	2221.020	31.360	0.000	-6895573.365	376.595
83	0.990	2385.612	2294.960	2494.200	2383.900	33.533	0.000	-7260062.290	350.655
84	0.000	1636.760	1636.760	1636.760	1636.760	0.000	0.000	-6608.094	0.411
84	0.100	1716.192	1660.230	1762.180	1713.160	18.135	0.000	-7634540.026	396.408
84	0.200	1787.907	1704.830	1868.630	1784.430	28.625	0.000	-8027349.798	386.897
84	0.300	1860.655	1773.610	1960.660	1858.635	29.828	0.000	-8414893.642	386.434
84	0.400	1930.252	1828.120	2037.760	1929.230	34.999	0.000	-8808817.769	400.030
84	0.500	2002.333	1880.690	2116.060	2004.180	29.923	0.000	-9217524.305	415.276
84	0.600	2077.102	1947.190	2219.630	2076.105	37.217	0.000	-9645603.907	438.548
84	0.700	2142.305	2016.420	2253.930	2143.055	41.638	0.000	-10096845.177	462.591
84	0.800	2213.519	2103.760	2372.630	2210.600	39.803	0.000	-10568276.406	478.944
84	0.990	2372.761	2274.350	2479.910	2374.370	34.389	0.000	-11034986.465	453.343
85	0.000	1613.640	1613.640	1613.640	1613.640	0.000	0.000	-10434.408	0.293
85	0.100	1700.589	1586.320	1771.460	1713.020	25.754	0.000	-11402991.093	280.278
85	0.200	1748.782	1634.590	1838.940	1750.085	33.755	0.000	-11682782.812	278.003
85	0.300	1794.716	1679.220	1924.130	1796.960	41.801	0.000	-11966565.721	287.622
85	0.400	1844.110	1750.560	1999.970	1840.345	39.935	0.000	-12264958.168	307.847
85	0.500	1903.986	1817.970	2047.030	1904.710	34.135	0.000	-12584391.423	329.572
85	0.600	1973.939	1904.810	2107.070	1969.725	29.398	0.000	-12917432.726	335.413
85	0.700	2060.055	1983.820	2141.980	2056.940	24.735	0.000	-13250263.993	328.772
85	0.800	2150.535	2084.210	2260.110	2150.155	24.764	0.000	-13573781.353	317.098
85	0.990	2317.541	2226.440	2441.860	2314.960	29.044	0.000	-13880463.543	294.957
86	0.000	1738.150	1738.150	1738.150	1738.150	0.000	0.000	-15961.232	0.635
86	0.100	1786.360	1758.600	1824.240	1785.845	8.424	0.000	-14171508.938	549.999
86	0.200	1893.919	1773.040	1969.970	1898.255	26.008	0.000	-14710970.823	526.836
86	0.300	1970.059	1833.410	2073.310	1971.600	42.397	0.000	-15227287.845	504.565
86	0.400	2040.078	1909.920	2191.300	2041.565	45.698	0.000	-15730981.367	500.313
86	0.500	2111.011	1989.120	2285.490	2104.865	47.593	0.000	-16238232.117	512.315
86	0.600	2179.898	2082.500	2338.310	2174.455	43.791	0.000	-16764343.079	536.732
86	0.700	2252.703	2110.740	2418.470	2250.690	43.687	0.000	-17313893.475	562.378
86	0.800	2329.657	2190.080	2464.580	2333.480	45.542	0.000	-17887338.744	581.235
86	0.990	2470.057	2353.340	2691.800	2466.275	49.027	0.000	-18483803.977	610.909
87	0.000	1759.140	1759.140	1759.140	1759.140	0.000	0.000	-18095.312	0.356
87	0.100	1818.836	1730.720	1906.190	1819.750	23.313	0.000	-19094288.416	341.179
87	0.200	1877.226	1762.630	1975.830	1879.215	37.226	0.000	-19435645.599	339.483
87	0.300	1944.017	1829.120	2052.140	1944.690	41.941	0.000	-19782331.789	352.712
87	0.400	2003.548	1887.660	2162.150	2000.530	41.889	0.000	-20149990.085	381.767
87	0.500	2064.170	1951.190	2199.480	2062.450	38.714	0.000	-20548771.793	413.546
87	0.600	2131.205	2035.830	2248.450	2129.470	34.424	0.000	-20969387.260	426.537
87	0.700	2211.186	2094.020	2336.120	2212.005	33.102	0.000	-21391398.587	415.216
87	0.800	2295.875	2200.240	2451.310	2295.005	34.489	0.000	-21797556.515	395.545
87	0.990	2455.020	2336.210	2589.970	2456.330	38.491	0.000	-22177413.936	362.521
88	0.000	1831.340	1831.340	1831.340	1831.340	0.000	0.000	-24291.634	0.571
88	0.100	1881.733	1772.310	1980.260	1876.550	44.326	0.000	-22489940.953	525.657
88	0.200	1928.761	1813.570	2066.850	1928.885	35.136	0.000	-22996961.970	486.470
88	0.300	2002.106	1884.560	2116.620	2002.015	35.577	0.000	-23481020.652	479.781
88	0.400	2077.518	1946.950	2219.410	2077.710	40.028	0.000	-23966987.106	490.654
88	0.500	2149.985	2030.490	2277.250	2147.185	39.654	0.000	-24471037.668	515.600
88	0.600	2227.827	2097.560	2360.600	2225.010	39.137	0.000	-24997042.032	534.434
88	0.700	2305.377	2168.710	2427.730	2307.310	43.008	0.000	-25543210.149	556.268
88	0.800	2376.916	2248.670	2528.530	2375.345	45.855	0.000	-26111332.238	578.388
88	0.990	2522.950	2426.930	2677.110	2518.805	39.380	0.000	-26700171.209	596.976
89	0.000	1542.950	1542.950	1542.950	1542.950	0.000	0.000	-26304.583	0.232
89	0.100	1589.625	1532.480	1676.400	1594.940	25.745	0.000	-27254819.656	243.766
89	0.200	1665.128	1538.630	1781.600	1672.915	32.656	0.000	-27500111.019	245.477
89	0.300	1709.621	1616.460	1825.550	1708.275	36.980	0.000	-27752763.605	258.907
89	0.400	1769.244	1694.100	1894.540	1765.740	31.851	0.000	-28026139.783	285.965
89	0.500	1850.091	1775.250	1943.810	1850.215	23.079	0.000	-28313915.284	288.367
89	0.600	1938.824	1859.590	2014.250	1941.710	24.347	0.000	-28597044.322	276.567
89	0.700	2028.067	1955.090	2121.200	2027.595	25.814	0.000	-28868715.492	265.445
89	0.800	2117.062	2036.600	2204.400	2117.255	27.245	0.000	-29130296.363	255.964
89	0.990	2284.867	2198.270	2371.890	2284.675	26.730	0.000	-29380701.581	243.962
90	0.000	1647.450	1647.450	1647.450	1647.450	0.000	0.000	-28675.470	0.353
90	0.100	1717.176	1657.720	1764.960	1725.710	18.077	0.000	-29672743.725	337.722
90	0.200	1777.982	1695.780	1869.180	1778.300	27.607	0.000	-30003773.951	322.684
90	0.300	1855.061	1771.270	1948.820	1858.350	28.094	0.000	-30327594.239	323.028
90	0.400	1925.758	1828.690	2002.130	1927.360	30.855	0.000	-30663218.267	346.744
90	0.500	1993.368	1897.700	2097.480	1992.885	34.603	0.000	-31026808.905	379.362
90	0.600	2059.389	1963.800	2152.270	2061.430	32.584	0.000	-31419576.166	403.595
90	0.700	2133.865	2050.800	2249.330	2131.835	31.390	0.000	-31829717.483	415.200
90	0.800	2218.780	2135.860	2317.540	2218.730	28.278	0.000	-32239760.748	403.792
90	0.990	2386.214	2299.630	2479.830	2385.750	31.353	0.000	-32628605.617	371.862
91	0.000	1661.020	1661.020	1661.020	1661.020	0.000	0.000	2887.672	0.353
91	0.100	1680.896	1568.500	1772.460	1683.405	37.414	0.000	1902538.384	313.212
91	0.200	1735.427	1624.720	1862.330	1732.555	51.002	0.000	1589903.759	310.756
91	0.300	1779.750	1695.880	1891.790	1776.240	33.540	0.000	1266402.786	333.854
91	0.400	1840.420	1761.140	1941.030	1839.160	31.162	0.000	911288.636	374.806
91	0.500	1914.079	1841.740	2024.210	1912.435	27.167	0.000	521546.228	404.903
91	0.600	1993.725	1936.300	2080.630	1992.280	23.779	0.000	113575.395	408.680
91	0.700	2083.460	2005.710	2180.770	2081.650	22.846	0.000	-288352.397	393.661
91	0.800	2175.484	2097.920	2276.010	2175.340	23.172	0.000	-673970.106	376.071
91	0.990	2349.604	2263.320	2448.980	2350.945	28.509	0.000	-1037711.005	349.598
92	0.000	1555.830	1555.830	1555.830	1555.830	0.000	0.000	-385.069	0.375
92	0.100	1625.514	1545.220	1737.180	1628.800	26.741	0.000	-1392431.943	358.066
92	0.200	1690.771	1569.780	1788.210	1694.605	34.543	0.000	-1748533.877	352.074
92	0.300	1739.425	1648.630	1863.110	1736.645	35.426	0.000	-2110860.326	370.624
92	0.400	1802.969	1708.350	1933.720	1801.500	28.995	0.000	-2494502.022	394.890
92	0.500	1874.531	1779.780	1981.950	1878.755	32.163	0.000	-2906249.781	427.483
92	0.600	1939.314	1864.420	2037.130	1935.785	34.270	0.000	-3347313.442	452.937
92	0.700	2016.528	1951.810	2145.890	2013.655	26.740	0.000	-3796907.262	445.310
92	0.800	2103.712	2029.690	2236.930	2101.530	25.969	0.000	-4231723.363	422.727
92	0.990	2276.371	2219.960	2369.620	2272.655	23.281	0.000	-4640245.815	392.072
93	0.000	1455.960	1455.960	1455.960	1455.960	0.000	0.000	-4008.834	0.252
93	0.100	1494.911	1464.640	1565.070	1496.865	14.833	0.000	-4958579.962	242.929
93	0.200	1583.359	1497.080	1632.290	1589.460	18.567	0.000	-5204459.210	247.713
93	0.300	1645.962	1584.220	1726.940	1644.130	26.540	0.000	-5461440.561	264.876
93	0.400	1724.303	1670.300	1800.840	1722.745	24.847	0.000	-5735100.683	281.042
93	0.500	1804.969	1759.010	1893.480	1800.895	20.979	0.000	-6022052.081	291.472
93	0.600	1894.962	1850.120	1983.560	1896.710	15.925	0.000	-6311073.356	284.840
93	0.700	1988.860	1929.640	2036.740	1987.810	17.415	0.000	-6590826.991	273.565
93	0.800	2083.399	2025.140	2140.290	2084.635	20.310	0.000	-6860116.276	263.722
93	0.990	2260.169	2207.810	2332.250	2260.785	22.347	0.000	-7117496.156	249.459
94	0.000	1549.550	1549.550	1549.550	1549.550	0.000	0.000	-6414.814	0.369
94	0.100	1679.237	1595.050	1734.420	1682.015	18.745	0.000	-7431380.525	376.046
94	0.200	1740.556	1690.350	1830.280	1733.105	19.891	0.000	-7793537.571	346.961
94	0.300	1828.341	1760.290	1896.880	1825.435	19.395	0.000	-8144097.011	352.767
94	0.400	1914.116	1820.010	1978.320	1917.815	26.446	0.000	-8508185.145	373.379
94	0.500	1984.277	1878.830	2083.370	1985.605	34.569	0.000	-8898173.329	404.244
94	0.600	2052.559	1961.350	2156.540	2049.180	36.167	0.000	-9318806.453	435.942
94	0.700	2129.893	2053.530	2275.760	2124.925	31.715	0.000	-9767149.461	459.964
94	0.800	2218.493	2141.610	2327.970	2219.475	25.415	0.000	-10226112.127	456.668
94	0.990	2397.463	2316.800	2497.570	2398.790	26.845	0.000	-10664715.633	418.647
95	0.000	1730.580	1730.580	1730.580	1730.580	0.000	0.000	-12807.372	0.449
95	0.100	1806.163	1732.580	1870.470	1808.885	26.149	0.000	-10956979.618	428.673
95	0.200	1875.292	1794.300	1982.790	1879.860	35.149	0.000	-11379134.521	413.845
95	0.300	1936.877	1818.300	2067.090	1936.265	33.920	0.000	-11794775.709	415.894
95	0.400	2005.590	1891.990	2152.050	2003.295	34.578	0.000	-12221912.579	436.180
95	0.500	2079.369	1993.060	2209.470	2078.045	34.748	0.000	-12672328.671	463.557
95	0.600	2155.234	2073.130	2301.540	2154.050	31.734	0.000	-13146875.541	483.002
95	0.700	2236.274	2132.870	2372.680	2236.525	32.960	0.000	-13639872.703	500.682
95	0.800	2311.382	2195.960	2427.900	2312.080	37.520	0.000	-14149023.358	515.770
95	0.990	2462.160	2355.260	2573.360	2461.365	33.183	0.000	-14664837.658	515.329
96	0.000	1700.110	1700.110	1700.110	1700.110	0.000	0.000	-16988.637	0.565
96	0.100	1776.130	1722.070	1842.260	1775.650	24.112	0.000	-15182873.859	517.600
96	0.200	1872.753	1822.660	1948.970	1867.430	21.842	0.000	-15688454.309	491.735
96	0.300	1955.759	1862.390	2030.910	1960.035	25.482	0.000	-16172908.660	475.244
96	0.400	2030.905	1906.330	2120.780	2033.880	30.435	0.000	-16648533.253	473.968
96	0.500	2099.827	1999.020	2224.040	2100.930	40.216	0.000	-17124335.007	476.193
96	0.600	2168.935	2056.670	2305.130	2163.335	40.018	0.000	-17606861.450	487.299
96	0.700	2240.662	2130.070	2371.400	2235.865	38.687	0.000	-18104266.737	505.772
96	0.800	2318.127	2207.360	2468.210	2314.965	35.287	0.000	-18623797.036	530.619
96	0.990	2470.772	2370.390	2579.460	2467.935	39.354	0.000	-19178090.105	575.895
97	0.000	1658.770	1658.770	1658.770	1658.770	0.000	0.000	-18771.475	0.420
97	0.100	1748.047	1693.450	1814.640	1747.785	19.646	0.000	-19798166.045	396.226
97	0.200	1832.378	1757.310	1891.990	1836.810	25.289	0.000	-20188216.756	382.214
97	0.300	1892.787	1775.020	1977.170	1900.200	31.318	0.000	-20572116.169	383.722
97	0.400	1950.536	1810.970	2052.640	1951.745	41.399	0.000	-20967056.136	405.027
97	0.500	2011.986	1890.640	2143.830	2011.350	45.612	0.000	-21388487.746	435.827
97	0.600	2074.547	1945.150	2239.380	2071.540	42.944	0.000	-21838397.131	462.356
97	0.700	2144.083	2045.150	2265.990	2142.225	42.065	0.000	-22308760.052	477.554
97	0.800	2221.806	2136.340	2361.910	2215.910	37.855	0.000	-22789363.729	481.463
97	0.990	2390.201	2299.450	2530.780	2388.365	31.697	0.000	-23258433.638	454.215
98	0.000	1760.550	1760.550	1760.550	1760.550	0.000	0.000	-22658.002	0.383
98	0.100	1857.737	1761.990	1943.180	1858.805	32.799	0.000	-23672561.680	371.961
98	0.200	1900.600	1748.300	2022.470	1902.905	39.503	0.000	-24040873.001	362.926
98	0.300	1943.865	1813.180	2073.410	1945.825	42.374	0.000	-24407992.557	370.396
98	0.400	1990.971	1870.120	2129.610	1991.495	40.145	0.000	-24790315.618	392.012
98	0.500	2053.368	1897.910	2191.880	2052.180	41.362	0.000	-25194793.972	414.944
98	0.600	2110.543	1979.910	2253.450	2109.265	41.386	0.000	-25618766.379	431.390
98	0.700	2171.602	2055.110	2317.880	2167.755	39.013	0.000	-26059709.466	448.903
98	0.800	2247.003	2147.500	2368.030	2247.500	34.268	0.000	-26507504.298	445.092
98	0.990	2406.131	2311.980	2535.210	2406.020	33.739	0.000	-26937938.907	414.662
99	0.000	1515.540	1515.540	1515.540	1515.540	0.000	0.000	-26318.039	0.259
99	0.100	1531.748	1495.700	1621.650	1518.920	31.231	0.000	-27272032.533	251.493
99	0.200	1605.537	1554.370	1670.470	1608.945	21.664	0.000	-27526698.129	256.593
99	0.300	1678.396	1607.030	1754.830	1677.460	25.224	0.000	-27799338.642	286.790
99	0.400	1743.889	1652.360	1824.680	1741.585	30.717	0.000	-28099254.835	311.501
99	0.500	1809.771	1760.130	1900.880	1808.720	28.090	0.000	-28419714.066	328.436
99	0.600	1895.436	1854.290	1979.870	1892.010	19.741	0.000	-28745094.871	321.395
99	0.700	1991.213	1929.590	2051.760	1986.690	17.434	0.000	-29062422.589	311.381
99	0.800	2086.863	2028.830	2160.310	2088.880	18.076	0.000	-29369636.778	300.939
99	0.990	2266.690	2191.840	2345.370	2273.795	22.938	0.000	-29662774.118	284.232
