0	-1.000	-1.000	381.040	-1.000	-1.000	-1.000	1190.791	1520.947
1	-1.000	-1.000	312.040	-1.000	-1.000	-1.000	670.458	850.424
2	-1.000	-1.000	314.660	-1.000	-1.000	-1.000	663.644	867.326
3	-1.000	-1.000	327.540	-1.000	-1.000	-1.000	673.158	901.686
4	-1.000	-1.000	353.440	-1.000	-1.000	-1.000	771.590	933.018
5	-1.000	-1.000	360.540	-1.000	-1.000	-1.000	743.942	1039.335
6	-1.000	-1.000	317.060	-1.000	-1.000	-1.000	617.879	739.473
7	-1.000	-1.000	301.560	-1.000	-1.000	-1.000	704.238	818.894
8	-1.000	-1.000	329.740	-1.000	-1.000	-1.000	668.378	874.372
9	-1.000	-1.000	353.380	-1.000	-1.000	-1.000	826.959	1007.457
10	-1.000	-1.000	319.340	-1.000	-1.000	-1.000	695.767	852.498
11	-1.000	-1.000	344.060	-1.000	-1.000	-1.000	718.812	981.957
12	-1.000	-1.000	337.820	-1.000	-1.000	-1.000	742.376	888.620
13	-1.000	-1.000	334.300	-1.000	-1.000	-1.000	797.664	1019.783
14	-1.000	-1.000	348.200	-1.000	-1.000	-1.000	791.343	1081.933
15	-1.000	-1.000	352.340	-1.000	-1.000	-1.000	807.651	1052.494
16	-1.000	-1.000	303.820	-1.000	-1.000	-1.000	634.011	743.204
17	-1.000	-1.000	319.340	-1.000	-1.000	-1.000	706.632	903.216
18	-1.000	-1.000	403.840	-1.000	-1.000	-1.000	886.378	1163.382
19	-1.000	-1.000	339.540	-1.000	-1.000	-1.000	747.072	917.613
20	-1.000	-1.000	419.620	-1.000	-1.000	-1.000	872.982	1177.254
21	-1.000	-1.000	397.940	-1.000	-1.000	-1.000	871.121	1192.389
22	-1.000	-1.000	383.800	-1.000	-1.000	-1.000	793.920	1255.988
23	-1.000	-1.000	316.260	-1.000	-1.000	-1.000	713.172	871.521
24	-1.000	-1.000	315.540	-1.000	-1.000	-1.000	709.516	892.097
25	-1.000	-1.000	325.560	-1.000	-1.000	-1.000	620.589	933.507
26	-1.000	-1.000	299.420	-1.000	-1.000	-1.000	631.718	762.232
27	-1.000	-1.000	320.300	-1.000	-1.000	-1.000	725.996	887.045
28	-1.000	-1.000	356.340	-1.000	-1.000	-1.000	768.394	977.560
29	-1.000	-1.000	353.000	-1.000	-1.000	-1.000	792.814	1101.760
30	-1.000	-1.000	342.040	-1.000	-1.000	-1.000	740.875	1021.267
31	-1.000	-1.000	296.800	-1.000	-1.000	-1.000	554.190	705.425
32	-1.000	-1.000	403.320	-1.000	-1.000	-1.000	896.256	1286.772
33	-1.000	-1.000	382.940	-1.000	-1.000	-1.000	813.273	1234.825
34	-1.000	-1.000	324.660	-1.000	-1.000	-1.000	730.385	899.832
35	-1.000	-1.000	283.480	-1.000	-1.000	-1.000	575.985	699.478
36	-1.000	-1.000	339.140	-1.000	-1.000	-1.000	653.030	831.310
37	-1.000	-1.000	365.800	-1.000	-1.000	-1.000	852.917	1105.191
38	-1.000	-1.000	282.680	-1.000	-1.000	-1.000	527.052	639.730
39	-1.000	-1.000	329.140	-1.000	-1.000	-1.000	742.224	1019.622
40	-1.000	-1.000	332.880	-1.000	-1.000	-1.000	726.469	992.318
41	-1.000	-1.000	355.000	-1.000	-1.000	-1.000	737.824	1059.203
42	-1.000	-1.000	275.460	-1.000	-1.000	-1.000	542.214	638.159
43	-1.000	-1.000	277.240	-1.000	-1.000	-1.000	521.512	645.746
44	-1.000	-1.000	350.200	-1.000	-1.000	-1.000	803.389	1066.614
45	-1.000	-1.000	340.800	-1.000	-1.000	-1.000	741.337	996.520
46	-1.000	-1.000	296.760	-1.000	-1.000	-1.000	672.320	805.882
47	-1.000	-1.000	330.400	-1.000	-1.000	-1.000	771.283	1000.151
48	-1.000	-1.000	342.780	-1.000	-1.000	-1.000	802.905	1033.009
49	-1.000	-1.000	355.180	-1.000	-1.000	-1.000	765.583	988.945
50	-1.000	-1.000	371.080	-1.000	-1.000	-1.000	896.346	1249.314
51	-1.000	-1.000	396.080	-1.000	-1.000	-1.000	935.731	1224.462
52	-1.000	-1.000	286.700	-1.000	-1.000	-1.000	610.981	729.366
53	-1.000	-1.000	311.140	-1.000	-1.000	-1.000	716.570	865.287
54	-1.000	-1.000	354.140	-1.000	-1.000	-1.000	795.746	1139.683
55	-1.000	-1.000	430.420	-1.000	-1.000	-1.000	928.135	1420.361
56	-1.000	-1.000	343.720	-1.000	-1.000	-1.000	747.188	994.462
57	-1.000	-1.000	303.520	-1.000	-1.000	-1.000	616.286	766.084
58	-1.000	-1.000	333.480	-1.000	-1.000	-1.000	804.325	1003.259
59	-1.000	-1.000	426.860	-1.000	-1.000	-1.000	798.345	1282.661
60	-1.000	-1.000	349.100	-1.000	-1.000	-1.000	719.124	985.097
61	-1.000	-1.000	360.780	-1.000	-1.000	-1.000	856.552	1136.099
62	-1.000	-1.000	287.500	-1.000	-1.000	-1.000	619.065	746.273
63	-1.000	-1.000	347.760	-1.000	-1.000	-1.000	689.761	1073.832
64	-1.000	-1.000	340.840	-1.000	-1.000	-1.000	758.840	981.552
65	-1.000	-1.000	359.580	-1.000	-1.000	-1.000	805.604	987.623
66	-1.000	-1.000	324.280	-1.000	-1.000	-1.000	774.017	893.585
67	-1.000	-1.000	366.980	-1.000	-1.000	-1.000	892.431	1155.146
68	-1.000	-1.000	339.540	-1.000	-1.000	-1.000	702.375	832.358
69	-1.000	-1.000	336.060	-1.000	-1.000	-1.000	718.543	903.462
70	-1.000	-1.000	323.640	-1.000	-1.000	-1.000	818.175	967.222
71	-1.000	-1.000	348.480	-1.000	-1.000	-1.000	835.765	1053.772
72	-1.000	-1.000	333.960	-1.000	-1.000	-1.000	772.676	989.295
73	-1.000	-1.000	295.380	-1.000	-1.000	-1.000	693.736	810.381
74	-1.000	-1.000	335.200	-1.000	-1.000	-1.000	724.447	942.221
75	-1.000	-1.000	323.580	-1.000	-1.000	-1.000	691.632	856.023
76	-1.000	-1.000	356.600	-1.000	-1.000	-1.000	743.642	1016.716
77	-1.000	-1.000	311.720	-1.000	-1.000	-1.000	663.647	859.394
78	-1.000	-1.000	324.180	-1.000	-1.000	-1.000	746.505	947.522
79	-1.000	-1.000	350.680	-1.000	-1.000	-1.000	757.506	965.872
80	-1.000	-1.000	339.560	-1.000	-1.000	-1.000	784.962	994.633
81	-1.000	-1.000	399.700	-1.000	-1.000	-1.000	875.076	1294.233
82	-1.000	-1.000	301.780	-1.000	-1.000	-1.000	650.024	867.812
83	-1.000	-1.000	355.320	-1.000	-1.000	-1.000	806.637	1082.750
84	-1.000	-1.000	292.100	-1.000	-1.000	-1.000	585.170	716.696
85	-1.000	-1.000	430.880	-1.000	-1.000	-1.000	943.174	1311.312
86	-1.000	-1.000	359.260	-1.000	-1.000	-1.000	739.692	1000.123
87	-1.000	-1.000	398.620	-1.000	-1.000	-1.000	896.273	1333.903
88	-1.000	-1.000	313.680	-1.000	-1.000	-1.000	668.919	857.540
89	-1.000	-1.000	327.920	-1.000	-1.000	-1.000	771.592	939.305
90	-1.000	-1.000	342.280	-1.000	-1.000	-1.000	835.888	1041.154
91	-1.000	-1.000	282.480	-1.000	-1.000	-1.000	567.909	733.495
92	-1.000	-1.000	366.800	-1.000	-1.000	-1.000	852.970	1179.244
93	-1.000	-1.000	351.000	-1.000	-1.000	-1.000	734.548	992.119
94	-1.000	-1.000	342.540	-1.000	-1.000	-1.000	750.136	1002.847
95	-1.000	-1.000	353.380	-1.000	-1.000	-1.000	710.586	1032.310
96	-1.000	-1.000	409.180	-1.000	-1.000	-1.000	827.222	1261.040
97	-1.000	-1.000	322.300	-1.000	-1.000	-1.000	713.797	962.875
98	-1.000	-1.000	345.800	-1.000	-1.000	-1.000	805.958	1016.638
99	-1.000	-1.000	319.780	-1.000	-1.000	-1.000	689.705	871.468
