0	-1.000	-1.000	610.960	-1.000	-1.000	-1.000	5065.418	5883.898
1	-1.000	-1.000	627.800	-1.000	-1.000	-1.000	4582.548	5416.499
2	-1.000	-1.000	593.960	-1.000	-1.000	-1.000	3925.466	4590.625
3	-1.000	-1.000	639.150	-1.000	-1.000	-1.000	4031.308	5133.975
4	-1.000	-1.000	601.910	-1.000	-1.000	-1.000	4493.096	5147.782
5	-1.000	-1.000	534.940	-1.000	-1.000	-1.000	3288.047	3692.633
6	-1.000	-1.000	580.770	-1.000	-1.000	-1.000	3552.951	4152.879
7	-1.000	-1.000	669.240	-1.000	-1.000	-1.000	5338.938	6396.477
8	-1.000	-1.000	553.890	-1.000	-1.000	-1.000	3061.486	3503.932
9	-1.000	-1.000	688.300	-1.000	-1.000	-1.000	5306.739	6618.638
10	-1.000	-1.000	671.580	-1.000	-1.000	-1.000	5014.470	6182.082
11	-1.000	-1.000	716.140	-1.000	-1.000	-1.000	5443.107	7010.390
12	-1.000	-1.000	631.670	-1.000	-1.000	-1.000	4580.468	5475.794
13	-1.000	-1.000	697.540	-1.000	-1.000	-1.000	5655.030	6920.147
14	-1.000	-1.000	648.280	-1.000	-1.000	-1.000	4885.624	5765.886
15	-1.000	-1.000	625.590	-1.000	-1.000	-1.000	4317.141	5125.517
16	-1.000	-1.000	690.480	-1.000	-1.000	-1.000	5323.463	6381.586
17	-1.000	-1.000	657.720	-1.000	-1.000	-1.000	5298.619	6224.534
18	-1.000	-1.000	605.670	-1.000	-1.000	-1.000	4214.069	4840.723
19	-1.000	-1.000	678.520	-1.000	-1.000	-1.000	4740.395	5680.235
20	-1.000	-1.000	636.630	-1.000	-1.000	-1.000	4728.040	5539.925
21	-1.000	-1.000	629.770	-1.000	-1.000	-1.000	4585.884	5272.935
22	-1.000	-1.000	673.960	-1.000	-1.000	-1.000	4866.448	6068.838
23	-1.000	-1.000	703.510	-1.000	-1.000	-1.000	5321.484	6815.236
24	-1.000	-1.000	633.760	-1.000	-1.000	-1.000	4134.268	5176.394
25	-1.000	-1.000	645.800	-1.000	-1.000	-1.000	4844.306	5791.603
26	-1.000	-1.000	664.810	-1.000	-1.000	-1.000	5138.757	6706.765
27	-1.000	-1.000	635.450	-1.000	-1.000	-1.000	4758.352	5631.295
28	-1.000	-1.000	625.600	-1.000	-1.000	-1.000	4253.989	5265.944
29	-1.000	-1.000	605.700	-1.000	-1.000	-1.000	4150.209	4887.540
30	-1.000	-1.000	607.610	-1.000	-1.000	-1.000	4343.101	5061.288
31	-1.000	-1.000	643.440	-1.000	-1.000	-1.000	4779.762	5860.630
32	-1.000	-1.000	630.680	-1.000	-1.000	-1.000	4501.228	5480.080
33	-1.000	-1.000	657.210	-1.000	-1.000	-1.000	4666.504	5626.404
34	-1.000	-1.000	737.050	-1.000	-1.000	-1.000	5609.860	7057.196
35	-1.000	-1.000	637.930	-1.000	-1.000	-1.000	4748.793	5801.918
36	-1.000	-1.000	668.760	-1.000	-1.000	-1.000	4812.813	6172.463
37	-1.000	-1.000	610.310	-1.000	-1.000	-1.000	4005.015	4889.015
38	-1.000	-1.000	662.360	-1.000	-1.000	-1.000	5587.110	6393.536
39	-1.000	-1.000	635.560	-1.000	-1.000	-1.000	4834.140	5675.615
40	-1.000	-1.000	742.190	-1.000	-1.000	-1.000	5557.410	7232.610
41	-1.000	-1.000	633.870	-1.000	-1.000	-1.000	5295.381	6360.995
42	-1.000	-1.000	585.520	-1.000	-1.000	-1.000	3697.395	4364.356
43	-1.000	-1.000	664.900	-1.000	-1.000	-1.000	5151.424	6303.051
44	-1.000	-1.000	684.750	-1.000	-1.000	-1.000	5669.834	6857.020
45	-1.000	-1.000	654.600	-1.000	-1.000	-1.000	5277.002	6241.784
46	-1.000	-1.000	684.250	-1.000	-1.000	-1.000	4978.806	6155.560
47	-1.000	-1.000	625.840	-1.000	-1.000	-1.000	4332.144	5180.583
48	-1.000	-1.000	622.730	-1.000	-1.000	-1.000	4770.829	5542.146
49	-1.000	-1.000	649.320	-1.000	-1.000	-1.000	4791.125	5802.692
50	-1.000	-1.000	597.200	-1.000	-1.000	-1.000	3887.337	4647.706
51	-1.000	-1.000	558.370	-1.000	-1.000	-1.000	3641.143	4192.519
52	-1.000	-1.000	570.090	-1.000	-1.000	-1.000	3838.096	4722.675
53	-1.000	-1.000	634.380	-1.000	-1.000	-1.000	4330.415	5406.646
54	-1.000	-1.000	604.490	-1.000	-1.000	-1.000	4590.123	5094.982
55	-1.000	-1.000	640.590	-1.000	-1.000	-1.000	4712.317	5839.563
56	-1.000	-1.000	652.690	-1.000	-1.000	-1.000	5005.327	6071.069
57	-1.000	-1.000	634.930	-1.000	-1.000	-1.000	4825.337	5713.448
58	-1.000	-1.000	637.780	-1.000	-1.000	-1.000	4494.824	5665.309
59	-1.000	-1.000	673.190	-1.000	-1.000	-1.000	5778.501	6966.419
60	-1.000	-1.000	619.010	-1.000	-1.000	-1.000	4381.203	5392.509
61	-1.000	-1.000	617.650	-1.000	-1.000	-1.000	4815.712	5495.748
62	-1.000	-1.000	655.950	-1.000	-1.000	-1.000	4730.912	6126.699
63	-1.000	-1.000	645.870	-1.000	-1.000	-1.000	4584.719	5721.525
64	-1.000	-1.000	661.060	-1.000	-1.000	-1.000	5265.390	6179.857
65	-1.000	-1.000	628.290	-1.000	-1.000	-1.000	5615.486	6473.953
66	-1.000	-1.000	674.990	-1.000	-1.000	-1.000	4970.429	6207.153
67	-1.000	-1.000	635.740	-1.000	-1.000	-1.000	4712.567	5381.493
68	-1.000	-1.000	581.870	-1.000	-1.000	-1.000	3955.607	4560.827
69	-1.000	-1.000	609.630	-1.000	-1.000	-1.000	4803.628	5568.941
70	-1.000	-1.000	594.850	-1.000	-1.000	-1.000	3882.740	4637.885
71	-1.000	-1.000	680.520	-1.000	-1.000	-1.000	5166.196	6191.364
72	-1.000	-1.000	615.220	-1.000	-1.000	-1.000	4377.292	4954.716
73	-1.000	-1.000	610.890	-1.000	-1.000	-1.000	4206.330	4953.077
74	-1.000	-1.000	611.650	-1.000	-1.000	-1.000	4476.077	5343.929
75	-1.000	-1.000	647.940	-1.000	-1.000	-1.000	5237.654	6202.692
76	-1.000	-1.000	640.730	-1.000	-1.000	-1.000	4855.908	5950.547
77	-1.000	-1.000	636.370	-1.000	-1.000	-1.000	4209.864	5394.626
78	-1.000	-1.000	614.200	-1.000	-1.000	-1.000	4195.965	5181.872
79	-1.000	-1.000	637.180	-1.000	-1.000	-1.000	4703.982	5637.533
80	-1.000	-1.000	680.450	-1.000	-1.000	-1.000	5466.732	6621.884
81	-1.000	-1.000	586.510	-1.000	-1.000	-1.000	3668.849	4372.491
82	-1.000	-1.000	651.050	-1.000	-1.000	-1.000	5094.348	6236.778
83	-1.000	-1.000	670.430	-1.000	-1.000	-1.000	5492.691	6430.695
84	-1.000	-1.000	634.060	-1.000	-1.000	-1.000	4159.336	5174.965
85	-1.000	-1.000	631.530	-1.000	-1.000	-1.000	4853.483	5633.121
86	-1.000	-1.000	684.130	-1.000	-1.000	-1.000	5081.991	6514.238
87	-1.000	-1.000	686.740	-1.000	-1.000	-1.000	5574.446	6458.126
88	-1.000	-1.000	708.390	-1.000	-1.000	-1.000	5471.964	6879.436
89	-1.000	-1.000	590.010	-1.000	-1.000	-1.000	3886.661	4538.804
90	-1.000	-1.000	617.340	-1.000	-1.000	-1.000	4358.204	5294.232
91	-1.000	-1.000	627.140	-1.000	-1.000	-1.000	4646.597	5537.335
92	-1.000	-1.000	610.300	-1.000	-1.000	-1.000	4418.946	5423.317
93	-1.000	-1.000	591.440	-1.000	-1.000	-1.000	3877.153	4525.332
94	-1.000	-1.000	619.660	-1.000	-1.000	-1.000	3859.014	4849.265
95	-1.000	-1.000	679.070	-1.000	-1.000	-1.000	5372.694	6613.162
96	-1.000	-1.000	671.250	-1.000	-1.000	-1.000	5434.545	6752.677
97	-1.000	-1.000	641.080	-1.000	-1.000	-1.000	4847.250	5931.069
98	-1.000	-1.000	670.810	-1.000	-1.000	-1.000	5329.889	6343.373
99	-1.000	-1.000	601.070	-1.000	-1.000	-1.000	4815.232	5535.957
