0	0.000	401.980	401.980	401.980	401.980	0.000	0.000	4291.807	0.302
0	0.100	389.148	367.400	406.560	388.660	7.542	0.000	1982229.397	334.907
0	0.200	391.856	372.020	429.040	392.270	5.223	0.000	1660043.792	307.431
0	0.300	393.563	378.100	424.540	393.270	4.776	0.000	1353153.163	304.510
0	0.400	397.011	382.340	429.540	396.140	6.466	0.000	1049448.226	300.794
0	0.500	405.851	388.160	451.940	403.040	11.130	0.000	748713.124	299.103
0	0.600	420.274	400.320	470.540	418.150	11.261	0.000	449112.995	298.227
0	0.700	433.772	409.960	476.520	432.250	10.953	0.000	147073.135	303.375
0	0.800	444.636	420.320	495.620	442.420	11.820	0.000	-162273.473	313.984
0	0.990	465.539	430.460	542.580	460.830	17.564	0.000	-491334.690	343.122
1	0.000	319.280	319.280	319.280	319.280	0.000	0.000	-2791.006	0.188
1	0.100	342.317	321.620	367.020	341.670	7.932	0.000	-790405.167	170.371
1	0.200	350.263	325.240	376.060	350.800	6.983	0.000	-959095.145	165.333
1	0.300	351.142	326.620	379.580	351.000	7.906	0.000	-1131188.870	177.645
1	0.400	358.860	334.600	396.560	357.020	9.499	0.000	-1313523.187	185.325
1	0.500	369.320	339.060	431.080	367.170	12.103	0.000	-1502905.021	191.961
1	0.600	381.889	346.640	448.440	379.850	15.753	0.000	-1701611.055	204.288
1	0.700	397.009	353.780	471.540	394.430	19.502	0.000	-1909606.193	210.512
1	0.800	409.518	363.240	488.020	407.840	20.835	0.000	-2120174.794	209.492
1	0.990	434.808	386.800	536.080	433.930	22.764	0.000	-2325966.834	200.471
2	0.000	312.560	312.560	312.560	312.560	0.000	0.000	-4512.833	0.229
2	0.100	316.662	306.960	330.460	317.140	3.366	0.000	-2539475.664	224.606
2	0.200	334.580	317.400	367.100	334.410	7.126	0.000	-2757613.727	210.178
2	0.300	350.077	322.380	389.840	348.070	10.440	0.000	-2967613.833	208.020
2	0.400	363.577	335.260	411.060	362.090	13.705	0.000	-3177276.510	210.319
2	0.500	374.071	341.300	428.000	373.070	14.899	0.000	-3394544.568	221.768
2	0.600	386.092	347.660	452.720	383.320	16.314	0.000	-3621837.517	230.947
2	0.700	398.516	361.480	455.640	396.780	16.850	0.000	-3860548.119	245.572
2	0.800	409.963	374.580	464.480	408.390	17.572	0.000	-4113229.595	258.530
2	0.990	429.938	395.540	521.380	427.210	19.166	0.000	-4373632.747	261.115
3	0.000	330.240	330.240	330.240	330.240	0.000	0.000	-6591.005	0.239
3	0.100	328.604	315.400	343.540	328.100	3.890	0.000	-4614805.402	218.861
3	0.200	331.569	317.020	364.560	330.150	6.830	0.000	-4834563.156	219.158
3	0.300	349.962	324.060	410.200	348.340	14.844	0.000	-5051786.983	213.764
3	0.400	366.945	334.280	430.580	363.540	17.274	0.000	-5267622.477	216.573
3	0.500	378.761	342.920	430.480	376.210	18.337	0.000	-5493395.579	233.587
3	0.600	389.924	344.360	446.220	390.790	17.756	0.000	-5736116.837	249.744
3	0.700	399.705	357.880	452.520	399.810	17.536	0.000	-5993650.060	263.012
3	0.800	411.505	366.420	499.760	411.440	19.200	0.000	-6260028.456	269.289
3	0.990	432.966	386.400	514.440	431.330	21.706	0.000	-6527278.485	263.271
4	0.000	338.780	338.780	338.780	338.780	0.000	0.000	-8745.674	0.150
4	0.100	365.138	343.280	383.720	366.820	7.833	0.000	-6731550.805	143.369
4	0.200	354.692	338.360	384.280	354.100	5.510	0.000	-6876074.726	144.164
4	0.300	362.462	340.320	402.080	362.280	7.903	0.000	-7021274.919	145.055
4	0.400	370.767	347.760	420.260	369.210	9.975	0.000	-7168521.936	148.026
4	0.500	380.784	356.220	431.860	376.270	14.441	0.000	-7319670.230	153.086
4	0.600	393.323	359.860	450.540	393.960	17.019	0.000	-7481295.018	168.590
4	0.700	404.916	366.960	462.280	404.690	18.490	0.000	-7654365.177	176.666
4	0.800	415.663	376.940	483.260	415.140	18.019	0.000	-7830758.321	174.594
4	0.990	437.143	398.980	498.360	434.530	19.085	0.000	-8000827.491	164.021
5	0.000	374.220	374.220	374.220	374.220	0.000	0.000	-5900.870	0.271
5	0.100	389.981	373.400	426.060	390.060	6.283	0.000	-8169657.309	253.291
5	0.200	392.583	365.580	420.020	392.530	9.749	0.000	-8434575.688	274.361
5	0.300	402.093	373.200	436.680	402.600	10.696	0.000	-8699792.728	254.697
5	0.400	412.442	384.860	445.180	412.420	10.068	0.000	-8948957.483	242.366
5	0.500	418.010	390.460	453.280	417.610	10.187	0.000	-9190450.592	238.433
5	0.600	425.716	398.160	469.680	425.080	11.176	0.000	-9430608.838	239.876
5	0.700	433.700	405.520	487.420	432.340	12.904	0.000	-9674716.137	246.459
5	0.800	443.279	407.660	497.000	441.440	15.632	0.000	-9925625.372	253.388
5	0.990	461.628	419.860	526.880	459.410	19.346	0.000	-10190304.701	274.308
6	0.000	320.360	320.360	320.360	320.360	0.000	0.000	-12454.876	0.132
6	0.100	335.424	315.540	358.740	334.880	5.607	0.000	-10435328.163	132.577
6	0.200	340.311	327.060	362.360	339.330	5.885	0.000	-10568960.055	133.590
6	0.300	350.629	326.120	378.620	351.620	6.620	0.000	-10700671.963	128.226
6	0.400	358.110	336.660	392.260	358.120	6.756	0.000	-10828686.002	126.734
6	0.500	363.564	343.860	415.200	362.210	8.613	0.000	-10958941.840	132.573
6	0.600	372.851	341.200	430.620	369.920	13.147	0.000	-11093967.433	136.230
6	0.700	384.660	356.400	467.660	380.370	17.151	0.000	-11230379.681	135.518
6	0.800	399.769	363.880	481.780	396.900	21.148	0.000	-11365095.993	132.792
6	0.990	428.685	375.720	522.700	427.960	24.069	0.000	-11496006.927	127.819
7	0.000	308.560	308.560	308.560	308.560	0.000	0.000	-13646.527	0.116
7	0.100	309.931	294.540	335.620	309.960	4.863	0.000	-11619452.025	117.563
7	0.200	317.481	298.640	351.720	315.850	6.779	0.000	-11742347.350	127.058
7	0.300	322.949	300.180	361.420	320.750	8.534	0.000	-11873531.816	134.239
7	0.400	333.403	310.020	368.280	333.200	11.595	0.000	-12007492.171	132.589
7	0.500	343.508	313.680	376.020	343.660	11.913	0.000	-12138344.360	127.751
7	0.600	353.383	322.020	399.460	353.740	10.948	0.000	-12264137.665	122.637
7	0.700	361.652	331.160	423.320	360.520	12.150	0.000	-12385997.597	119.751
7	0.800	370.900	338.540	433.080	369.680	14.170	0.000	-12505177.854	117.422
7	0.990	385.690	355.260	443.460	384.240	14.941	0.000	-12621106.808	113.451
8	0.000	334.760	334.760	334.760	334.760	0.000	0.000	-14764.387	0.215
8	0.100	351.166	331.040	376.580	355.080	13.270	0.000	-12782910.448	208.529
8	0.200	361.299	331.960	383.200	361.170	8.283	0.000	-12986154.196	196.361
8	0.300	365.776	343.280	402.860	364.990	8.959	0.000	-13181850.732	193.532
8	0.400	373.467	352.140	412.000	372.410	10.235	0.000	-13375483.425	192.076
8	0.500	381.263	354.880	424.380	380.680	11.071	0.000	-13568938.152	193.181
8	0.600	390.842	366.740	442.060	389.270	12.168	0.000	-13765858.029	199.614
8	0.700	400.200	371.640	458.820	398.600	14.276	0.000	-13969597.017	206.015
8	0.800	410.913	376.480	490.720	407.550	18.031	0.000	-14181283.321	216.423
8	0.990	433.027	388.400	506.160	431.160	20.888	0.000	-14405005.839	228.764
9	0.000	345.760	345.760	345.760	345.760	0.000	0.000	-16605.840	0.176
9	0.100	349.697	336.160	396.700	348.960	6.636	0.000	-14610254.412	180.195
9	0.200	365.387	337.800	421.720	364.670	12.607	0.000	-14789448.326	176.744
9	0.300	374.671	343.160	427.600	374.680	12.785	0.000	-14967275.705	177.716
9	0.400	384.091	349.800	425.140	384.280	12.565	0.000	-15149287.410	184.897
9	0.500	393.248	358.440	428.440	393.470	12.224	0.000	-15340649.017	195.979
9	0.600	401.662	369.980	456.840	400.690	13.307	0.000	-15541223.591	204.295
9	0.700	410.897	378.140	491.200	408.890	15.581	0.000	-15747978.334	207.532
9	0.800	420.172	385.820	500.260	417.880	16.857	0.000	-15954205.070	203.276
9	0.990	441.663	397.480	522.120	439.910	19.928	0.000	-16152819.732	192.690
10	0.000	353.800	353.800	353.800	353.800	0.000	0.000	-18335.852	0.164
10	0.100	345.403	325.960	373.660	343.050	10.035	0.000	-16332047.159	164.076
10	0.200	354.291	331.540	395.680	352.700	9.662	0.000	-16495647.706	161.682
10	0.300	363.304	339.700	418.280	361.450	11.817	0.000	-16662625.042	170.375
10	0.400	376.816	346.800	423.840	375.540	13.519	0.000	-16837061.011	177.739
10	0.500	386.144	355.020	427.420	384.730	13.661	0.000	-17017691.784	182.308
10	0.600	396.038	360.420	440.740	395.500	15.041	0.000	-17205343.933	191.232
10	0.700	407.118	365.780	455.120	406.720	15.474	0.000	-17398149.484	192.900
10	0.800	418.321	380.300	482.420	418.620	15.702	0.000	-17589140.598	187.999
10	0.990	440.782	402.300	518.480	439.610	16.860	0.000	-17772605.367	177.606
11	0.000	402.660	402.660	402.660	402.660	0.000	0.000	4291.807	0.242
11	0.100	387.207	373.160	402.680	388.930	4.804	0.000	2023868.150	251.901
11	0.200	394.146	368.900	425.140	392.250	11.595	0.000	1773199.599	247.732
11	0.300	403.091	371.260	443.100	405.600	12.638	0.000	1525375.194	246.152
11	0.400	414.911	373.040	455.860	413.550	13.482	0.000	1282531.265	237.699
11	0.500	421.873	381.300	480.900	419.390	13.640	0.000	1045324.410	235.379
11	0.600	430.506	392.900	493.420	428.000	16.892	0.000	807761.846	238.130
11	0.700	442.989	402.500	506.140	438.510	19.923	0.000	567310.054	241.184
11	0.800	452.366	407.740	512.540	450.050	20.591	0.000	322087.639	247.144
11	0.990	471.856	423.520	552.140	473.720	21.024	0.000	67930.455	259.451
12	0.000	332.500	332.500	332.500	332.500	0.000	0.000	-2189.216	0.135
12	0.100	334.682	330.980	398.000	333.780	3.850	0.000	-171705.359	136.494
12	0.200	352.821	329.600	407.840	346.420	17.057	0.000	-310837.281	140.725
12	0.300	366.397	330.640	416.720	366.000	18.140	0.000	-453236.683	142.863
12	0.400	378.843	336.120	420.660	380.150	15.534	0.000	-596473.546	142.049
12	0.500	384.808	346.540	426.820	384.940	13.778	0.000	-742522.034	148.776
12	0.600	390.665	355.720	438.140	389.710	13.392	0.000	-897253.162	159.684
12	0.700	399.245	362.000	452.100	398.300	14.838	0.000	-1058133.468	160.704
12	0.800	407.717	363.780	466.500	407.390	17.033	0.000	-1217845.298	157.314
12	0.990	423.106	373.360	493.320	419.870	20.526	0.000	-1372699.614	151.116
13	0.000	346.000	346.000	346.000	346.000	0.000	0.000	-3534.737	0.243
13	0.100	347.629	337.060	376.480	345.820	7.607	0.000	-1569279.253	240.523
13	0.200	356.395	341.800	375.940	355.590	5.574	0.000	-1801017.486	221.287
13	0.300	361.554	345.140	392.560	360.200	6.376	0.000	-2020907.895	216.813
13	0.400	367.766	353.680	408.400	365.930	8.272	0.000	-2237402.882	214.678
13	0.500	376.135	356.380	421.740	374.230	10.275	0.000	-2454157.063	217.400
13	0.600	388.166	366.760	432.580	386.390	12.381	0.000	-2675917.582	224.340
13	0.700	400.058	372.880	465.500	397.470	13.204	0.000	-2907562.469	237.691
13	0.800	412.817	383.720	487.740	409.620	15.285	0.000	-3150900.973	247.976
13	0.990	437.523	403.000	509.900	437.090	18.075	0.000	-3406557.453	261.201
14	0.000	352.040	352.040	352.040	352.040	0.000	0.000	-1355.142	0.303
14	0.100	365.568	351.300	382.540	365.790	3.779	0.000	-3635316.480	275.822
14	0.200	370.413	352.680	407.240	370.310	6.698	0.000	-3906907.158	265.766
14	0.300	380.081	355.460	424.760	378.220	10.540	0.000	-4169571.078	257.677
14	0.400	391.655	365.860	428.780	390.970	12.493	0.000	-4424805.418	251.434
14	0.500	402.549	371.180	442.620	402.450	12.877	0.000	-4678036.471	253.831
14	0.600	412.166	377.140	469.780	411.800	13.471	0.000	-4939506.759	267.563
14	0.700	423.497	386.520	482.020	422.460	15.320	0.000	-5218338.351	288.122
14	0.800	435.303	394.860	510.940	432.800	17.845	0.000	-5517484.887	307.973
14	0.990	457.802	414.860	547.260	454.010	22.091	0.000	-5836630.384	328.483
15	0.000	343.720	343.720	343.720	343.720	0.000	0.000	-3859.693	0.247
15	0.100	357.148	335.000	371.840	362.010	10.747	0.000	-6124819.649	245.798
15	0.200	370.270	345.760	399.500	370.080	8.039	0.000	-6368838.419	241.034
15	0.300	380.442	351.840	420.820	379.320	10.743	0.000	-6606334.731	232.365
15	0.400	389.731	358.740	423.580	389.470	11.604	0.000	-6837471.812	228.137
15	0.500	395.811	366.300	429.160	395.400	11.268	0.000	-7067165.185	230.366
15	0.600	404.437	376.960	453.800	404.020	11.422	0.000	-7301074.654	235.183
15	0.700	414.514	384.060	472.320	413.600	11.807	0.000	-7539785.712	240.612
15	0.800	423.250	393.840	482.460	421.370	12.765	0.000	-7785171.806	248.369
15	0.990	438.825	404.940	517.420	436.520	15.447	0.000	-8042175.457	264.567
16	0.000	307.320	307.320	307.320	307.320	0.000	0.000	-10302.121	0.105
16	0.100	318.719	284.740	335.100	323.630	7.661	0.000	-8275396.766	118.168
16	0.200	324.151	296.720	360.860	326.480	10.451	0.000	-8402046.588	134.009
16	0.300	335.684	300.920	382.180	335.960	13.016	0.000	-8538372.224	137.295
16	0.400	347.084	313.100	390.440	346.110	12.079	0.000	-8677006.893	139.159
16	0.500	352.933	322.740	401.880	351.500	13.433	0.000	-8816774.631	139.517
16	0.600	364.394	327.440	430.360	361.370	17.138	0.000	-8954566.901	134.913
16	0.700	376.914	332.120	459.280	377.700	19.133	0.000	-9087370.378	129.479
16	0.800	390.001	338.660	460.320	391.640	19.796	0.000	-9215235.087	125.012
16	0.990	408.641	362.540	488.980	406.680	19.853	0.000	-9338168.552	119.833
17	0.000	321.360	321.360	321.360	321.360	0.000	0.000	-11484.681	0.183
17	0.100	334.434	324.280	354.140	333.500	3.325	0.000	-9489197.491	180.577
17	0.200	346.835	324.660	379.020	344.280	10.922	0.000	-9666990.004	173.495
17	0.300	357.648	330.620	396.980	357.240	10.082	0.000	-9839460.806	169.945
17	0.400	365.919	336.900	403.780	364.650	12.012	0.000	-10011027.973	172.169
17	0.500	376.217	342.900	418.660	376.320	14.152	0.000	-10186128.815	176.762
17	0.600	388.151	351.100	440.460	388.020	15.728	0.000	-10367210.947	183.895
17	0.700	401.318	354.740	456.020	400.480	16.208	0.000	-10554210.862	188.370
17	0.800	413.222	368.560	476.680	412.350	17.632	0.000	-10745161.412	192.059
17	0.990	431.750	392.940	499.740	430.360	17.864	0.000	-10938572.096	193.825
18	0.000	411.320	411.320	411.320	411.320	0.000	0.000	-8853.632	0.286
18	0.100	415.551	398.700	438.700	416.200	5.346	0.000	-11136256.622	280.878
18	0.200	422.600	402.000	468.560	421.350	9.993	0.000	-11413025.681	271.541
18	0.300	436.665	409.820	478.460	433.800	13.434	0.000	-11679327.464	259.120
18	0.400	453.273	417.400	496.600	453.490	13.103	0.000	-11931439.091	243.773
18	0.500	463.640	427.760	507.240	464.040	13.204	0.000	-12170876.700	233.757
18	0.600	473.310	439.440	539.060	471.910	13.872	0.000	-12402745.589	228.102
18	0.700	483.892	445.380	543.440	481.900	15.852	0.000	-12631471.881	227.296
18	0.800	494.156	455.340	576.360	492.280	18.481	0.000	-12861700.084	231.531
18	0.990	515.148	467.220	620.060	511.830	22.847	0.000	-13104034.130	251.587
19	0.000	352.780	352.780	352.780	352.780	0.000	0.000	-15357.469	0.160
19	0.100	339.275	318.560	361.120	338.180	5.766	0.000	-13350452.261	157.522
19	0.200	341.111	325.560	380.200	338.720	9.289	0.000	-13506057.530	152.314
19	0.300	347.350	325.340	396.540	343.560	11.536	0.000	-13658690.153	151.811
19	0.400	361.027	335.140	402.480	359.190	13.939	0.000	-13810012.194	149.142
19	0.500	371.104	343.300	415.500	370.360	13.331	0.000	-13961667.046	152.701
19	0.600	383.778	346.400	454.100	383.110	15.588	0.000	-14116297.441	155.195
19	0.700	396.972	356.820	477.500	396.490	17.145	0.000	-14275368.367	161.781
19	0.800	408.983	359.700	476.460	407.650	19.257	0.000	-14441364.438	168.770
19	0.990	432.872	378.560	507.600	431.360	22.614	0.000	-14610291.894	168.134
20	0.000	417.660	417.660	417.660	417.660	0.000	0.000	-12512.354	0.289
20	0.100	428.575	414.180	456.700	427.420	7.972	0.000	-14812961.690	316.718
20	0.200	440.361	412.360	495.180	439.280	11.477	0.000	-15123741.730	303.384
20	0.300	452.252	419.340	503.900	451.480	12.024	0.000	-15411383.976	270.324
20	0.400	457.323	427.420	506.660	456.340	12.881	0.000	-15676854.355	258.717
20	0.500	462.855	426.040	504.460	461.500	13.825	0.000	-15935034.438	255.950
20	0.600	473.817	431.460	524.600	473.050	16.335	0.000	-16190717.916	253.308
20	0.700	481.773	440.700	533.360	481.730	16.618	0.000	-16445708.320	254.879
20	0.800	492.196	452.000	569.020	491.370	17.951	0.000	-16704976.222	262.715
20	0.990	507.684	459.160	578.960	506.050	18.621	0.000	-16981171.148	287.838
21	0.000	409.560	409.560	409.560	409.560	0.000	0.000	4291.808	0.289
21	0.100	421.364	403.040	440.180	422.580	5.517	0.000	1997938.540	303.849
21	0.200	427.456	402.340	475.480	425.900	11.257	0.000	1692617.006	304.695
21	0.300	436.443	403.260	491.020	434.600	13.406	0.000	1395888.238	286.970
21	0.400	448.206	411.640	507.940	446.250	15.205	0.000	1113670.299	275.672
21	0.500	457.422	418.560	509.820	456.070	16.051	0.000	841165.745	267.229
21	0.600	466.088	422.380	522.160	464.770	16.591	0.000	574933.261	263.128
21	0.700	475.089	431.400	538.700	474.120	17.066	0.000	308354.535	268.416
21	0.800	483.622	442.160	546.180	482.780	18.348	0.000	34804.623	276.647
21	0.990	501.993	451.780	584.860	500.230	22.627	0.000	-252592.331	296.932
22	0.000	398.680	398.680	398.680	398.680	0.000	0.000	1739.644	0.380
22	0.100	418.241	399.860	440.920	415.240	7.938	0.000	-615380.125	425.948
22	0.200	416.839	403.800	445.320	416.060	5.695	0.000	-1052373.947	445.808
22	0.300	425.209	399.380	462.740	423.960	8.443	0.000	-1485490.455	418.672
22	0.400	434.660	405.680	471.320	433.950	9.804	0.000	-1896203.385	399.686
22	0.500	440.322	411.280	485.220	439.750	10.423	0.000	-2291539.493	388.420
22	0.600	448.275	415.560	504.860	447.920	12.534	0.000	-2678849.646	384.019
22	0.700	457.057	423.760	510.960	455.530	14.621	0.000	-3063646.494	383.892
22	0.800	465.453	427.940	525.520	463.120	16.228	0.000	-3450562.873	386.976
22	0.990	484.047	447.700	540.540	481.910	16.731	0.000	-3845568.845	400.963
23	0.000	303.080	303.080	303.080	303.080	0.000	0.000	-6173.489	0.162
23	0.100	292.702	284.800	317.820	291.000	5.402	0.000	-4166347.888	157.306
23	0.200	316.178	296.720	352.540	315.830	13.047	0.000	-4321064.246	150.901
23	0.300	335.294	303.620	371.140	335.310	10.163	0.000	-4471917.986	149.508
23	0.400	342.324	314.080	381.960	342.000	8.935	0.000	-4626592.220	158.521
23	0.500	345.858	320.880	384.980	345.180	8.735	0.000	-4793290.781	172.802
23	0.600	349.462	325.740	405.280	347.370	10.475	0.000	-4972680.288	185.070
23	0.700	357.271	330.780	426.080	354.330	14.382	0.000	-5160696.926	190.037
23	0.800	368.532	340.380	442.940	365.070	17.834	0.000	-5350975.976	189.147
23	0.990	395.348	365.320	468.220	392.140	19.755	0.000	-5537188.270	181.994
24	0.000	341.260	341.260	341.260	341.260	0.000	0.000	-7714.932	0.203
24	0.100	341.723	330.620	365.360	339.580	7.456	0.000	-5727384.959	196.298
24	0.200	353.781	332.780	381.300	353.780	9.125	0.000	-5918947.021	185.502
24	0.300	362.897	336.620	408.000	361.620	10.762	0.000	-6101318.835	177.683
24	0.400	375.071	339.300	426.820	372.390	15.019	0.000	-6276987.885	171.912
24	0.500	387.479	348.600	467.360	384.660	16.866	0.000	-6450814.854	174.291
24	0.600	402.371	362.300	468.160	402.700	18.379	0.000	-6631018.222	184.766
24	0.700	414.995	370.600	469.020	415.200	19.293	0.000	-6823691.587	198.404
24	0.800	428.122	379.740	492.000	426.710	21.182	0.000	-7028207.626	210.374
24	0.990	452.851	401.780	532.520	452.070	21.557	0.000	-7237796.689	207.637
25	0.000	350.500	350.500	350.500	350.500	0.000	0.000	-5159.899	0.309
25	0.100	359.130	336.220	375.740	360.390	5.322	0.000	-7447724.383	291.290
25	0.200	378.329	353.340	407.360	379.660	8.803	0.000	-7734764.016	280.834
25	0.300	389.496	362.680	422.540	388.700	11.398	0.000	-8015247.383	278.606
25	0.400	397.823	362.320	434.620	398.000	11.210	0.000	-8295024.290	278.967
25	0.500	404.922	370.160	451.180	404.770	13.478	0.000	-8577344.435	283.579
25	0.600	415.025	373.900	467.520	414.630	15.566	0.000	-8864950.549	290.082
25	0.700	423.472	384.040	470.600	422.150	16.010	0.000	-9160039.489	298.619
25	0.800	434.466	393.060	489.500	434.670	16.681	0.000	-9461238.770	303.100
25	0.990	449.583	411.320	534.220	447.760	18.432	0.000	-9773853.846	320.151
26	0.000	281.200	281.200	281.200	281.200	0.000	0.000	-12062.156	0.127
26	0.100	285.067	276.180	314.960	285.190	5.408	0.000	-10041136.769	129.660
26	0.200	306.957	278.380	333.380	305.770	11.229	0.000	-10175589.863	137.758
26	0.300	316.475	284.800	348.780	316.780	10.922	0.000	-10312369.583	135.030
26	0.400	321.950	295.460	360.720	321.140	10.500	0.000	-10451528.290	141.747
26	0.500	327.592	302.620	376.460	325.540	12.370	0.000	-10596592.410	147.229
26	0.600	339.849	308.560	386.860	338.310	14.881	0.000	-10742515.362	143.255
26	0.700	350.336	317.180	416.560	349.210	15.530	0.000	-10884104.939	138.862
26	0.800	362.135	327.520	422.260	361.030	17.607	0.000	-11021933.428	135.557
26	0.990	379.646	343.520	451.440	378.260	19.558	0.000	-11156444.597	132.223
27	0.000	323.520	323.520	323.520	323.520	0.000	0.000	-13309.058	0.157
27	0.100	324.914	317.260	334.400	324.530	4.147	0.000	-11301336.651	155.968
27	0.200	328.978	317.660	362.820	326.500	7.204	0.000	-11457037.628	154.169
27	0.300	344.824	317.380	376.180	344.330	11.722	0.000	-11611774.373	154.116
27	0.400	354.054	322.420	392.400	354.680	10.966	0.000	-11771326.229	163.563
27	0.500	359.841	327.760	397.920	359.610	11.225	0.000	-11937884.594	167.784
27	0.600	370.208	334.060	421.200	369.280	14.752	0.000	-12108123.695	171.575
27	0.700	382.895	345.880	419.840	383.110	15.569	0.000	-12286094.474	183.286
27	0.800	394.370	358.560	460.080	393.330	16.077	0.000	-12474702.867	192.196
27	0.990	411.693	365.000	468.520	411.420	16.642	0.000	-12669151.756	195.240
28	0.000	329.180	329.180	329.180	329.180	0.000	0.000	-14853.133	0.211
28	0.100	368.285	334.600	384.140	368.690	5.267	0.000	-12861441.461	188.034
28	0.200	368.341	334.100	402.680	370.250	9.785	0.000	-13046986.282	181.682
28	0.300	373.194	342.940	420.620	372.600	10.558	0.000	-13228359.020	179.299
28	0.400	381.599	355.140	442.320	380.020	11.833	0.000	-13408379.277	179.179
28	0.500	393.792	363.900	454.160	391.680	15.477	0.000	-13588979.817	180.765
28	0.600	409.412	371.100	473.180	407.830	18.100	0.000	-13772731.202	184.777
28	0.700	422.384	376.380	499.480	421.270	18.150	0.000	-13960709.734	189.550
28	0.800	433.297	386.000	530.960	432.170	18.923	0.000	-14154069.424	195.745
28	0.990	454.628	405.640	555.800	449.360	23.143	0.000	-14354114.424	203.479
29	0.000	364.540	364.540	364.540	364.540	0.000	0.000	-12273.929	0.239
29	0.100	368.428	349.800	392.120	369.280	6.374	0.000	-14551739.013	271.814
29	0.200	375.449	347.000	410.880	373.990	10.925	0.000	-14820760.915	263.787
29	0.300	380.488	351.280	405.260	380.640	10.496	0.000	-15079365.443	251.966
29	0.400	383.221	356.460	406.640	382.880	9.041	0.000	-15330720.655	248.617
29	0.500	386.706	357.000	417.200	386.110	9.163	0.000	-15581412.932	251.170
29	0.600	393.468	369.840	445.320	392.580	11.298	0.000	-15838101.583	260.517
29	0.700	401.725	378.340	467.720	400.060	12.434	0.000	-16105301.283	271.849
29	0.800	411.580	387.420	500.600	408.420	14.294	0.000	-16383670.453	283.762
29	0.990	429.775	403.860	506.260	425.750	16.305	0.000	-16679574.737	305.860
30	0.000	352.840	352.840	352.840	352.840	0.000	0.000	-14691.294	0.248
30	0.100	354.712	344.540	377.740	354.050	4.637	0.000	-16964863.025	262.893
30	0.200	369.324	347.100	407.700	370.040	9.504	0.000	-17222845.857	251.374
30	0.300	379.190	351.020	415.780	379.910	9.381	0.000	-17472489.917	246.101
30	0.400	391.600	361.280	434.020	387.310	15.512	0.000	-17718243.789	243.688
30	0.500	404.695	365.960	444.440	410.610	18.557	0.000	-17962915.007	244.081
30	0.600	417.560	378.500	473.780	419.890	15.581	0.000	-18209136.707	246.023
30	0.700	426.186	389.240	509.040	424.660	14.756	0.000	-18459796.641	253.708
30	0.800	433.547	403.540	526.300	428.330	18.132	0.000	-18718532.011	262.141
30	0.990	449.832	418.040	551.260	440.100	26.635	0.000	-18990603.480	280.538
31	0.000	292.720	292.720	292.720	292.720	0.000	0.000	23.244	0.158
31	0.100	303.230	287.700	324.640	303.720	3.792	0.000	2039352.485	139.359
31	0.200	307.395	289.580	343.800	305.260	8.658	0.000	1896390.135	145.210
31	0.300	315.948	292.260	351.200	311.500	12.694	0.000	1745068.074	156.051
31	0.400	327.663	295.300	369.300	330.160	13.633	0.000	1577315.473	178.039
31	0.500	338.585	304.760	390.040	338.780	13.450	0.000	1394957.809	186.734
31	0.600	349.989	316.140	393.100	349.040	13.640	0.000	1208225.702	184.793
31	0.700	362.613	325.700	416.860	361.840	15.580	0.000	1026585.233	177.330
31	0.800	373.846	339.220	440.180	371.530	17.649	0.000	851604.016	170.971
31	0.990	393.637	355.640	471.620	390.240	21.012	0.000	684826.911	161.227
32	0.000	439.240	439.240	439.240	439.240	0.000	0.000	2786.133	0.364
32	0.100	428.826	418.920	458.920	428.030	5.328	0.000	474671.273	338.174
32	0.200	450.071	419.120	485.240	452.150	10.297	0.000	113771.371	381.317
32	0.300	459.635	423.600	502.880	459.980	12.042	0.000	-263175.720	370.821
32	0.400	469.053	435.880	511.180	467.730	14.006	0.000	-625499.875	351.804
32	0.500	478.279	434.840	518.360	478.320	13.824	0.000	-969906.003	335.303
32	0.600	486.423	448.880	534.040	485.580	14.712	0.000	-1301154.822	325.217
32	0.700	495.521	453.000	557.460	495.260	16.671	0.000	-1625367.467	320.939
32	0.800	505.492	454.020	569.360	505.220	17.415	0.000	-1948104.082	322.349
32	0.990	525.610	478.000	603.540	524.680	18.961	0.000	-2276119.118	332.636
33	0.000	401.900	401.900	401.900	401.900	0.000	0.000	-301.836	0.338
33	0.100	410.042	391.300	423.900	410.640	4.811	0.000	-2632786.511	377.556
33	0.200	411.227	395.420	443.120	409.840	7.921	0.000	-3025653.272	406.053
33	0.300	424.688	399.300	471.640	423.840	9.720	0.000	-3431656.229	403.447
33	0.400	434.822	407.880	496.940	433.150	13.887	0.000	-3823482.800	378.191
33	0.500	445.503	408.800	498.020	441.700	17.092	0.000	-4195613.366	364.775
33	0.600	459.672	416.580	524.300	458.050	19.057	0.000	-4557145.834	356.691
33	0.700	472.398	423.240	539.660	472.940	19.234	0.000	-4915498.993	357.388
33	0.800	485.785	436.120	577.400	485.320	19.147	0.000	-5276476.543	361.758
33	0.990	503.710	449.880	578.540	503.040	19.549	0.000	-5647982.972	380.653
34	0.000	308.120	308.120	308.120	308.120	0.000	0.000	-7966.168	0.174
34	0.100	340.689	316.640	365.860	342.470	11.884	0.000	-5960012.988	159.051
34	0.200	345.752	324.000	381.180	345.570	8.152	0.000	-6114614.678	148.939
34	0.300	352.045	326.080	396.560	351.300	9.156	0.000	-6262588.919	145.653
34	0.400	362.218	337.820	416.000	360.970	10.670	0.000	-6409549.162	146.885
34	0.500	370.415	343.020	414.640	368.850	12.285	0.000	-6560346.793	153.600
34	0.600	377.979	348.000	438.780	376.230	13.091	0.000	-6718984.606	162.039
34	0.700	386.312	356.300	446.080	385.070	13.721	0.000	-6886315.612	171.188
34	0.800	395.487	362.380	454.260	394.450	15.393	0.000	-7061701.484	178.409
34	0.990	416.324	381.900	502.040	414.660	19.241	0.000	-7239627.397	176.236
35	0.000	283.240	283.240	283.240	283.240	0.000	0.000	-9414.365	0.115
35	0.100	278.799	271.260	335.760	276.560	7.382	0.000	-7385852.012	114.592
35	0.200	301.236	280.400	342.080	298.080	11.250	0.000	-7498845.962	110.298
35	0.300	315.166	291.660	355.380	312.950	12.105	0.000	-7611056.367	112.927
35	0.400	328.714	298.500	370.700	328.410	11.974	0.000	-7726677.867	116.959
35	0.500	337.671	303.920	385.060	337.190	12.555	0.000	-7848899.605	126.704
35	0.600	347.767	315.980	391.880	347.010	13.206	0.000	-7977206.492	128.985
35	0.700	358.017	324.240	443.740	355.720	15.409	0.000	-8106615.200	128.415
35	0.800	370.707	327.400	460.320	368.190	19.775	0.000	-8234775.060	126.934
35	0.990	395.337	350.440	515.020	391.400	26.673	0.000	-8360470.069	123.073
36	0.000	328.480	328.480	328.480	328.480	0.000	0.000	-10508.583	0.159
36	0.100	331.082	323.560	345.280	330.360	3.394	0.000	-8502341.892	158.872
36	0.200	334.753	324.700	349.800	335.550	4.284	0.000	-8658527.661	152.227
36	0.300	338.398	328.480	405.580	337.980	6.294	0.000	-8810015.092	149.593
36	0.400	354.075	333.880	430.060	344.170	20.191	0.000	-8958799.634	146.675
36	0.500	382.633	335.780	454.300	386.780	25.712	0.000	-9106294.341	146.788
36	0.600	406.260	347.760	478.180	406.150	22.066	0.000	-9255623.669	150.372
36	0.700	419.162	365.040	487.200	418.490	20.625	0.000	-9411030.034	159.506
36	0.800	430.810	373.760	521.100	428.940	22.344	0.000	-9575458.764	168.213
36	0.990	451.020	396.460	548.640	448.240	26.649	0.000	-9747418.147	174.269
37	0.000	384.720	384.720	384.720	384.720	0.000	0.000	-7652.690	0.287
37	0.100	386.345	373.240	413.620	385.080	5.638	0.000	-9923316.427	256.784
37	0.200	395.805	370.320	426.200	397.180	9.016	0.000	-10176139.172	247.243
37	0.300	401.247	377.880	450.220	401.920	8.939	0.000	-10420993.141	240.777
37	0.400	408.003	382.040	460.900	406.320	9.887	0.000	-10662323.804	240.236
37	0.500	415.869	388.500	465.360	414.060	12.167	0.000	-10902908.048	239.236
37	0.600	423.760	392.440	477.780	421.050	14.282	0.000	-11145947.527	244.835
37	0.700	434.088	401.140	490.440	431.620	16.117	0.000	-11395801.198	253.356
37	0.800	442.655	402.780	527.660	441.570	17.286	0.000	-11655247.954	263.416
37	0.990	460.764	415.340	547.300	458.660	19.195	0.000	-11930831.106	286.889
38	0.000	265.800	265.800	265.800	265.800	0.000	0.000	-14201.861	0.111
38	0.100	283.212	261.640	308.500	280.610	10.815	0.000	-12172799.665	113.613
38	0.200	291.174	265.820	336.080	289.170	12.918	0.000	-12291830.677	123.339
38	0.300	314.987	280.360	354.560	315.530	14.528	0.000	-12413008.710	117.665
38	0.400	327.081	289.540	363.500	327.620	11.481	0.000	-12537412.624	130.241
38	0.500	331.083	293.560	361.420	331.810	10.615	0.000	-12669290.170	132.195
38	0.600	333.681	307.100	371.280	333.370	8.823	0.000	-12800079.825	128.251
38	0.700	337.253	312.160	414.400	335.890	10.566	0.000	-12928111.330	126.726
38	0.800	343.400	316.940	414.400	339.670	15.344	0.000	-13054689.303	125.383
38	0.990	369.671	338.340	455.680	364.420	21.223	0.000	-13178535.466	121.189
39	0.000	336.800	336.800	336.800	336.800	0.000	0.000	-11057.083	0.276
39	0.100	346.558	324.980	372.380	346.320	7.580	0.000	-13339730.102	280.738
39	0.200	359.809	328.340	385.620	359.590	11.321	0.000	-13609735.905	258.004
39	0.300	366.448	341.260	394.720	366.100	7.730	0.000	-13863169.893	246.983
39	0.400	369.880	346.160	400.220	369.230	8.143	0.000	-14109286.170	243.795
39	0.500	376.664	348.420	423.080	375.670	10.667	0.000	-14356671.810	249.312
39	0.600	384.629	355.600	448.480	384.000	12.664	0.000	-14611183.692	257.300
39	0.700	394.782	370.480	465.640	391.000	15.480	0.000	-14871427.724	262.715
39	0.800	406.682	380.240	506.780	400.900	19.237	0.000	-15140217.476	272.642
39	0.990	434.985	396.140	533.060	431.320	25.515	0.000	-15424044.016	292.933
40	0.000	317.220	317.220	317.220	317.220	0.000	0.000	-13429.366	0.232
40	0.100	347.581	317.900	367.040	347.960	5.689	0.000	-15684337.412	225.902
40	0.200	357.822	320.580	383.260	357.300	8.725	0.000	-15907882.551	219.576
40	0.300	365.786	333.780	394.700	365.730	8.631	0.000	-16127342.655	217.474
40	0.400	375.627	341.560	415.760	374.440	9.816	0.000	-16344581.596	215.304
40	0.500	384.759	357.440	424.200	383.510	10.811	0.000	-16561440.882	217.184
40	0.600	396.474	359.320	444.580	396.030	13.422	0.000	-16780824.339	219.245
40	0.700	405.126	369.560	463.320	404.480	14.154	0.000	-17004698.375	227.065
40	0.800	413.568	375.620	487.220	412.650	15.703	0.000	-17237143.587	235.894
40	0.990	428.713	389.440	500.140	427.270	19.656	0.000	-17480811.862	249.910
41	0.000	381.940	381.940	381.940	381.940	0.000	0.000	4291.808	0.272
41	0.100	380.770	355.580	414.280	381.290	12.134	0.000	1986359.807	326.500
41	0.200	398.191	368.600	432.640	397.710	9.046	0.000	1667494.158	309.833
41	0.300	411.995	382.900	455.360	410.670	12.739	0.000	1367999.639	286.600
41	0.400	423.401	394.820	464.860	422.490	13.465	0.000	1088904.492	270.372
41	0.500	429.392	392.540	485.240	428.270	14.583	0.000	821733.881	262.273
41	0.600	438.404	394.660	483.540	437.620	15.512	0.000	558911.686	261.212
41	0.700	448.105	406.400	508.040	447.800	16.545	0.000	294274.351	266.459
41	0.800	458.327	411.900	517.500	458.070	17.839	0.000	21751.522	276.329
41	0.990	473.434	423.040	546.700	473.410	19.129	0.000	-265738.780	297.327
42	0.000	285.160	285.160	285.160	285.160	0.000	0.000	-2542.023	0.099
42	0.100	284.554	271.960	297.060	284.480	4.382	0.000	-508477.192	104.686
42	0.200	289.038	274.580	301.660	288.940	5.450	0.000	-615002.144	107.252
42	0.300	296.652	280.820	334.940	294.710	9.287	0.000	-725287.586	112.333
42	0.400	305.354	283.500	359.440	300.180	13.720	0.000	-837328.145	110.578
42	0.500	315.960	289.700	367.420	314.370	15.480	0.000	-947639.524	109.020
42	0.600	333.557	303.100	397.220	332.500	18.256	0.000	-1054979.067	104.580
42	0.700	353.486	317.080	414.840	352.400	19.382	0.000	-1157972.977	100.249
42	0.800	368.112	326.860	452.520	367.080	19.211	0.000	-1257179.892	97.255
42	0.990	391.609	343.920	478.460	389.710	19.934	0.000	-1353179.789	93.615
43	0.000	290.100	290.100	290.100	290.100	0.000	0.000	-3486.429	0.128
43	0.100	299.071	280.120	320.420	299.080	7.887	0.000	-1467675.279	134.099
43	0.200	309.778	278.600	339.120	313.510	10.002	0.000	-1604452.206	138.255
43	0.300	322.025	292.120	384.700	320.430	10.361	0.000	-1749814.918	151.412
43	0.400	337.409	304.600	385.440	332.330	17.876	0.000	-1903323.962	153.912
43	0.500	352.831	312.300	406.880	353.190	18.945	0.000	-2056305.758	150.853
43	0.600	370.187	319.720	422.240	370.990	18.027	0.000	-2207068.263	149.944
43	0.700	381.336	336.160	432.700	380.620	15.511	0.000	-2356534.721	147.693
43	0.800	390.588	348.980	448.260	390.180	17.216	0.000	-2502517.667	142.956
43	0.990	411.820	365.880	488.980	411.790	19.825	0.000	-2642006.370	135.061
44	0.000	365.200	365.200	365.200	365.200	0.000	0.000	-527.542	0.252
44	0.100	366.193	346.000	384.940	366.660	6.007	0.000	-2791044.304	242.725
44	0.200	367.376	343.700	407.820	366.490	9.065	0.000	-3031967.651	237.413
44	0.300	378.528	347.180	415.860	378.080	12.326	0.000	-3268426.494	233.860
44	0.400	390.747	353.080	452.860	390.400	13.478	0.000	-3503550.075	235.181
44	0.500	402.204	366.840	459.400	399.490	16.529	0.000	-3741135.671	238.293
44	0.600	414.506	377.720	480.140	411.960	17.793	0.000	-3982260.104	241.873
44	0.700	422.915	380.460	481.660	420.770	17.446	0.000	-4229711.245	251.632
44	0.800	432.411	389.240	499.900	430.900	18.859	0.000	-4487187.580	261.291
44	0.990	447.667	402.360	510.960	445.820	21.414	0.000	-4758236.235	279.688
45	0.000	334.040	334.040	334.040	334.040	0.000	0.000	-7025.715	0.244
45	0.100	334.921	327.160	349.020	334.980	2.368	0.000	-5063127.465	246.105
45	0.200	346.936	328.400	373.320	345.670	7.660	0.000	-5299479.231	224.792
45	0.300	352.994	333.420	386.660	352.650	9.112	0.000	-5519093.543	212.656
45	0.400	360.730	334.140	412.480	360.600	10.206	0.000	-5733088.150	214.088
45	0.500	368.257	342.740	417.880	366.690	11.049	0.000	-5953869.582	226.321
45	0.600	378.131	352.460	446.180	375.720	15.079	0.000	-6190300.810	243.538
45	0.700	390.657	360.740	454.740	388.860	15.724	0.000	-6440853.617	257.048
45	0.800	403.141	371.100	474.520	401.230	16.966	0.000	-6705444.385	270.266
45	0.990	425.185	391.860	497.120	422.300	17.495	0.000	-6979411.617	276.892
46	0.000	300.440	300.440	300.440	300.440	0.000	0.000	-9204.975	0.124
46	0.100	307.704	299.520	330.660	302.120	8.183	0.000	-7193119.765	147.702
46	0.200	322.141	301.780	359.040	320.880	8.192	0.000	-7337796.434	140.782
46	0.300	332.270	309.580	364.500	331.000	11.053	0.000	-7480431.821	143.159
46	0.400	343.687	312.460	388.600	343.100	11.437	0.000	-7624380.163	142.683
46	0.500	352.487	322.880	389.880	351.460	12.091	0.000	-7770751.941	150.028
46	0.600	362.326	329.100	416.140	360.490	14.464	0.000	-7921629.398	150.217
46	0.700	375.134	337.580	439.380	373.900	17.381	0.000	-8070033.595	145.202
46	0.800	387.996	340.180	442.600	387.460	18.981	0.000	-8212823.787	139.320
46	0.990	411.180	362.320	491.160	409.900	20.509	0.000	-8348839.577	131.195
47	0.000	317.080	317.080	317.080	317.080	0.000	0.000	-10500.975	0.220
47	0.100	330.154	315.260	356.420	330.260	8.846	0.000	-8522702.048	214.648
47	0.200	341.398	310.760	387.520	341.390	9.999	0.000	-8736532.286	211.715
47	0.300	349.620	322.340	388.140	348.440	11.184	0.000	-8943549.995	200.858
47	0.400	354.121	325.740	398.480	352.730	13.278	0.000	-9144592.591	199.347
47	0.500	360.579	329.080	411.420	359.980	14.110	0.000	-9347757.257	205.462
47	0.600	372.783	338.360	435.540	371.480	15.385	0.000	-9560071.216	217.063
47	0.700	382.196	347.280	436.080	382.550	15.698	0.000	-9782185.961	226.209
47	0.800	394.456	359.800	472.980	392.670	18.614	0.000	-10011187.877	230.655
47	0.990	419.542	382.760	498.640	413.440	22.456	0.000	-10249524.382	244.237
48	0.000	355.940	355.940	355.940	355.940	0.000	0.000	-12458.480	0.238
48	0.100	353.011	329.080	375.180	354.380	7.672	0.000	-10482175.103	218.305
48	0.200	357.202	334.840	381.580	357.850	7.359	0.000	-10697523.538	210.942
48	0.300	365.972	343.800	407.260	365.320	9.239	0.000	-10908765.212	209.948
48	0.400	378.265	354.640	421.000	376.930	11.514	0.000	-11118713.259	208.661
48	0.500	394.122	359.760	443.760	393.910	14.341	0.000	-11328750.580	210.199
48	0.600	407.976	365.980	476.140	406.990	16.200	0.000	-11546002.234	222.214
48	0.700	419.924	376.960	490.340	418.310	16.713	0.000	-11773686.607	232.040
48	0.800	430.159	387.320	515.160	428.040	19.259	0.000	-12009061.142	236.900
48	0.990	452.440	401.780	549.500	450.150	23.761	0.000	-12245175.992	234.029
49	0.000	368.520	368.520	368.520	368.520	0.000	0.000	-14449.081	0.227
49	0.100	358.223	345.140	378.180	356.520	5.345	0.000	-12457910.127	189.008
49	0.200	363.129	346.620	390.180	361.610	7.279	0.000	-12647500.909	188.726
49	0.300	369.960	350.320	420.820	369.010	9.037	0.000	-12838618.496	191.893
49	0.400	380.880	356.820	424.700	379.330	10.957	0.000	-13032671.360	194.646
49	0.500	393.670	362.440	457.840	391.370	15.003	0.000	-13230788.331	199.769
49	0.600	408.992	368.500	477.020	406.510	18.534	0.000	-13437435.858	212.121
49	0.700	425.108	379.560	487.860	423.370	20.750	0.000	-13655782.460	223.620
49	0.800	439.510	389.820	508.440	438.800	21.740	0.000	-13884864.858	232.731
49	0.990	464.643	412.740	539.040	462.980	23.410	0.000	-14121038.182	238.337
50	0.000	392.020	392.020	392.020	392.020	0.000	0.000	-12058.506	0.288
50	0.100	403.760	383.440	450.740	399.460	11.485	0.000	-14354199.605	306.684
50	0.200	420.517	383.620	466.040	418.850	15.044	0.000	-14669021.050	321.637
50	0.300	423.081	380.560	456.560	422.740	12.645	0.000	-14983306.869	304.569
50	0.400	427.264	395.120	466.240	427.390	12.552	0.000	-15283570.283	294.215
50	0.500	431.175	393.080	465.240	431.190	11.784	0.000	-15576943.883	290.538
50	0.600	436.621	399.680	502.960	435.260	12.996	0.000	-15869955.531	293.062
50	0.700	442.094	410.860	498.160	440.410	13.980	0.000	-16169111.939	302.833
50	0.800	449.091	409.700	511.540	447.100	15.798	0.000	-16478883.682	315.376
50	0.990	463.432	430.220	569.960	459.150	20.558	0.000	-16807955.572	341.124
51	0.000	409.320	409.320	409.320	409.320	0.000	0.000	4291.807	0.328
51	0.100	405.552	379.280	429.220	406.600	8.955	0.000	1998441.507	302.292
51	0.200	411.791	380.700	453.720	411.420	9.994	0.000	1708949.955	275.150
51	0.300	413.579	390.700	463.300	411.800	10.856	0.000	1440757.489	258.866
51	0.400	423.486	392.560	475.320	421.560	13.602	0.000	1183252.653	255.010
51	0.500	430.706	395.680	482.960	429.390	14.034	0.000	926275.073	257.328
51	0.600	439.704	401.040	495.420	438.280	14.951	0.000	665138.488	262.500
51	0.700	449.869	407.920	508.280	448.640	16.362	0.000	397713.735	271.558
51	0.800	459.512	410.020	532.240	457.990	18.663	0.000	118997.324	284.089
51	0.990	478.203	428.880	551.520	476.490	20.391	0.000	-175732.725	303.541
52	0.000	287.660	287.660	287.660	287.660	0.000	0.000	-2455.298	0.125
52	0.100	291.928	283.560	314.960	291.160	2.871	0.000	-431449.055	124.003
52	0.200	310.160	281.160	364.440	297.780	22.102	0.000	-559318.252	130.481
52	0.300	336.527	294.000	379.780	342.120	19.807	0.000	-694742.142	139.578
52	0.400	351.787	307.600	389.640	352.870	14.532	0.000	-838573.310	146.616
52	0.500	360.520	314.740	404.380	359.980	13.896	0.000	-985215.416	145.679
52	0.600	367.988	328.980	412.640	366.650	14.233	0.000	-1128267.360	139.171
52	0.700	376.522	340.440	437.940	377.060	14.697	0.000	-1265428.346	134.246
52	0.800	384.228	343.000	440.280	384.260	15.220	0.000	-1397794.982	129.154
52	0.990	398.985	356.540	460.500	397.950	16.557	0.000	-1523701.719	121.336
53	0.000	304.680	304.680	304.680	304.680	0.000	0.000	-3670.904	0.133
53	0.100	315.882	304.560	346.100	314.240	5.175	0.000	-1651290.424	132.341
53	0.200	336.560	303.640	379.100	334.740	12.787	0.000	-1783887.756	131.862
53	0.300	354.687	318.040	392.480	356.210	14.321	0.000	-1917633.847	134.579
53	0.400	371.481	328.900	411.340	372.580	13.385	0.000	-2056243.014	140.701
53	0.500	378.966	334.000	421.500	378.980	13.513	0.000	-2203633.571	152.627
53	0.600	388.785	346.680	453.760	387.960	14.957	0.000	-2359135.751	157.375
53	0.700	401.233	358.140	457.620	401.110	15.624	0.000	-2517170.585	157.623
53	0.800	413.586	370.960	471.140	412.890	17.516	0.000	-2674101.522	155.070
53	0.990	433.644	386.520	514.240	432.390	20.445	0.000	-2826406.049	148.231
54	0.000	381.340	381.340	381.340	381.340	0.000	0.000	-718.508	0.338
54	0.100	363.488	348.340	391.020	363.320	5.376	0.000	-3025717.202	329.720
54	0.200	374.656	355.100	399.460	374.680	6.346	0.000	-3340470.627	297.916
54	0.300	380.437	361.680	413.820	379.120	8.450	0.000	-3631648.594	282.955
54	0.400	393.672	363.600	443.980	392.550	13.885	0.000	-3912084.217	276.630
54	0.500	407.070	372.520	451.580	405.190	14.579	0.000	-4190687.957	278.105
54	0.600	419.050	383.480	470.480	417.920	15.451	0.000	-4471070.503	281.103
54	0.700	428.772	386.720	475.420	428.420	14.341	0.000	-4754862.016	284.641
54	0.800	437.344	396.880	482.680	436.560	15.259	0.000	-5045119.935	293.860
54	0.990	453.653	415.700	517.000	451.480	17.782	0.000	-5351149.076	316.116
55	0.000	483.040	483.040	483.040	483.040	0.000	0.000	-3368.231	0.393
55	0.100	472.274	447.120	499.880	474.320	9.739	0.000	-5700235.576	378.587
55	0.200	475.575	453.520	511.980	473.460	10.341	0.000	-6086363.537	392.725
55	0.300	481.043	447.880	539.600	479.280	12.380	0.000	-6495032.842	421.569
55	0.400	487.918	455.960	543.400	486.530	13.052	0.000	-6935288.517	457.123
55	0.500	494.807	455.040	537.300	494.100	14.154	0.000	-7390050.089	450.178
55	0.600	502.102	465.560	551.320	501.550	13.980	0.000	-7830165.000	427.770
55	0.700	511.778	466.560	589.060	510.230	15.252	0.000	-8252302.651	413.907
55	0.800	521.553	480.400	590.120	519.560	17.481	0.000	-8663488.526	406.720
55	0.990	540.842	494.680	641.000	538.050	21.324	0.000	-9074076.100	411.490
56	0.000	368.040	368.040	368.040	368.040	0.000	0.000	-7138.936	0.255
56	0.100	364.923	345.960	379.360	365.040	5.536	0.000	-9403278.576	244.578
56	0.200	366.095	346.740	382.780	365.950	5.144	0.000	-9645198.274	237.161
56	0.300	368.183	348.280	391.960	367.840	7.547	0.000	-9879328.087	229.780
56	0.400	373.328	352.120	414.000	372.350	9.365	0.000	-10107225.814	224.489
56	0.500	381.333	358.960	428.360	380.240	9.977	0.000	-10331854.242	223.157
56	0.600	390.936	366.460	457.080	389.600	12.597	0.000	-10556430.152	223.861
56	0.700	404.624	369.580	483.900	401.110	17.627	0.000	-10782459.084	226.647
56	0.800	418.720	384.300	489.260	415.990	19.168	0.000	-11011940.414	230.614
56	0.990	445.559	402.260	515.600	443.890	20.920	0.000	-11251828.175	247.034
57	0.000	300.280	300.280	300.280	300.280	0.000	0.000	-13502.614	0.148
57	0.100	345.371	322.600	362.840	346.620	8.072	0.000	-11489512.520	145.557
57	0.200	349.263	319.640	376.400	351.670	11.566	0.000	-11635353.694	145.005
57	0.300	357.114	318.620	385.620	358.450	11.245	0.000	-11784253.996	151.211
57	0.400	366.286	326.120	411.500	365.840	11.664	0.000	-11938464.428	155.932
57	0.500	376.302	343.980	422.420	374.900	13.582	0.000	-12101928.840	169.265
57	0.600	390.176	355.220	451.000	389.090	16.073	0.000	-12271726.702	169.462
57	0.700	403.352	357.120	471.200	403.910	17.180	0.000	-12438513.526	162.993
57	0.800	415.464	364.240	502.040	414.620	18.872	0.000	-12599094.343	156.693
57	0.990	434.323	382.760	520.340	432.040	22.016	0.000	-12752573.863	149.124
58	0.000	317.200	317.200	317.200	317.200	0.000	0.000	-14913.822	0.194
58	0.100	335.531	318.180	351.740	337.440	6.237	0.000	-12919265.009	181.972
58	0.200	338.164	315.880	357.160	338.910	8.305	0.000	-13098048.081	174.282
58	0.300	341.865	316.620	367.420	342.640	9.679	0.000	-13274636.188	177.837
58	0.400	347.580	318.800	375.740	347.430	10.066	0.000	-13459497.268	190.323
58	0.500	353.908	322.660	394.040	353.470	11.228	0.000	-13664304.507	217.366
58	0.600	362.125	329.160	410.020	361.410	12.561	0.000	-13889699.360	231.648
58	0.700	372.070	338.200	415.280	372.010	13.135	0.000	-14121645.903	231.036
58	0.800	380.875	350.480	420.000	380.210	12.676	0.000	-14351049.579	226.405
58	0.990	395.719	369.500	441.220	394.020	13.162	0.000	-14574329.228	218.710
59	0.000	448.400	448.400	448.400	448.400	0.000	0.000	-12501.862	0.405
59	0.100	429.267	414.520	442.940	429.560	4.071	0.000	-14856561.394	424.769
59	0.200	432.065	414.900	464.500	431.160	7.456	0.000	-15317089.537	494.286
59	0.300	442.321	416.840	492.220	439.060	13.280	0.000	-15807558.881	484.783
59	0.400	463.955	422.300	502.520	465.510	15.388	0.000	-16276677.485	451.121
59	0.500	477.217	440.540	533.540	477.010	11.962	0.000	-16715466.304	423.914
59	0.600	483.204	444.540	544.740	481.700	14.626	0.000	-17133721.747	410.812
59	0.700	492.039	454.240	569.000	490.290	17.858	0.000	-17542758.640	405.407
59	0.800	502.409	454.360	585.140	501.110	19.682	0.000	-17949109.553	404.521
59	0.990	522.518	472.820	614.740	520.300	22.669	0.000	-18359134.777	414.750
60	0.000	351.200	351.200	351.200	351.200	0.000	0.000	-16426.323	0.285
60	0.100	386.920	367.300	397.240	387.500	5.032	0.000	-18706459.312	275.929
60	0.200	388.307	371.940	403.480	388.560	5.321	0.000	-18976216.540	261.909
60	0.300	392.641	369.720	433.960	391.580	9.384	0.000	-19234427.096	252.977
60	0.400	400.572	370.960	433.720	399.640	10.901	0.000	-19486050.702	248.365
60	0.500	407.262	376.340	460.520	407.270	10.609	0.000	-19736213.697	249.966
60	0.600	414.349	383.480	455.800	413.210	10.824	0.000	-19990295.193	256.517
60	0.700	420.557	391.780	471.120	418.370	12.919	0.000	-20251571.552	263.901
60	0.800	429.161	401.780	502.500	426.410	14.824	0.000	-20519110.364	269.513
60	0.990	447.292	414.060	521.520	445.280	18.177	0.000	-20796634.927	283.973
61	0.000	356.340	356.340	356.340	356.340	0.000	0.000	4291.808	0.295
61	0.100	362.882	347.000	383.560	363.060	4.267	0.000	2002974.935	293.253
61	0.200	368.575	344.060	412.540	366.340	8.748	0.000	1717125.262	276.426
61	0.300	378.224	352.100	420.980	376.370	12.014	0.000	1444571.807	267.411
61	0.400	392.168	362.760	444.320	391.840	12.519	0.000	1179699.110	260.725
61	0.500	403.110	370.080	458.620	401.790	13.638	0.000	919403.742	258.216
61	0.600	418.978	379.940	480.940	417.440	16.501	0.000	658625.558	260.900
61	0.700	429.905	393.320	484.100	427.950	16.127	0.000	395366.325	263.935
61	0.800	440.673	404.260	502.780	436.860	18.133	0.000	128838.242	267.132
61	0.990	457.255	420.160	527.940	457.080	19.609	0.000	-144391.842	278.166
62	0.000	286.220	286.220	286.220	286.220	0.000	0.000	-2410.901	0.114
62	0.100	292.463	283.260	314.480	291.860	3.947	0.000	-397682.202	144.939
62	0.200	301.350	287.560	322.180	300.630	4.958	0.000	-541363.074	141.300
62	0.300	307.832	291.020	329.080	307.170	6.191	0.000	-681820.332	138.827
62	0.400	313.979	296.440	343.160	313.050	7.024	0.000	-820194.107	136.704
62	0.500	320.594	301.360	366.440	319.830	9.250	0.000	-957002.441	135.657
62	0.600	330.012	306.880	387.000	328.010	13.456	0.000	-1091667.551	132.566
62	0.700	340.435	313.700	395.160	337.040	16.101	0.000	-1223252.289	129.287
62	0.800	353.197	321.160	420.740	349.970	18.676	0.000	-1351355.610	125.823
62	0.990	375.299	343.400	441.660	373.180	18.193	0.000	-1476296.675	122.577
63	0.000	372.780	372.780	372.780	372.780	0.000	0.000	644.520	0.325
63	0.100	379.172	355.340	412.480	379.430	11.812	0.000	-1666850.892	338.077
63	0.200	393.377	355.780	432.920	390.380	13.678	0.000	-2016642.186	359.484
63	0.300	395.149	365.680	435.540	393.720	11.316	0.000	-2372341.421	350.280
63	0.400	397.867	372.640	443.740	396.550	10.328	0.000	-2719767.893	342.093
63	0.500	403.355	379.340	453.520	400.910	12.517	0.000	-3061125.953	338.500
63	0.600	415.395	383.900	490.640	411.700	18.381	0.000	-3400706.917	339.163
63	0.700	431.924	390.140	499.420	430.040	21.335	0.000	-3741795.634	340.854
63	0.800	446.825	402.400	517.900	445.460	21.975	0.000	-4085504.488	344.240
63	0.990	469.423	422.360	534.180	468.150	20.601	0.000	-4439099.084	361.565
64	0.000	339.100	339.100	339.100	339.100	0.000	0.000	-6747.573	0.232
64	0.100	356.487	329.560	378.860	355.830	12.645	0.000	-4772421.185	221.174
64	0.200	368.654	337.200	401.700	370.810	11.131	0.000	-4987546.760	207.350
64	0.300	381.296	351.920	412.920	381.500	11.108	0.000	-5189658.472	195.036
64	0.400	387.890	357.140	419.900	388.250	10.710	0.000	-5383941.116	192.165
64	0.500	393.187	366.260	432.100	392.720	10.942	0.000	-5578266.651	194.875
64	0.600	400.321	371.880	440.840	399.450	12.851	0.000	-5776796.980	200.424
64	0.700	410.336	379.300	457.120	409.170	15.139	0.000	-5983657.359	211.747
64	0.800	419.347	384.100	473.660	418.220	16.303	0.000	-6202358.394	223.876
64	0.990	440.751	399.440	502.440	440.380	17.396	0.000	-6433872.932	237.784
65	0.000	344.180	344.180	344.180	344.180	0.000	0.000	-8639.375	0.194
65	0.100	352.570	336.740	382.560	349.820	7.678	0.000	-6645325.930	183.364
65	0.200	360.357	339.540	400.560	359.630	8.959	0.000	-6822597.339	169.861
65	0.300	368.611	346.440	413.040	366.940	11.718	0.000	-6991812.383	166.951
65	0.400	379.599	350.580	419.040	378.490	13.611	0.000	-7162382.886	173.219
65	0.500	391.359	356.340	433.220	391.500	13.172	0.000	-7342741.699	186.674
65	0.600	400.941	363.380	456.640	400.200	13.310	0.000	-7536607.732	198.568
65	0.700	412.114	371.960	466.760	410.810	15.626	0.000	-7739528.128	205.829
65	0.800	422.291	380.520	494.880	421.020	17.302	0.000	-7945440.106	204.782
65	0.990	442.635	395.060	537.600	439.800	22.557	0.000	-8146035.430	195.281
66	0.000	300.080	300.080	300.080	300.080	0.000	0.000	-10330.390	0.120
66	0.100	323.694	302.260	371.880	319.750	12.016	0.000	-8303702.518	118.233
66	0.200	356.346	309.300	383.360	357.520	11.833	0.000	-8420533.392	114.242
66	0.300	364.107	333.560	401.020	364.120	8.430	0.000	-8538553.918	120.236
66	0.400	367.620	341.920	420.500	366.440	9.780	0.000	-8664610.983	131.331
66	0.500	373.681	344.140	419.060	371.650	12.222	0.000	-8796832.197	131.717
66	0.600	381.022	348.100	431.020	380.040	14.337	0.000	-8927147.928	127.783
66	0.700	391.029	348.820	473.860	391.220	16.276	0.000	-9053895.955	124.579
66	0.800	401.914	355.900	485.940	400.110	18.602	0.000	-9177431.192	121.408
66	0.990	429.707	373.680	515.480	426.060	25.975	0.000	-9297302.257	117.050
67	0.000	385.760	385.760	385.760	385.760	0.000	0.000	-11442.369	0.256
67	0.100	370.933	356.420	397.040	366.020	9.589	0.000	-9476175.809	238.656
67	0.200	376.288	350.540	408.060	373.330	12.662	0.000	-9709627.817	226.679
67	0.300	390.733	362.220	435.280	390.330	11.105	0.000	-9932775.041	218.028
67	0.400	398.101	369.960	453.100	397.210	11.575	0.000	-10149779.892	214.697
67	0.500	403.449	375.020	457.740	401.590	12.929	0.000	-10366249.772	216.214
67	0.600	411.442	379.020	467.580	408.550	14.867	0.000	-10584911.230	219.552
67	0.700	422.887	388.560	473.760	421.040	16.430	0.000	-10808811.678	226.663
67	0.800	433.747	391.980	497.800	431.840	18.582	0.000	-11040982.080	236.782
67	0.990	454.995	412.480	542.360	453.210	20.025	0.000	-11288767.851	256.387
68	0.000	335.440	335.440	335.440	335.440	0.000	0.000	-13503.546	0.138
68	0.100	346.600	324.080	357.740	347.450	4.898	0.000	-11482849.285	130.086
68	0.200	352.699	337.000	376.120	352.700	5.542	0.000	-11611612.405	126.310
68	0.300	360.034	339.980	383.300	359.890	7.051	0.000	-11739106.580	127.367
68	0.400	365.615	346.280	390.980	364.900	8.643	0.000	-11870636.000	134.640
68	0.500	373.894	350.040	415.560	373.170	10.071	0.000	-12009283.441	141.271
68	0.600	382.828	353.840	431.420	381.380	13.018	0.000	-12153130.328	145.436
68	0.700	394.779	361.760	456.520	393.380	15.176	0.000	-12300126.706	147.185
68	0.800	408.069	374.540	473.760	406.460	16.139	0.000	-12447061.979	145.359
68	0.990	429.281	391.420	486.400	428.160	16.915	0.000	-12589360.681	138.168
69	0.000	339.820	339.820	339.820	339.820	0.000	0.000	-14745.137	0.192
69	0.100	352.293	329.980	367.520	353.720	6.187	0.000	-12745508.072	172.087
69	0.200	357.564	341.760	395.640	356.440	5.894	0.000	-12912675.603	160.720
69	0.300	362.644	338.340	414.680	361.220	9.086	0.000	-13075422.991	163.453
69	0.400	373.242	350.000	424.260	372.550	11.801	0.000	-13239385.916	162.818
69	0.500	383.502	357.200	433.180	381.840	12.096	0.000	-13405892.175	168.257
69	0.600	393.240	364.720	445.760	391.560	13.770	0.000	-13580991.543	180.687
69	0.700	403.414	371.080	458.680	399.780	16.115	0.000	-13770315.672	196.645
69	0.800	412.768	376.720	481.100	410.390	18.746	0.000	-13972069.225	205.413
69	0.990	438.187	389.800	504.360	437.490	22.433	0.000	-14176740.258	202.172
70	0.000	342.320	342.320	342.320	342.320	0.000	0.000	-16364.204	0.145
70	0.100	342.857	323.540	370.820	341.940	7.615	0.000	-14349335.660	141.529
70	0.200	348.102	328.600	378.140	347.220	8.630	0.000	-14491327.484	141.260
70	0.300	355.613	330.400	389.220	355.350	9.323	0.000	-14636455.800	148.021
70	0.400	363.694	336.260	393.600	363.350	9.435	0.000	-14789467.527	156.452
70	0.500	371.229	341.620	406.880	370.630	10.288	0.000	-14951070.037	165.255
70	0.600	381.239	348.320	421.840	380.620	12.333	0.000	-15115849.321	163.244
70	0.700	391.526	355.720	446.440	390.180	13.591	0.000	-15277666.152	159.011
70	0.800	402.200	363.580	455.840	401.090	15.319	0.000	-15435461.535	155.435
70	0.990	419.696	379.600	515.720	418.470	18.070	0.000	-15588891.115	149.763
71	0.000	356.420	356.420	356.420	356.420	0.000	0.000	23.243	0.220
71	0.100	362.183	338.460	381.880	363.280	4.835	0.000	2012246.994	193.408
71	0.200	361.009	327.200	391.220	362.060	8.311	0.000	1819449.851	190.890
71	0.300	367.468	340.440	402.880	366.780	10.033	0.000	1626494.930	193.196
71	0.400	375.235	349.600	419.460	374.890	10.037	0.000	1429798.104	198.776
71	0.500	384.427	357.920	443.160	382.150	12.516	0.000	1224894.430	210.276
71	0.600	396.659	365.960	457.200	394.090	15.604	0.000	1006864.928	223.626
71	0.700	410.437	372.960	474.800	410.320	16.859	0.000	777018.481	235.101
71	0.800	421.935	378.420	494.980	421.150	18.570	0.000	539186.679	238.387
71	0.990	444.701	399.480	531.060	442.040	21.482	0.000	305001.422	228.803
72	0.000	385.220	385.220	385.220	385.220	0.000	0.000	-1896.198	0.217
72	0.100	361.096	332.820	391.880	360.980	8.531	0.000	85984.025	207.090
72	0.200	374.512	342.760	424.380	373.680	14.634	0.000	-117276.475	197.991
72	0.300	393.891	349.600	438.480	392.630	16.739	0.000	-312526.063	191.069
72	0.400	402.357	351.720	445.480	402.290	14.123	0.000	-503642.968	189.539
72	0.500	404.555	361.180	452.100	405.010	13.193	0.000	-696188.162	194.005
72	0.600	413.981	376.980	482.720	413.320	15.183	0.000	-894420.738	201.013
72	0.700	423.738	378.700	480.500	422.090	17.153	0.000	-1100735.662	210.475
72	0.800	435.648	387.900	505.500	434.460	19.634	0.000	-1318909.763	224.018
72	0.990	455.385	407.620	530.520	452.950	22.555	0.000	-1549715.256	236.364
73	0.000	275.480	275.480	275.480	275.480	0.000	0.000	-3754.624	0.110
73	0.100	275.542	269.260	292.900	272.580	5.366	0.000	-1722484.863	107.178
73	0.200	293.093	275.380	328.420	290.910	11.984	0.000	-1831976.909	110.767
73	0.300	310.205	286.220	343.480	310.790	6.878	0.000	-1942606.544	109.625
73	0.400	318.129	293.300	361.080	316.990	7.614	0.000	-2057690.702	119.150
73	0.500	328.533	307.080	381.320	325.940	11.172	0.000	-2180760.132	126.077
73	0.600	340.281	313.560	404.020	336.930	14.890	0.000	-2305706.942	122.606
73	0.700	351.937	320.420	420.360	349.790	17.050	0.000	-2426853.413	118.527
73	0.800	363.366	325.780	442.320	362.710	18.318	0.000	-2544097.520	114.935
73	0.990	380.529	342.540	467.260	378.070	19.258	0.000	-2657452.650	110.405
74	0.000	333.600	333.600	333.600	333.600	0.000	0.000	-4799.113	0.222
74	0.100	343.078	332.500	362.360	343.020	5.058	0.000	-2816560.033	206.244
74	0.200	358.061	335.520	398.440	354.230	13.330	0.000	-3019983.818	199.004
74	0.300	372.786	340.400	399.900	374.940	12.563	0.000	-3216522.078	192.598
74	0.400	379.490	347.680	421.640	380.360	11.719	0.000	-3410238.809	193.260
74	0.500	386.010	356.460	446.960	385.690	11.681	0.000	-3607228.568	199.263
74	0.600	395.814	359.260	438.020	394.530	13.576	0.000	-3809638.323	203.771
74	0.700	408.546	371.300	457.280	407.220	15.299	0.000	-4014442.077	204.492
74	0.800	420.053	381.960	487.160	419.550	17.098	0.000	-4222068.802	209.825
74	0.990	440.109	391.580	504.320	439.090	20.417	0.000	-4439240.312	222.187
75	0.000	303.700	303.700	303.700	303.700	0.000	0.000	-6636.905	0.169
75	0.100	321.760	303.000	338.080	323.590	7.756	0.000	-4625788.641	149.272
75	0.200	336.015	311.220	371.280	336.450	9.573	0.000	-4775887.284	149.790
75	0.300	347.055	318.380	393.760	345.940	10.699	0.000	-4925363.980	147.465
75	0.400	357.047	329.540	390.780	356.050	11.264	0.000	-5074862.800	150.266
75	0.500	366.504	339.040	417.560	366.660	11.618	0.000	-5232536.873	164.219
75	0.600	375.945	343.580	434.000	375.400	11.894	0.000	-5401494.696	171.997
75	0.700	384.792	356.200	442.940	383.970	13.057	0.000	-5573426.916	170.611
75	0.800	392.837	361.640	468.260	391.220	14.165	0.000	-5742434.797	165.901
75	0.990	411.838	376.420	484.360	408.700	18.206	0.000	-5904490.758	156.977
76	0.000	370.360	370.360	370.360	370.360	0.000	0.000	-3801.008	0.257
76	0.100	376.331	362.200	396.740	375.520	5.473	0.000	-6088338.653	290.336
76	0.200	386.083	370.120	413.780	385.990	7.216	0.000	-6374703.535	280.660
76	0.300	394.760	369.500	428.940	394.310	8.220	0.000	-6650107.488	268.685
76	0.400	396.888	368.180	440.840	395.120	10.861	0.000	-6915426.586	260.232
76	0.500	403.243	373.720	461.920	401.610	14.432	0.000	-7175674.288	258.668
76	0.600	415.469	380.280	472.960	413.760	17.999	0.000	-7437060.369	262.095
76	0.700	430.119	392.420	497.960	428.240	19.090	0.000	-7702592.621	267.243
76	0.800	445.682	406.060	512.240	444.060	20.366	0.000	-7974984.877	275.881
76	0.990	466.694	419.340	545.240	464.890	20.469	0.000	-8261651.142	295.110
77	0.000	298.240	298.240	298.240	298.240	0.000	0.000	-10536.453	0.194
77	0.100	315.597	293.180	336.240	319.400	9.161	0.000	-8543457.195	185.406
77	0.200	326.047	297.260	349.460	326.620	6.347	0.000	-8725358.306	176.904
77	0.300	332.270	305.420	369.640	329.000	9.565	0.000	-8900939.294	172.557
77	0.400	343.403	320.480	388.660	342.180	11.397	0.000	-9070555.934	165.411
77	0.500	353.197	326.980	409.480	351.620	13.217	0.000	-9235908.425	164.015
77	0.600	364.498	338.060	418.500	361.180	16.203	0.000	-9403203.391	168.557
77	0.700	377.972	343.960	425.360	376.980	18.089	0.000	-9574179.159	172.021
77	0.800	392.438	356.840	487.000	392.970	18.478	0.000	-9749251.386	176.720
77	0.990	414.082	380.660	496.280	411.240	18.187	0.000	-9934225.468	192.401
78	0.000	331.900	331.900	331.900	331.900	0.000	0.000	-12117.193	0.205
78	0.100	356.024	329.840	375.880	356.620	6.296	0.000	-10127333.514	191.564
78	0.200	362.925	340.800	390.720	362.720	8.124	0.000	-10316178.302	184.689
78	0.300	374.346	345.780	408.180	374.270	9.660	0.000	-10496266.216	174.167
78	0.400	378.518	352.420	407.520	378.360	8.729	0.000	-10671650.521	175.005
78	0.500	382.911	358.440	420.380	382.000	9.883	0.000	-10849555.766	179.501
78	0.600	389.747	361.780	440.860	387.480	12.361	0.000	-11032697.408	185.115
78	0.700	401.551	369.240	457.040	399.590	15.655	0.000	-11222351.844	192.445
78	0.800	413.207	370.160	480.600	413.480	17.492	0.000	-11420630.221	203.164
78	0.990	432.797	393.720	492.380	431.050	16.940	0.000	-11627231.355	208.160
79	0.000	340.300	340.300	340.300	340.300	0.000	0.000	-13817.824	0.209
79	0.100	355.996	338.400	380.940	353.710	10.411	0.000	-11834518.614	205.060
79	0.200	362.121	337.720	424.980	361.710	10.494	0.000	-12035873.209	196.050
79	0.300	372.827	341.420	421.200	368.770	16.636	0.000	-12228895.816	188.213
79	0.400	387.626	346.840	436.320	388.080	18.707	0.000	-12418314.392	188.681
79	0.500	399.417	356.880	440.880	400.950	15.935	0.000	-12609973.017	193.514
79	0.600	410.567	371.820	473.200	410.160	14.304	0.000	-12808106.946	201.452
79	0.700	418.951	382.880	493.700	417.170	15.919	0.000	-13012927.564	206.237
79	0.800	428.869	389.700	504.500	425.200	19.634	0.000	-13222701.564	211.952
79	0.990	453.464	407.440	532.780	451.400	24.629	0.000	-13439672.407	221.033
80	0.000	331.320	331.320	331.320	331.320	0.000	0.000	-15637.033	0.194
80	0.100	341.829	326.860	375.820	340.720	9.638	0.000	-13648676.589	194.781
80	0.200	353.352	323.740	377.420	352.980	9.506	0.000	-13837350.154	181.062
80	0.300	356.725	330.920	385.840	356.370	8.515	0.000	-14016453.475	175.475
80	0.400	360.633	337.480	395.140	360.440	8.486	0.000	-14194534.862	179.174
80	0.500	366.855	344.120	408.560	365.840	9.633	0.000	-14378614.222	186.900
80	0.600	375.401	350.280	432.580	373.220	13.160	0.000	-14572629.345	200.365
80	0.700	387.116	354.120	447.760	384.660	16.145	0.000	-14779441.790	211.204
80	0.800	399.390	365.420	471.600	396.850	17.997	0.000	-14995368.627	218.964
80	0.990	420.204	378.580	506.280	418.470	19.442	0.000	-15213538.678	216.446
81	0.000	402.860	402.860	402.860	402.860	0.000	0.000	4291.807	0.379
81	0.100	416.058	405.460	434.080	415.520	4.114	0.000	1955654.316	387.765
81	0.200	426.987	408.340	468.880	425.640	9.922	0.000	1562126.480	397.635
81	0.300	443.096	410.680	492.760	441.950	13.205	0.000	1166461.076	390.852
81	0.400	453.715	415.840	506.100	452.820	14.215	0.000	788521.073	363.578
81	0.500	458.185	421.340	506.720	457.050	13.886	0.000	431979.883	347.376
81	0.600	465.998	426.280	516.600	464.810	15.039	0.000	86887.738	340.987
81	0.700	477.801	440.280	543.660	476.930	16.311	0.000	-254799.405	339.475
81	0.800	488.275	440.000	558.720	487.900	18.029	0.000	-596645.513	343.006
81	0.990	508.230	463.520	581.260	506.660	18.467	0.000	-943731.570	348.759
82	0.000	290.320	290.320	290.320	290.320	0.000	0.000	-3245.869	0.233
82	0.100	308.931	288.020	323.940	311.470	7.797	0.000	-1264290.885	208.131
82	0.200	316.746	293.720	348.460	314.720	8.925	0.000	-1470413.580	202.632
82	0.300	330.130	306.340	374.360	329.490	11.389	0.000	-1675466.867	206.417
82	0.400	342.195	316.360	381.600	341.770	10.872	0.000	-1892051.385	224.794
82	0.500	348.884	320.580	386.400	348.690	11.732	0.000	-2124627.880	238.628
82	0.600	358.577	326.760	408.160	358.120	12.815	0.000	-2368487.295	247.040
82	0.700	368.114	334.180	423.300	367.990	14.508	0.000	-2618438.201	251.688
82	0.800	378.377	344.400	432.420	376.880	15.957	0.000	-2869476.218	248.352
82	0.990	396.006	364.400	447.220	395.380	16.872	0.000	-3111593.552	235.135
83	0.000	390.140	390.140	390.140	390.140	0.000	0.000	-1047.140	0.305
83	0.100	394.522	361.580	433.300	392.120	17.494	0.000	-3337325.237	295.976
83	0.200	408.334	377.520	483.880	407.970	18.284	0.000	-3626152.480	280.004
83	0.300	422.488	387.320	472.020	421.540	19.679	0.000	-3899361.479	264.603
83	0.400	433.133	395.040	480.480	434.700	16.123	0.000	-4160294.851	255.536
83	0.500	438.986	401.680	477.320	440.430	13.690	0.000	-4415079.314	252.205
83	0.600	444.611	405.480	514.600	445.180	14.187	0.000	-4668833.392	253.734
83	0.700	453.506	408.160	521.500	451.890	15.903	0.000	-4927989.136	262.975
83	0.800	464.823	424.640	544.800	463.100	17.208	0.000	-5198645.228	276.630
83	0.990	489.828	443.140	575.380	487.720	21.891	0.000	-5483605.418	291.356
84	0.000	285.700	285.700	285.700	285.700	0.000	0.000	-7756.823	0.115
84	0.100	300.909	278.740	323.900	301.680	7.285	0.000	-5729958.043	118.016
84	0.200	311.179	288.280	329.120	309.890	7.027	0.000	-5848955.425	118.540
84	0.300	319.655	298.220	345.460	319.680	7.982	0.000	-5967715.615	117.956
84	0.400	329.550	304.660	375.040	328.870	9.520	0.000	-6087602.374	121.056
84	0.500	338.698	312.960	385.700	337.580	11.257	0.000	-6210599.186	123.327
84	0.600	351.646	322.000	413.280	350.630	14.512	0.000	-6334042.466	122.402
84	0.700	363.751	329.920	427.800	362.260	16.393	0.000	-6456997.815	122.216
84	0.800	376.343	344.300	432.780	374.180	16.831	0.000	-6580715.613	124.308
84	0.990	397.607	362.160	460.880	395.620	17.969	0.000	-6706855.347	126.916
85	0.000	446.740	446.740	446.740	446.740	0.000	0.000	-4588.391	0.363
85	0.100	449.943	432.340	464.240	449.460	5.732	0.000	-6903911.062	346.135
85	0.200	452.142	424.840	500.800	450.380	12.276	0.000	-7255605.871	355.091
85	0.300	458.280	421.160	514.260	457.530	13.044	0.000	-7616177.438	364.024
85	0.400	466.525	429.620	514.860	465.610	14.016	0.000	-7971409.205	344.270
85	0.500	473.968	441.240	525.460	472.900	14.192	0.000	-8308953.185	329.446
85	0.600	481.317	447.220	532.720	480.270	14.226	0.000	-8632504.335	316.211
85	0.700	488.126	456.100	541.120	487.170	14.535	0.000	-8947427.705	311.258
85	0.800	497.078	458.220	573.320	494.860	16.463	0.000	-9258853.901	309.842
85	0.990	516.931	477.420	611.880	514.650	20.775	0.000	-9572690.096	315.612
86	0.000	343.480	343.480	343.480	343.480	0.000	0.000	-7589.471	0.202
86	0.100	364.726	347.900	397.100	369.540	8.587	0.000	-9843988.968	224.812
86	0.200	379.055	358.300	415.840	378.070	10.855	0.000	-10079918.537	244.982
86	0.300	390.996	362.420	436.660	390.170	10.822	0.000	-10322632.633	238.952
86	0.400	402.458	376.400	447.240	402.420	11.530	0.000	-10557870.316	229.820
86	0.500	413.544	382.480	472.560	411.740	13.423	0.000	-10785774.455	224.503
86	0.600	427.574	392.540	481.460	425.230	16.547	0.000	-11008865.988	220.054
86	0.700	441.292	400.740	529.680	440.290	18.652	0.000	-11229418.958	219.515
86	0.800	453.106	410.720	523.720	451.290	19.850	0.000	-11451572.866	223.235
86	0.990	474.896	420.760	556.220	473.240	21.591	0.000	-11680026.105	231.733
87	0.000	427.480	427.480	427.480	427.480	0.000	0.000	-9654.699	0.345
87	0.100	442.626	413.380	459.500	443.270	5.684	0.000	-11991581.421	389.032
87	0.200	449.343	426.120	479.100	449.580	7.422	0.000	-12391340.286	408.953
87	0.300	452.959	426.640	491.880	452.820	8.987	0.000	-12796958.580	400.051
87	0.400	457.636	426.740	491.060	457.420	9.886	0.000	-13189074.311	382.135
87	0.500	460.594	430.300	499.060	460.080	10.412	0.000	-13566007.688	369.263
87	0.600	465.143	435.620	517.880	464.470	12.336	0.000	-13932292.173	360.934
87	0.700	475.241	439.580	538.680	472.580	16.170	0.000	-14293217.423	358.884
87	0.800	486.505	445.860	559.160	484.800	18.147	0.000	-14654872.187	362.728
87	0.990	504.466	458.660	574.620	503.340	18.432	0.000	-15026543.136	379.139
88	0.000	310.900	310.900	310.900	310.900	0.000	0.000	-17344.151	0.186
88	0.100	329.854	310.880	359.820	324.540	10.846	0.000	-15343251.949	169.578
88	0.200	344.979	312.440	384.220	343.860	10.218	0.000	-15509742.042	162.103
88	0.300	343.676	316.780	373.980	342.530	9.369	0.000	-15675563.199	168.347
88	0.400	347.776	317.000	384.080	347.370	9.425	0.000	-15848321.387	175.601
88	0.500	353.306	321.620	390.680	352.310	9.890	0.000	-16027143.970	180.876
88	0.600	361.383	332.740	457.520	358.860	14.254	0.000	-16214210.507	191.336
88	0.700	376.906	345.340	460.120	372.620	20.972	0.000	-16412262.188	203.607
88	0.800	396.468	354.120	478.460	391.460	25.567	0.000	-16615368.124	201.139
88	0.990	429.759	383.380	496.560	428.950	27.408	0.000	-16808927.176	184.353
89	0.000	327.740	327.740	327.740	327.740	0.000	0.000	-18987.509	0.161
89	0.100	340.093	331.140	378.300	337.420	7.447	0.000	-16973983.622	144.536
89	0.200	347.190	333.080	391.120	345.250	8.267	0.000	-17120500.481	146.960
89	0.300	356.782	331.680	403.060	353.260	13.350	0.000	-17269450.455	149.526
89	0.400	369.544	328.440	413.820	366.320	19.826	0.000	-17420137.023	150.537
89	0.500	385.218	343.020	424.500	389.630	17.588	0.000	-17571976.742	151.696
89	0.600	399.238	354.320	439.860	400.060	14.162	0.000	-17730707.868	164.412
89	0.700	406.763	368.360	448.840	407.160	13.234	0.000	-17899852.090	172.893
89	0.800	413.682	370.580	472.900	413.220	13.164	0.000	-18074124.165	173.999
89	0.990	423.854	385.140	516.320	422.180	15.862	0.000	-18248575.917	173.572
90	0.000	342.360	342.360	342.360	342.360	0.000	0.000	-20422.021	0.188
90	0.100	355.791	338.180	379.620	355.740	7.162	0.000	-18430419.132	188.129
90	0.200	366.795	339.680	396.120	366.230	9.786	0.000	-18614796.845	179.221
90	0.300	372.863	343.280	404.580	372.550	9.580	0.000	-18792521.398	174.795
90	0.400	381.360	350.780	422.980	380.240	10.729	0.000	-18968031.815	174.774
90	0.500	389.794	355.880	434.660	389.000	12.326	0.000	-19148642.860	185.025
90	0.600	398.974	357.800	457.680	399.330	12.994	0.000	-19337951.784	191.790
90	0.700	407.409	371.240	456.640	407.800	13.302	0.000	-19537242.390	206.066
90	0.800	415.014	376.020	464.480	414.090	13.912	0.000	-19747939.294	213.416
90	0.990	431.583	395.040	507.040	429.500	16.650	0.000	-19957394.323	204.091
91	0.000	303.560	303.560	303.560	303.560	0.000	0.000	23.243	0.157
91	0.100	296.869	286.360	306.420	297.500	3.973	0.000	2034096.446	149.793
91	0.200	297.685	285.640	319.520	297.200	5.393	0.000	1882321.241	152.198
91	0.300	309.778	290.420	374.380	308.220	10.688	0.000	1722119.490	166.874
91	0.400	333.113	299.600	402.040	327.730	21.352	0.000	1542174.917	191.827
91	0.500	356.192	307.680	404.220	359.050	21.886	0.000	1347192.640	197.145
91	0.600	372.362	322.480	418.440	373.900	15.589	0.000	1152585.861	190.518
91	0.700	381.828	337.040	443.120	382.440	14.565	0.000	964482.163	184.628
91	0.800	389.437	344.580	455.380	388.580	15.833	0.000	780716.866	181.132
91	0.990	403.496	356.020	487.680	398.120	21.335	0.000	601380.348	176.545
92	0.000	398.360	398.360	398.360	398.360	0.000	0.000	2694.960	0.274
92	0.100	392.046	375.580	415.260	390.350	7.207	0.000	401902.967	301.766
92	0.200	397.651	373.220	430.460	396.500	10.373	0.000	82379.861	335.507
92	0.300	403.183	375.540	448.720	402.310	10.974	0.000	-243076.354	313.803
92	0.400	412.886	387.120	455.900	412.650	10.363	0.000	-550490.508	299.001
92	0.500	422.260	395.920	464.440	420.920	10.766	0.000	-846935.955	291.600
92	0.600	430.323	404.420	482.680	428.610	12.055	0.000	-1137757.733	288.473
92	0.700	437.718	413.240	503.340	435.940	13.090	0.000	-1429140.361	292.412
92	0.800	444.915	414.780	508.660	443.270	13.593	0.000	-1726175.745	299.396
92	0.990	459.526	431.160	530.740	456.260	15.899	0.000	-2036397.522	319.530
93	0.000	359.320	359.320	359.320	359.320	0.000	0.000	-55.229	0.264
93	0.100	369.365	349.320	406.820	371.630	7.864	0.000	-2341757.482	288.463
93	0.200	377.713	358.680	423.160	376.900	8.425	0.000	-2620400.120	267.574
93	0.300	383.196	354.960	435.280	381.910	11.627	0.000	-2883528.488	256.916
93	0.400	392.263	363.820	447.120	389.400	13.397	0.000	-3139325.924	253.065
93	0.500	400.297	374.040	458.100	396.640	16.456	0.000	-3392554.790	251.636
93	0.600	414.913	385.520	472.240	407.680	20.233	0.000	-3645852.017	253.643
93	0.700	430.417	395.680	497.020	432.500	19.942	0.000	-3902113.010	257.235
93	0.800	443.762	407.660	506.720	445.000	18.229	0.000	-4161913.199	260.452
93	0.990	462.669	424.280	551.940	458.970	19.860	0.000	-4428935.945	272.195
94	0.000	370.420	370.420	370.420	370.420	0.000	0.000	-2424.186	0.293
94	0.100	353.718	334.460	377.180	353.250	9.114	0.000	-4701754.293	270.663
94	0.200	364.506	341.420	382.140	364.900	6.798	0.000	-4961842.415	248.172
94	0.300	367.920	346.500	403.960	367.760	7.138	0.000	-5208601.558	243.265
94	0.400	377.910	350.800	417.720	376.660	12.229	0.000	-5451887.671	241.702
94	0.500	389.332	359.400	424.920	388.540	14.419	0.000	-5696933.182	246.822
94	0.600	400.000	368.960	445.120	399.700	14.563	0.000	-5951696.325	260.790
94	0.700	410.591	374.000	485.040	410.550	15.884	0.000	-6221781.913	277.801
94	0.800	421.858	388.420	493.040	419.950	16.975	0.000	-6508221.794	291.941
94	0.990	445.446	402.720	517.960	443.460	20.793	0.000	-6805840.218	303.511
95	0.000	358.340	358.340	358.340	358.340	0.000	0.000	-4816.737	0.377
95	0.100	372.498	349.520	398.440	372.260	8.536	0.000	-7134930.557	352.182
95	0.200	381.660	357.680	411.600	381.010	7.437	0.000	-7477735.761	330.691
95	0.300	388.784	362.580	441.860	386.360	11.681	0.000	-7799375.591	310.733
95	0.400	394.498	366.160	464.020	391.670	15.734	0.000	-8107364.002	303.835
95	0.500	407.638	379.660	484.600	402.380	20.029	0.000	-8410231.384	300.314
95	0.600	422.699	388.240	492.880	420.390	20.463	0.000	-8712388.293	302.204
95	0.700	436.948	395.360	513.920	436.930	20.132	0.000	-9021832.140	315.243
95	0.800	448.343	404.380	518.120	447.680	19.898	0.000	-9345692.878	330.273
95	0.990	468.318	423.600	579.580	465.860	21.658	0.000	-9687676.822	351.523
96	0.000	427.880	427.880	427.880	427.880	0.000	0.000	-7722.488	0.380
96	0.100	447.707	424.360	469.500	448.320	7.086	0.000	-10076714.844	423.886
96	0.200	442.474	424.880	471.120	442.400	8.266	0.000	-10511148.332	442.999
96	0.300	448.809	426.760	486.740	447.590	10.818	0.000	-10961402.766	455.249
96	0.400	459.212	430.920	499.060	458.440	12.424	0.000	-11406724.648	433.205
96	0.500	470.854	444.120	542.640	468.890	13.806	0.000	-11831278.010	413.660
96	0.600	484.850	450.840	551.300	481.580	17.511	0.000	-12237447.151	396.470
96	0.700	499.681	455.620	561.040	498.630	19.546	0.000	-12631037.876	388.716
96	0.800	513.406	469.780	606.580	512.750	19.954	0.000	-13020408.050	387.241
96	0.990	537.099	487.620	643.240	535.380	21.717	0.000	-13415314.696	400.861
97	0.000	329.420	329.420	329.420	329.420	0.000	0.000	-15743.369	0.237
97	0.100	338.827	315.260	363.340	342.320	10.642	0.000	-13763808.620	211.932
97	0.200	337.384	314.720	365.700	335.690	10.003	0.000	-13975340.886	209.787
97	0.300	345.557	319.620	388.420	345.230	12.692	0.000	-14185041.132	207.552
97	0.400	360.997	324.120	404.780	361.560	13.846	0.000	-14390335.642	201.422
97	0.500	369.773	328.120	411.500	370.160	12.930	0.000	-14591403.633	199.359
97	0.600	377.929	340.200	415.880	378.280	12.764	0.000	-14791893.911	199.908
97	0.700	385.605	351.160	448.500	385.110	12.771	0.000	-14997820.913	210.685
97	0.800	393.803	356.060	443.180	392.550	13.565	0.000	-15215821.008	223.254
97	0.990	408.186	377.040	477.120	405.010	15.684	0.000	-15448876.431	240.980
98	0.000	336.720	336.720	336.720	336.720	0.000	0.000	-17655.837	0.228
98	0.100	363.804	339.640	391.140	364.200	7.950	0.000	-15670003.689	199.700
98	0.200	372.121	347.720	401.660	371.200	8.172	0.000	-15867028.415	192.903
98	0.300	378.482	353.960	410.220	377.620	9.061	0.000	-16056851.204	185.114
98	0.400	384.773	362.080	424.900	383.580	9.696	0.000	-16241723.261	183.110
98	0.500	391.868	365.600	439.800	390.580	11.429	0.000	-16427944.429	187.481
98	0.600	400.694	368.180	450.880	398.340	13.995	0.000	-16620956.128	197.801
98	0.700	411.464	377.740	462.120	410.600	14.981	0.000	-16827126.458	212.659
98	0.800	421.969	384.480	473.740	421.580	15.269	0.000	-17047155.793	225.644
98	0.990	442.822	407.460	520.500	441.210	17.295	0.000	-17273750.437	226.009
99	0.000	328.420	328.420	328.420	328.420	0.000	0.000	-19473.440	0.183
99	0.100	334.502	316.120	369.340	329.380	12.099	0.000	-17479384.875	183.517
99	0.200	342.896	319.520	373.380	340.650	12.043	0.000	-17662349.211	180.669
99	0.300	356.202	326.980	393.800	356.180	11.455	0.000	-17848288.641	189.371
99	0.400	365.678	340.800	396.940	365.640	10.372	0.000	-18049251.434	211.015
99	0.500	373.310	346.880	408.420	372.850	10.478	0.000	-18267077.224	223.395
99	0.600	381.403	358.780	447.780	380.300	11.574	0.000	-18490965.418	222.827
99	0.700	390.156	362.040	464.660	388.110	13.273	0.000	-18712485.806	218.570
99	0.800	399.488	370.340	482.840	394.630	17.407	0.000	-18928738.479	212.940
99	0.990	427.022	388.460	526.440	424.360	23.894	0.000	-19136232.928	200.872
