0	0.000	1045.260	1045.260	1045.260	1045.260	0.000	0.000	4291.812	0.245
0	0.100	1028.933	948.860	1085.840	1022.750	27.342	0.000	2014676.903	270.141
0	0.200	1044.767	1002.240	1106.700	1039.960	20.678	0.000	1754769.757	248.079
0	0.300	1108.215	1063.220	1187.760	1103.740	21.824	0.000	1507044.536	245.947
0	0.400	1158.994	1082.060	1229.920	1153.950	20.566	0.000	1261645.314	243.230
0	0.500	1205.233	1110.640	1292.320	1203.000	30.583	0.000	1018455.691	241.726
0	0.600	1239.374	1132.420	1353.240	1242.570	35.080	0.000	776488.019	240.940
0	0.700	1268.238	1158.780	1378.700	1265.500	38.621	0.000	532328.054	245.204
0	0.800	1302.607	1153.280	1447.860	1299.270	41.649	0.000	282587.859	253.365
0	0.990	1361.753	1209.960	1500.100	1360.880	43.570	0.000	17105.123	276.687
1	0.000	899.240	899.240	899.240	899.240	0.000	0.000	-2249.118	0.153
1	0.100	891.580	842.840	957.320	898.380	17.984	0.000	-232541.142	138.525
1	0.200	892.767	822.040	991.460	897.400	28.152	0.000	-369565.613	134.076
1	0.300	920.205	861.940	1032.760	916.980	29.587	0.000	-508985.827	143.859
1	0.400	960.183	900.440	1077.820	957.510	27.025	0.000	-656503.576	149.699
1	0.500	1002.317	947.340	1151.020	998.130	27.879	0.000	-809371.595	154.920
1	0.600	1041.528	987.220	1146.560	1035.420	26.020	0.000	-969710.814	164.733
1	0.700	1085.243	1029.460	1178.360	1079.270	24.659	0.000	-1137342.180	169.611
1	0.800	1127.053	1069.820	1211.180	1123.910	21.490	0.000	-1307230.882	169.256
1	0.990	1212.988	1163.220	1299.500	1210.820	21.166	0.000	-1473725.870	162.376
2	0.000	863.480	863.480	863.480	863.480	0.000	0.000	-3641.476	0.188
2	0.100	911.512	878.540	923.140	919.350	10.157	0.000	-1647184.014	183.202
2	0.200	932.470	894.520	985.060	931.440	16.432	0.000	-1825803.430	172.747
2	0.300	978.061	920.000	1038.200	979.670	17.248	0.000	-1998710.800	171.552
2	0.400	1011.034	937.760	1086.160	1014.430	28.267	0.000	-2172013.430	173.885
2	0.500	1037.094	949.880	1130.260	1035.110	31.764	0.000	-2353185.605	187.035
2	0.600	1068.670	998.060	1157.880	1061.440	27.603	0.000	-2544277.320	193.543
2	0.700	1105.810	1046.480	1215.600	1109.890	28.274	0.000	-2745696.037	208.024
2	0.800	1143.454	1077.980	1244.280	1138.790	27.175	0.000	-2958324.405	216.654
2	0.990	1226.629	1165.880	1345.440	1225.230	23.016	0.000	-3175876.975	217.236
3	0.000	893.700	893.700	893.700	893.700	0.000	0.000	-5371.364	0.198
3	0.100	899.018	849.980	964.400	902.850	20.941	0.000	-3376464.922	181.487
3	0.200	950.817	895.360	1004.020	953.640	21.529	0.000	-3558637.609	182.179
3	0.300	980.713	890.880	1066.120	983.010	27.172	0.000	-3740036.874	179.211
3	0.400	1003.078	910.540	1092.740	1000.510	34.431	0.000	-3921644.515	182.551
3	0.500	1028.819	945.560	1160.600	1024.370	33.084	0.000	-4111563.472	195.946
3	0.600	1061.973	980.560	1176.220	1063.330	29.396	0.000	-4313956.088	207.453
3	0.700	1097.839	1009.380	1199.300	1095.830	30.458	0.000	-4528850.636	220.508
3	0.800	1134.082	1056.860	1243.220	1132.530	28.006	0.000	-4752667.560	226.059
3	0.990	1213.342	1141.960	1299.440	1211.830	24.905	0.000	-4976801.862	220.881
4	0.000	927.380	927.380	927.380	927.380	0.000	0.000	-7173.858	0.126
4	0.100	925.580	853.760	1018.120	918.990	34.664	0.000	-5147957.272	119.382
4	0.200	941.111	886.920	1040.520	931.640	21.652	0.000	-5267429.054	119.045
4	0.300	985.738	920.460	1081.620	992.320	25.647	0.000	-5387830.716	120.279
4	0.400	1028.936	966.620	1125.360	1023.650	26.617	0.000	-5508543.120	119.625
4	0.500	1069.984	981.600	1163.520	1068.560	29.548	0.000	-5629922.282	122.830
4	0.600	1099.649	1020.900	1200.280	1101.640	33.162	0.000	-5759734.191	135.481
4	0.700	1131.938	1063.820	1308.720	1128.600	30.700	0.000	-5898646.422	141.658
4	0.800	1171.281	1090.580	1262.220	1169.150	28.350	0.000	-6040275.713	140.429
4	0.990	1247.530	1149.960	1378.120	1248.020	30.241	0.000	-6177185.855	132.077
5	0.000	994.480	994.480	994.480	994.480	0.000	0.000	-4061.127	0.218
5	0.100	1049.241	963.620	1151.460	1053.320	20.134	0.000	-6305221.178	204.165
5	0.200	1035.629	950.460	1165.660	1041.740	35.162	0.000	-6518816.893	221.220
5	0.300	1057.399	962.740	1176.860	1053.190	33.497	0.000	-6732650.449	205.391
5	0.400	1085.596	1003.920	1190.940	1090.410	33.387	0.000	-6934202.484	197.190
5	0.500	1122.747	1039.240	1231.420	1119.560	34.787	0.000	-7131602.986	195.295
5	0.600	1159.243	1077.960	1260.700	1158.620	33.773	0.000	-7328234.596	196.680
5	0.700	1197.052	1075.620	1326.420	1193.760	30.962	0.000	-7529179.419	202.711
5	0.800	1239.331	1118.140	1363.840	1237.240	34.119	0.000	-7735997.376	209.434
5	0.990	1308.439	1171.060	1466.340	1309.050	43.894	0.000	-7954353.795	226.259
6	0.000	840.540	840.540	840.540	840.540	0.000	0.000	-10194.800	0.108
6	0.100	843.214	789.160	928.920	842.230	24.302	0.000	-8163751.471	110.199
6	0.200	873.673	830.980	972.620	865.800	22.947	0.000	-8275233.442	111.239
6	0.300	912.183	873.760	992.420	916.360	19.505	0.000	-8384822.623	106.728
6	0.400	961.023	906.140	1052.180	959.780	19.234	0.000	-8491535.765	105.660
6	0.500	1005.920	954.220	1099.820	1005.330	23.749	0.000	-8600025.879	110.161
6	0.600	1049.338	995.220	1137.640	1043.800	21.257	0.000	-8712238.913	113.358
6	0.700	1096.312	1022.380	1169.520	1094.520	20.520	0.000	-8825749.219	112.633
6	0.800	1143.984	1078.100	1216.680	1144.520	23.266	0.000	-8937596.378	110.338
6	0.990	1229.337	1155.980	1335.520	1226.520	25.447	0.000	-9046889.659	107.257
7	0.000	765.260	765.260	765.260	765.260	0.000	0.000	-11187.126	0.096
7	0.100	798.313	746.600	833.720	791.320	15.500	0.000	-9150214.283	97.759
7	0.200	825.312	779.120	897.800	826.250	25.286	0.000	-9251888.931	104.882
7	0.300	850.547	791.800	927.580	842.830	19.360	0.000	-9360282.305	111.231
7	0.400	893.129	843.000	944.000	894.080	14.646	0.000	-9471703.861	110.093
7	0.500	934.935	875.240	997.320	934.380	18.565	0.000	-9579975.270	105.673
7	0.600	972.982	923.240	1044.540	971.840	17.847	0.000	-9684021.630	101.348
7	0.700	1015.581	948.000	1076.140	1012.820	18.180	0.000	-9784934.913	99.429
7	0.800	1057.490	998.080	1120.460	1061.410	19.753	0.000	-9884042.375	97.795
7	0.990	1137.535	1084.160	1225.340	1136.850	23.620	0.000	-9980577.868	94.375
8	0.000	901.840	901.840	901.840	901.840	0.000	0.000	-12114.258	0.178
8	0.100	953.524	859.540	1009.840	951.900	30.345	0.000	-10114436.565	171.949
8	0.200	973.732	892.440	1069.180	978.060	30.524	0.000	-10281598.997	161.190
8	0.300	1011.569	939.480	1098.980	1010.100	30.402	0.000	-10441762.588	157.373
8	0.400	1046.865	941.500	1168.720	1049.220	32.647	0.000	-10598765.085	155.934
8	0.500	1080.100	980.340	1185.520	1079.400	33.228	0.000	-10755502.079	155.886
8	0.600	1108.556	1015.580	1236.600	1104.090	36.090	0.000	-10914259.583	160.779
8	0.700	1142.279	1039.020	1246.160	1137.500	34.027	0.000	-11078406.152	166.016
8	0.800	1177.312	1078.040	1296.140	1178.570	36.199	0.000	-11249020.210	174.467
8	0.990	1248.418	1162.960	1351.460	1242.300	33.004	0.000	-11429439.139	184.566
9	0.000	928.060	928.060	928.060	928.060	0.000	0.000	-13608.133	0.142
9	0.100	956.478	880.000	1037.000	957.640	27.179	0.000	-11595064.539	145.382
9	0.200	981.177	886.600	1117.880	978.000	36.231	0.000	-11739619.028	142.661
9	0.300	1015.257	917.380	1154.940	1014.050	36.893	0.000	-11883190.256	143.404
9	0.400	1047.580	932.040	1180.220	1047.560	38.544	0.000	-12030029.427	149.191
9	0.500	1080.972	986.400	1227.360	1079.740	39.400	0.000	-12184425.972	158.164
9	0.600	1112.132	999.900	1244.060	1109.820	37.662	0.000	-12346308.576	164.795
9	0.700	1147.389	1060.320	1302.480	1144.770	34.227	0.000	-12513147.731	167.473
9	0.800	1186.624	1094.980	1307.700	1185.050	31.620	0.000	-12679556.308	164.038
9	0.990	1264.112	1142.260	1381.680	1263.930	33.751	0.000	-12839873.212	155.446
10	0.000	904.480	904.480	904.480	904.480	0.000	0.000	-15004.136	0.132
10	0.100	933.348	891.220	980.000	927.940	14.600	0.000	-12984515.448	132.506
10	0.200	965.315	892.640	1046.740	973.740	27.701	0.000	-13116713.969	130.752
10	0.300	992.087	920.900	1079.680	987.580	23.254	0.000	-13251717.471	137.716
10	0.400	1028.086	949.980	1093.220	1028.230	23.123	0.000	-13392720.874	143.699
10	0.500	1066.521	974.080	1152.680	1067.720	26.171	0.000	-13538810.634	147.347
10	0.600	1098.075	1007.520	1187.800	1094.310	28.774	0.000	-13690322.722	154.401
10	0.700	1135.201	1066.360	1226.620	1134.710	25.045	0.000	-13846020.947	155.821
10	0.800	1179.070	1082.020	1274.940	1179.220	26.250	0.000	-14000274.448	151.886
10	0.990	1261.226	1168.540	1353.160	1261.960	27.771	0.000	-14148572.134	143.484
11	0.000	1006.520	1006.520	1006.520	1006.520	0.000	0.000	4291.815	0.194
11	0.100	952.517	919.400	1052.240	952.260	26.113	0.000	2048443.069	202.780
11	0.200	1002.667	953.520	1103.720	1001.700	16.464	0.000	1846881.611	199.112
11	0.300	1061.824	985.280	1168.720	1058.840	15.606	0.000	1647083.398	199.594
11	0.400	1096.405	998.440	1162.600	1098.920	33.731	0.000	1449189.326	193.911
11	0.500	1124.745	1042.640	1217.360	1122.260	34.093	0.000	1255663.390	191.922
11	0.600	1162.330	1045.320	1275.020	1158.550	33.119	0.000	1061405.290	195.594
11	0.700	1198.648	1068.700	1310.180	1201.030	35.668	0.000	863901.704	198.525
11	0.800	1230.757	1104.240	1364.600	1233.680	42.298	0.000	661742.845	203.012
11	0.990	1287.776	1159.820	1427.700	1286.180	44.770	0.000	453336.408	212.779
12	0.000	849.360	849.360	849.360	849.360	0.000	0.000	-1780.421	0.110
12	0.100	921.854	824.300	969.260	925.790	13.505	0.000	249402.432	112.507
12	0.200	930.782	867.140	1065.740	925.440	35.998	0.000	133606.281	117.616
12	0.300	955.279	863.000	1105.140	951.580	36.539	0.000	14664.730	119.033
12	0.400	972.032	874.400	1100.220	971.200	35.304	0.000	-104643.342	118.531
12	0.500	999.380	916.080	1137.900	997.590	35.904	0.000	-226767.136	123.966
12	0.600	1023.380	938.280	1144.040	1019.410	31.885	0.000	-354956.515	131.693
12	0.700	1056.768	989.980	1156.960	1054.530	27.509	0.000	-487397.226	132.753
12	0.800	1094.967	1028.240	1208.420	1094.520	25.525	0.000	-620143.583	130.873
12	0.990	1175.249	1109.740	1286.780	1173.100	25.288	0.000	-748931.016	125.610
13	0.000	915.640	915.640	915.640	915.640	0.000	0.000	-2898.069	0.201
13	0.100	982.928	903.760	1024.360	978.920	15.538	0.000	-912502.620	200.062
13	0.200	997.893	921.300	1082.340	993.020	28.559	0.000	-1105445.371	184.516
13	0.300	1039.394	942.500	1121.540	1033.920	24.514	0.000	-1288283.934	179.813
13	0.400	1081.502	1003.060	1167.100	1078.280	26.645	0.000	-1467913.527	178.541
13	0.500	1119.048	1034.300	1225.560	1125.060	30.702	0.000	-1648393.518	180.637
13	0.600	1149.559	1066.520	1254.960	1148.300	33.049	0.000	-1831679.698	184.711
13	0.700	1181.036	1065.000	1292.780	1177.050	35.388	0.000	-2021579.992	194.052
13	0.800	1214.029	1103.460	1356.740	1215.830	36.726	0.000	-2220153.272	202.331
13	0.990	1277.175	1177.520	1452.500	1271.750	36.186	0.000	-2428686.210	212.429
14	0.000	977.180	977.180	977.180	977.180	0.000	0.000	-352.670	0.245
14	0.100	990.780	919.340	1024.000	988.250	13.207	0.000	-2606216.338	222.835
14	0.200	1023.232	958.440	1133.380	1020.350	36.361	0.000	-2825908.802	214.970
14	0.300	1069.351	974.040	1180.620	1065.930	27.225	0.000	-3038073.581	207.946
14	0.400	1109.172	1014.240	1209.400	1110.110	30.269	0.000	-3244343.084	203.442
14	0.500	1147.530	1029.960	1245.040	1153.080	34.057	0.000	-3449238.686	205.323
14	0.600	1179.288	1071.460	1304.260	1179.370	36.770	0.000	-3660541.777	216.074
14	0.700	1208.461	1090.120	1332.100	1208.510	38.877	0.000	-3885739.850	232.681
14	0.800	1240.158	1134.620	1357.300	1240.140	40.866	0.000	-4127253.352	248.682
14	0.990	1304.455	1213.060	1432.720	1302.890	39.072	0.000	-4387687.595	271.259
15	0.000	932.320	932.320	932.320	932.320	0.000	0.000	-2382.526	0.204
15	0.100	980.091	929.020	1018.340	973.020	23.349	0.000	-4627228.320	205.241
15	0.200	1002.276	911.920	1076.460	1004.700	23.068	0.000	-4831184.702	201.432
15	0.300	1037.131	940.440	1117.720	1043.340	28.382	0.000	-5029824.365	194.474
15	0.400	1073.563	991.640	1186.600	1072.730	34.666	0.000	-5222747.789	189.886
15	0.500	1110.874	1023.300	1224.460	1109.150	34.586	0.000	-5414125.139	191.905
15	0.600	1148.861	1045.240	1291.340	1145.680	35.653	0.000	-5608759.743	195.899
15	0.700	1186.632	1077.240	1309.880	1188.300	35.086	0.000	-5807778.377	200.393
15	0.800	1222.942	1131.260	1373.140	1221.670	35.988	0.000	-6011942.244	206.350
15	0.990	1293.704	1202.560	1419.720	1289.310	36.568	0.000	-6224802.121	219.451
16	0.000	788.160	788.160	788.160	788.160	0.000	0.000	-8462.484	0.089
16	0.100	814.116	782.400	884.340	801.140	18.798	0.000	-6426491.406	99.632
16	0.200	854.737	810.480	903.380	848.060	19.321	0.000	-6532994.895	112.602
16	0.300	901.538	831.460	972.320	899.590	25.526	0.000	-6648085.687	116.716
16	0.400	930.171	869.740	994.480	926.250	26.216	0.000	-6766239.697	118.360
16	0.500	964.842	895.920	1036.660	961.460	23.445	0.000	-6884953.094	118.065
16	0.600	1002.739	941.600	1094.640	1002.340	22.416	0.000	-7000749.364	112.484
16	0.700	1043.118	980.900	1123.120	1043.430	22.259	0.000	-7110550.670	106.524
16	0.800	1083.141	1019.580	1166.860	1083.070	24.894	0.000	-7215859.772	103.109
16	0.990	1162.341	1105.900	1246.200	1159.650	25.464	0.000	-7317444.860	98.887
17	0.000	827.560	827.560	827.560	827.560	0.000	0.000	-9453.375	0.151
17	0.100	872.704	860.280	961.500	862.140	18.859	0.000	-7442020.845	148.819
17	0.200	932.120	876.540	1022.220	932.300	24.445	0.000	-7588827.942	142.590
17	0.300	967.976	864.840	1071.820	964.110	29.554	0.000	-7729115.258	138.098
17	0.400	995.613	915.180	1101.440	992.180	32.366	0.000	-7868927.457	139.678
17	0.500	1029.315	948.820	1138.760	1031.150	34.437	0.000	-8010402.612	143.423
17	0.600	1062.309	975.580	1183.320	1057.240	32.604	0.000	-8157667.531	148.657
17	0.700	1100.865	1029.780	1199.820	1100.210	32.360	0.000	-8308673.728	152.402
17	0.800	1140.361	1070.500	1255.860	1135.810	32.164	0.000	-8463082.867	156.454
17	0.990	1219.567	1159.000	1320.200	1215.030	25.851	0.000	-8620170.524	155.698
18	0.000	1202.780	1202.780	1202.780	1202.780	0.000	0.000	-6516.070	0.230
18	0.100	1138.000	1077.200	1242.320	1140.980	17.018	0.000	-8772186.096	227.709
18	0.200	1197.491	1117.820	1305.620	1205.390	24.709	0.000	-8996584.828	219.630
18	0.300	1245.276	1133.700	1331.200	1249.620	34.735	0.000	-9211524.124	209.957
18	0.400	1260.013	1089.960	1399.740	1259.980	42.483	0.000	-9415403.413	196.483
18	0.500	1282.910	1159.820	1414.100	1285.160	44.720	0.000	-9608746.537	188.577
18	0.600	1302.288	1163.280	1457.140	1302.310	47.827	0.000	-9796643.962	184.980
18	0.700	1323.341	1174.320	1501.760	1323.820	51.549	0.000	-9981464.587	183.383
18	0.800	1353.955	1184.080	1550.700	1353.630	53.843	0.000	-10167668.751	188.069
18	0.990	1406.798	1256.760	1597.720	1406.720	56.464	0.000	-10363764.893	202.716
19	0.000	892.200	892.200	892.200	892.200	0.000	0.000	-12592.545	0.128
19	0.100	935.787	882.200	978.720	934.610	14.772	0.000	-10570590.883	127.408
19	0.200	961.526	891.980	1030.960	966.340	23.818	0.000	-10696707.423	123.563
19	0.300	993.276	895.100	1069.860	991.630	26.778	0.000	-10819977.455	122.847
19	0.400	1017.731	919.860	1114.720	1016.000	35.026	0.000	-10942174.401	119.797
19	0.500	1043.052	957.960	1174.360	1044.060	35.393	0.000	-11064655.728	123.590
19	0.600	1070.813	960.940	1197.800	1068.030	33.391	0.000	-11189819.410	125.852
19	0.700	1099.140	1005.200	1200.500	1097.770	35.021	0.000	-11318548.194	130.840
19	0.800	1130.486	1051.720	1247.420	1128.670	34.785	0.000	-11453146.554	137.129
19	0.990	1198.777	1126.140	1337.700	1196.170	29.632	0.000	-11590518.973	136.489
20	0.000	1200.000	1200.000	1200.000	1200.000	0.000	0.000	-9476.565	0.232
20	0.100	1211.840	1098.000	1352.940	1212.070	48.963	0.000	-11746892.455	256.039
20	0.200	1218.457	1067.160	1354.440	1215.490	46.848	0.000	-11998568.154	245.853
20	0.300	1207.684	1064.140	1355.180	1203.390	47.152	0.000	-12231591.630	219.540
20	0.400	1222.055	1068.480	1416.680	1226.150	50.314	0.000	-12446759.196	209.208
20	0.500	1250.836	1112.580	1438.640	1249.780	51.338	0.000	-12656714.395	208.381
20	0.600	1274.157	1092.340	1452.600	1273.370	54.293	0.000	-12863522.006	204.676
20	0.700	1303.887	1134.460	1500.260	1301.830	56.956	0.000	-13069693.629	205.921
20	0.800	1323.678	1142.600	1509.140	1320.180	59.758	0.000	-13279612.037	212.688
20	0.990	1372.558	1217.660	1598.040	1368.360	61.327	0.000	-13503434.437	233.382
21	0.000	1046.920	1046.920	1046.920	1046.920	0.000	0.000	4291.815	0.233
21	0.100	1064.946	1003.660	1155.840	1063.020	34.057	0.000	2027331.851	245.111
21	0.200	1110.148	1004.880	1203.200	1111.290	29.020	0.000	1781081.994	246.821
21	0.300	1144.953	1007.300	1260.680	1149.430	42.098	0.000	1541158.674	230.594
21	0.400	1180.607	1076.860	1280.260	1174.250	41.748	0.000	1313651.412	222.548
21	0.500	1209.822	1095.720	1329.480	1209.140	41.522	0.000	1094003.887	215.679
21	0.600	1239.366	1138.880	1351.800	1236.240	37.632	0.000	879292.187	211.825
21	0.700	1275.548	1182.160	1428.960	1270.640	37.540	0.000	664293.747	216.659
21	0.800	1313.053	1195.160	1476.960	1309.710	39.346	0.000	443917.270	222.475
21	0.990	1388.549	1255.360	1574.700	1390.070	41.917	0.000	212852.894	239.100
22	0.000	1056.020	1056.020	1056.020	1056.020	0.000	0.000	2234.183	0.304
22	0.100	1071.186	991.920	1169.020	1067.640	36.460	0.000	-78639.310	342.644
22	0.200	1087.983	985.940	1220.320	1082.100	30.538	0.000	-430197.930	357.504
22	0.300	1124.588	1022.660	1222.060	1123.670	30.790	0.000	-777899.939	336.107
22	0.400	1164.879	1077.580	1256.740	1167.350	32.578	0.000	-1108213.504	322.122
22	0.500	1208.404	1132.520	1307.900	1205.010	30.138	0.000	-1426206.716	312.187
22	0.600	1255.275	1163.520	1359.540	1254.680	30.094	0.000	-1737499.213	308.544
22	0.700	1303.886	1181.120	1412.060	1301.850	32.394	0.000	-2046425.964	308.578
22	0.800	1347.709	1229.080	1457.400	1350.930	36.739	0.000	-2357655.634	311.566
22	0.990	1419.640	1297.840	1563.700	1424.970	44.217	0.000	-2675155.620	321.761
23	0.000	809.500	809.500	809.500	809.500	0.000	0.000	-4963.329	0.130
23	0.100	871.000	821.560	945.200	877.280	12.022	0.000	-2942142.713	128.797
23	0.200	904.896	821.000	985.780	904.130	29.722	0.000	-3067504.423	121.432
23	0.300	923.697	846.380	1005.180	916.850	29.831	0.000	-3189006.444	121.080
23	0.400	948.558	880.040	1048.980	946.160	32.746	0.000	-3313874.183	127.032
23	0.500	983.648	923.260	1096.260	982.550	31.993	0.000	-3447396.642	138.333
23	0.600	1019.837	974.320	1126.440	1013.960	27.866	0.000	-3590958.320	148.059
23	0.700	1062.626	999.560	1165.900	1054.840	22.264	0.000	-3742044.273	152.906
23	0.800	1109.444	1052.740	1195.500	1109.450	17.810	0.000	-3894795.221	152.313
23	0.990	1199.236	1139.320	1263.240	1198.090	19.279	0.000	-4045558.361	146.807
24	0.000	933.440	933.440	933.440	933.440	0.000	0.000	-6205.115	0.163
24	0.100	971.233	923.480	1011.140	969.040	17.094	0.000	-4197958.985	157.268
24	0.200	999.002	906.580	1065.240	1002.430	31.132	0.000	-4351981.414	149.787
24	0.300	1025.781	947.140	1106.920	1024.180	32.114	0.000	-4498789.454	142.553
24	0.400	1045.050	934.160	1156.800	1046.210	32.883	0.000	-4640555.314	139.221
24	0.500	1078.392	979.760	1204.280	1073.390	34.268	0.000	-4780800.042	141.304
24	0.600	1104.704	1006.840	1213.500	1106.960	35.983	0.000	-4927153.108	149.575
24	0.700	1136.222	1046.120	1278.120	1132.570	37.329	0.000	-5083009.566	160.356
24	0.800	1169.483	1081.920	1301.580	1163.870	34.875	0.000	-5248010.698	169.727
24	0.990	1247.217	1177.380	1381.200	1245.950	29.777	0.000	-5417028.032	167.963
25	0.000	878.660	878.660	878.660	878.660	0.000	0.000	-3319.635	0.248
25	0.100	918.047	869.160	980.760	908.170	20.796	0.000	-5578839.379	234.691
25	0.200	955.166	883.240	1028.320	958.500	24.937	0.000	-5809941.207	225.866
25	0.300	998.096	933.900	1071.320	995.120	26.598	0.000	-6035683.057	224.116
25	0.400	1045.385	993.560	1129.880	1042.150	26.718	0.000	-6260234.855	223.436
25	0.500	1094.582	1020.180	1178.660	1092.820	26.877	0.000	-6488089.817	230.184
25	0.600	1137.224	1071.000	1246.080	1134.180	26.437	0.000	-6720184.019	233.407
25	0.700	1179.059	1107.740	1275.540	1178.680	25.612	0.000	-6958073.602	240.916
25	0.800	1222.036	1115.200	1328.480	1222.210	26.601	0.000	-7200916.929	244.800
25	0.990	1302.821	1189.540	1405.040	1303.460	29.851	0.000	-7452754.547	257.154
26	0.000	770.480	770.480	770.480	770.480	0.000	0.000	-9709.447	0.102
26	0.100	785.013	738.040	805.600	780.730	10.912	0.000	-7675779.342	104.855
26	0.200	797.194	745.540	865.040	791.670	22.144	0.000	-7784644.932	111.396
26	0.300	830.453	767.640	905.800	832.830	24.412	0.000	-7895779.284	109.461
26	0.400	868.075	809.600	961.480	869.170	24.123	0.000	-8007598.400	113.717
26	0.500	906.309	857.580	983.360	903.190	20.623	0.000	-8124757.777	118.913
26	0.600	943.765	899.200	1014.920	942.220	17.574	0.000	-8241982.350	115.720
26	0.700	986.665	942.720	1071.960	984.930	16.696	0.000	-8356209.075	111.233
26	0.800	1030.622	986.560	1081.740	1029.830	16.351	0.000	-8467217.696	109.768
26	0.990	1114.384	1076.860	1180.980	1113.720	18.918	0.000	-8575513.837	105.878
27	0.000	782.200	782.200	782.200	782.200	0.000	0.000	-10714.885	0.126
27	0.100	845.922	792.440	881.740	848.760	29.267	0.000	-8692700.632	127.292
27	0.200	890.106	825.160	939.580	880.070	18.986	0.000	-8818837.637	123.855
27	0.300	918.213	859.240	977.660	918.890	24.506	0.000	-8943661.491	124.718
27	0.400	943.352	892.280	1015.740	937.680	20.576	0.000	-9072423.114	132.560
27	0.500	984.950	930.100	1051.540	983.370	17.718	0.000	-9207189.165	134.743
27	0.600	1026.416	949.600	1116.820	1027.050	21.682	0.000	-9344713.049	138.720
27	0.700	1060.728	983.320	1150.280	1059.550	26.122	0.000	-9488115.665	148.031
27	0.800	1094.866	1022.680	1179.460	1099.830	28.380	0.000	-9640149.822	155.431
27	0.990	1166.867	1101.980	1261.500	1162.750	25.323	0.000	-9797214.577	156.646
28	0.000	948.400	948.400	948.400	948.400	0.000	0.000	-11961.870	0.169
28	0.100	964.478	899.820	1000.300	964.690	20.564	0.000	-9952152.854	151.816
28	0.200	1004.235	915.660	1074.340	1003.760	27.650	0.000	-10102413.641	147.459
28	0.300	1045.294	959.620	1144.660	1046.510	36.976	0.000	-10248192.706	143.235
28	0.400	1084.427	956.400	1204.800	1082.260	34.294	0.000	-10392597.125	144.391
28	0.500	1125.760	1017.780	1237.560	1130.350	36.252	0.000	-10537701.240	145.337
28	0.600	1154.767	1039.040	1299.600	1153.510	42.537	0.000	-10685319.835	147.849
28	0.700	1186.230	1048.320	1322.380	1187.430	43.713	0.000	-10836494.346	152.375
28	0.800	1218.718	1105.140	1357.540	1217.140	45.523	0.000	-10991969.436	157.792
28	0.990	1282.333	1173.420	1427.980	1278.060	44.176	0.000	-11153019.976	163.822
29	0.000	915.400	915.400	915.400	915.400	0.000	0.000	-9052.784	0.191
29	0.100	955.918	894.940	1045.020	956.350	34.679	0.000	-11304142.507	219.333
29	0.200	978.834	901.240	1067.780	972.900	33.385	0.000	-11520201.127	211.007
29	0.300	1005.862	949.620	1147.720	1001.990	26.593	0.000	-11727413.939	202.449
29	0.400	1051.933	988.720	1143.200	1057.430	22.765	0.000	-11930256.303	200.925
29	0.500	1098.550	1028.600	1210.740	1096.970	24.735	0.000	-12132121.869	201.768
29	0.600	1138.489	1064.340	1235.860	1144.930	28.845	0.000	-12338252.361	209.209
29	0.700	1177.171	1085.780	1267.640	1174.840	29.797	0.000	-12552588.661	218.527
29	0.800	1218.219	1115.000	1323.980	1217.580	31.561	0.000	-12776460.385	227.715
29	0.990	1289.930	1195.480	1408.160	1295.580	34.972	0.000	-13014270.098	245.718
30	0.000	934.540	934.540	934.540	934.540	0.000	0.000	-10995.846	0.198
30	0.100	955.719	897.660	994.700	960.300	19.791	0.000	-13243746.928	211.270
30	0.200	988.116	930.420	1062.940	982.350	23.316	0.000	-13450545.090	201.810
30	0.300	1038.869	980.540	1114.400	1038.210	24.583	0.000	-13651185.201	197.731
30	0.400	1081.531	1004.260	1174.240	1083.870	26.392	0.000	-13848930.714	196.093
30	0.500	1123.393	1028.140	1225.040	1121.520	30.759	0.000	-14045788.775	197.168
30	0.600	1151.665	1053.400	1268.060	1157.860	39.037	0.000	-14244749.743	198.784
30	0.700	1180.183	1077.680	1303.280	1178.740	43.543	0.000	-14446417.360	203.769
30	0.800	1210.476	1119.580	1324.700	1195.970	39.535	0.000	-14654392.716	210.628
30	0.990	1282.704	1198.020	1418.960	1276.860	36.189	0.000	-14873229.067	225.473
31	0.000	830.520	830.520	830.520	830.520	0.000	0.000	23.251	0.127
31	0.100	804.820	780.040	883.440	804.820	15.316	0.000	2052937.927	112.363
31	0.200	851.063	780.440	920.840	850.060	20.476	0.000	1938165.840	116.900
31	0.300	888.188	807.020	967.700	889.210	31.653	0.000	1815715.088	125.648
31	0.400	917.644	858.660	1008.320	921.400	32.406	0.000	1680862.300	143.365
31	0.500	957.328	903.600	1081.940	951.000	28.575	0.000	1534154.512	150.118
31	0.600	996.245	949.760	1100.260	994.180	22.917	0.000	1384046.322	148.547
31	0.700	1039.667	982.260	1129.200	1034.470	21.352	0.000	1238032.300	142.883
31	0.800	1084.015	1025.440	1182.900	1082.490	21.310	0.000	1097143.027	137.532
31	0.990	1169.214	1107.360	1264.220	1167.130	22.529	0.000	963132.128	129.775
32	0.000	1129.420	1129.420	1129.420	1129.420	0.000	0.000	3079.955	0.291
32	0.100	1178.313	1136.660	1249.120	1164.750	23.319	0.000	801394.903	273.205
32	0.200	1200.326	1152.700	1312.520	1196.890	21.305	0.000	509774.524	307.182
32	0.300	1261.012	1151.120	1358.840	1268.780	29.687	0.000	206172.380	299.208
32	0.400	1305.433	1163.160	1424.320	1306.810	40.704	0.000	-85854.880	283.276
32	0.500	1338.036	1193.460	1474.160	1338.420	45.385	0.000	-364624.263	272.748
32	0.600	1360.103	1216.220	1513.540	1361.590	49.354	0.000	-632855.760	262.053
32	0.700	1384.974	1236.120	1578.040	1381.910	51.945	0.000	-894789.171	259.803
32	0.800	1414.703	1250.560	1617.360	1410.340	51.413	0.000	-1155391.225	260.601
32	0.990	1468.702	1261.300	1621.040	1467.390	53.913	0.000	-1420334.256	268.146
33	0.000	1046.560	1046.560	1046.560	1046.560	0.000	0.000	586.246	0.271
33	0.100	1088.069	1019.200	1154.400	1084.260	18.442	0.000	-1708037.698	304.817
33	0.200	1126.614	1061.180	1210.300	1107.450	36.334	0.000	-2024843.898	326.771
33	0.300	1150.023	1064.240	1241.880	1156.740	26.694	0.000	-2351974.381	325.338
33	0.400	1181.588	1086.980	1268.720	1182.790	31.946	0.000	-2667960.579	305.510
33	0.500	1217.042	1108.460	1328.480	1217.270	33.874	0.000	-2968202.542	293.749
33	0.600	1249.294	1127.180	1360.440	1249.640	37.217	0.000	-3260487.170	288.592
33	0.700	1281.638	1143.900	1412.860	1284.030	43.321	0.000	-3549438.558	287.542
33	0.800	1310.173	1163.480	1454.840	1309.860	47.112	0.000	-3840796.569	291.595
33	0.990	1363.544	1216.660	1519.400	1363.110	51.559	0.000	-4138281.432	304.464
34	0.000	913.040	913.040	913.040	913.040	0.000	0.000	-6418.286	0.140
34	0.100	937.975	867.320	995.160	934.840	21.544	0.000	-4396775.458	128.650
34	0.200	963.618	884.280	1035.400	957.550	28.587	0.000	-4521905.885	120.376
34	0.300	995.327	916.440	1101.100	997.800	28.255	0.000	-4641335.676	117.496
34	0.400	1016.678	907.920	1112.600	1021.420	31.823	0.000	-4759963.927	118.582
34	0.500	1038.017	914.380	1163.520	1038.750	35.838	0.000	-4881640.825	123.963
34	0.600	1061.045	968.400	1178.140	1059.620	36.119	0.000	-5009746.242	130.833
34	0.700	1093.150	1006.800	1218.880	1092.960	34.149	0.000	-5144835.562	138.193
34	0.800	1125.799	1053.380	1243.560	1119.730	32.541	0.000	-5286392.289	143.950
34	0.990	1199.891	1134.420	1319.700	1198.650	27.016	0.000	-5429953.289	142.186
35	0.000	752.600	752.600	752.600	752.600	0.000	0.000	-7587.586	0.093
35	0.100	813.290	763.300	822.420	815.360	7.595	0.000	-5548042.909	92.693
35	0.200	828.348	772.240	891.740	835.360	25.892	0.000	-5639485.261	89.246
35	0.300	865.273	814.620	948.360	859.950	21.292	0.000	-5730297.252	91.402
35	0.400	899.779	822.440	992.880	897.190	25.662	0.000	-5823905.304	94.645
35	0.500	931.288	869.380	1042.520	932.590	27.917	0.000	-5922676.640	102.298
35	0.600	966.895	919.020	1074.340	960.630	27.546	0.000	-6026309.098	104.165
35	0.700	1009.683	970.880	1097.640	1009.610	24.563	0.000	-6130821.393	103.669
35	0.800	1055.512	1003.920	1136.560	1053.570	21.806	0.000	-6234295.718	102.500
35	0.990	1141.626	1086.400	1225.580	1137.820	21.504	0.000	-6335857.347	99.448
36	0.000	848.080	848.080	848.080	848.080	0.000	0.000	-8472.080	0.128
36	0.100	916.338	853.120	926.120	923.970	14.690	0.000	-6450519.529	128.425
36	0.200	953.353	884.960	1000.460	970.650	22.412	0.000	-6576837.747	123.143
36	0.300	1004.158	920.040	1088.520	993.890	31.180	0.000	-6699402.892	121.040
36	0.400	1032.171	936.800	1140.380	1022.480	33.181	0.000	-6819838.197	118.722
36	0.500	1065.438	968.000	1194.000	1060.860	36.343	0.000	-6939217.361	118.760
36	0.600	1090.086	999.960	1211.440	1088.050	36.581	0.000	-7059933.608	121.545
36	0.700	1118.653	1029.160	1253.660	1119.000	36.180	0.000	-7185629.166	128.978
36	0.800	1153.195	1071.520	1288.600	1149.850	36.387	0.000	-7318539.396	135.868
36	0.990	1226.218	1134.540	1345.300	1224.450	31.541	0.000	-7457146.454	140.226
37	0.000	975.020	975.020	975.020	975.020	0.000	0.000	-5345.298	0.230
37	0.100	976.120	942.040	1043.880	976.850	14.167	0.000	-7590704.161	206.758
37	0.200	1017.484	949.860	1084.420	1018.280	20.180	0.000	-7794554.260	199.424
37	0.300	1050.241	979.920	1138.060	1046.260	27.180	0.000	-7992121.372	194.283
37	0.400	1088.908	988.780	1188.760	1085.610	28.430	0.000	-8186871.291	193.839
37	0.500	1121.846	1020.520	1221.280	1121.260	32.283	0.000	-8381036.175	193.130
37	0.600	1152.574	1029.620	1258.860	1150.940	36.739	0.000	-8577133.542	197.380
37	0.700	1182.844	1058.140	1318.940	1179.700	37.152	0.000	-8778639.801	204.346
37	0.800	1213.645	1100.700	1346.680	1214.150	38.839	0.000	-8987813.249	212.257
37	0.990	1272.046	1180.620	1401.720	1274.720	38.929	0.000	-9209760.469	230.926
38	0.000	743.300	743.300	743.300	743.300	0.000	0.000	-11452.700	0.090
38	0.100	782.648	737.920	830.740	788.400	19.951	0.000	-9412758.852	91.954
38	0.200	810.494	766.660	895.820	809.800	19.313	0.000	-9509093.007	99.730
38	0.300	842.161	773.120	895.300	843.340	19.598	0.000	-9607022.366	95.049
38	0.400	857.451	812.080	923.620	853.780	24.964	0.000	-9707593.288	105.218
38	0.500	889.908	862.880	971.260	885.940	18.611	0.000	-9814010.075	106.618
38	0.600	931.451	903.260	997.260	926.830	13.547	0.000	-9919556.486	103.499
38	0.700	979.813	946.220	1054.440	976.050	11.145	0.000	-10022868.746	102.186
38	0.800	1028.489	988.180	1076.640	1027.380	11.422	0.000	-10124956.702	101.121
38	0.990	1115.595	1077.080	1156.640	1118.090	15.511	0.000	-10224899.170	97.800
39	0.000	905.880	905.880	905.880	905.880	0.000	0.000	-8091.694	0.222
39	0.100	951.588	891.220	987.120	954.070	19.932	0.000	-10346605.254	225.464
39	0.200	965.823	908.260	1018.680	965.270	16.861	0.000	-10563595.911	207.472
39	0.300	1005.771	938.160	1076.080	1005.570	21.833	0.000	-10767464.074	198.735
39	0.400	1047.327	949.660	1135.720	1052.260	27.453	0.000	-10965235.635	195.549
39	0.500	1078.801	1006.180	1169.840	1076.980	30.077	0.000	-11163719.316	199.979
39	0.600	1109.223	1031.800	1197.560	1104.730	26.334	0.000	-11367714.558	206.036
39	0.700	1150.076	1067.740	1232.440	1150.150	25.769	0.000	-11575998.771	210.145
39	0.800	1189.793	1097.140	1301.920	1191.270	26.825	0.000	-11790865.594	217.919
39	0.990	1257.858	1179.020	1356.940	1265.830	34.183	0.000	-12018743.112	236.401
40	0.000	829.380	829.380	829.380	829.380	0.000	0.000	-9995.857	0.189
40	0.100	904.242	839.700	957.980	915.610	18.351	0.000	-12229496.414	183.447
40	0.200	942.090	874.780	1011.800	944.750	25.402	0.000	-12411309.909	179.036
40	0.300	985.153	912.000	1075.700	983.080	25.568	0.000	-12590353.608	177.236
40	0.400	1020.691	933.040	1130.080	1024.140	28.135	0.000	-12767612.543	175.785
40	0.500	1055.703	977.960	1136.980	1054.070	30.489	0.000	-12944301.438	176.457
40	0.600	1089.994	1015.120	1179.900	1088.950	28.382	0.000	-13122002.259	177.206
40	0.700	1126.873	1065.020	1212.540	1123.200	30.572	0.000	-13302757.655	183.277
40	0.800	1166.038	1110.580	1262.780	1161.220	25.991	0.000	-13490580.223	190.800
40	0.990	1247.499	1184.060	1352.680	1250.810	26.039	0.000	-13687722.201	202.222
41	0.000	979.100	979.100	979.100	979.100	0.000	0.000	4291.812	0.243
41	0.100	1030.281	977.800	1076.220	1029.540	15.329	0.000	2018581.639	262.309
41	0.200	1073.883	973.540	1157.660	1061.600	32.905	0.000	1762778.474	248.108
41	0.300	1099.955	963.500	1196.440	1097.010	41.302	0.000	1522899.455	229.514
41	0.400	1115.195	1001.940	1259.020	1116.950	46.135	0.000	1299700.874	215.706
41	0.500	1136.899	1024.700	1314.740	1138.050	46.678	0.000	1086946.598	208.743
41	0.600	1160.213	1039.340	1306.500	1159.090	42.513	0.000	877784.740	207.920
41	0.700	1189.819	1034.240	1351.160	1189.830	41.750	0.000	667124.713	212.176
41	0.800	1219.741	1088.660	1369.220	1220.000	44.162	0.000	450153.950	220.033
41	0.990	1276.333	1179.460	1421.980	1277.400	45.484	0.000	221298.733	236.601
42	0.000	701.260	701.260	701.260	701.260	0.000	0.000	-2024.484	0.079
42	0.100	737.808	719.180	771.500	737.920	4.643	0.000	19868.992	83.185
42	0.200	785.557	764.480	822.760	785.720	13.170	0.000	-64758.002	85.230
42	0.300	826.053	799.220	876.780	823.840	10.739	0.000	-152433.363	89.331
42	0.400	878.574	841.120	927.140	881.220	12.188	0.000	-241529.044	87.969
42	0.500	931.412	895.160	972.440	937.800	14.118	0.000	-329255.604	86.678
42	0.600	976.188	920.740	1017.640	973.450	16.769	0.000	-414553.579	83.090
42	0.700	1017.005	957.780	1072.840	1014.400	19.365	0.000	-496390.523	79.671
42	0.800	1059.143	1007.440	1117.700	1061.260	19.535	0.000	-575220.133	77.299
42	0.990	1143.336	1095.880	1225.580	1141.700	19.957	0.000	-651547.859	74.480
43	0.000	795.500	795.500	795.500	795.500	0.000	0.000	-2775.172	0.102
43	0.100	815.697	790.280	834.400	815.460	5.980	0.000	-742640.592	106.710
43	0.200	861.793	808.600	900.620	864.470	15.655	0.000	-851502.343	110.109
43	0.300	894.143	826.760	951.400	887.440	19.187	0.000	-967251.452	120.546
43	0.400	929.170	854.120	988.060	932.990	23.475	0.000	-1089413.309	122.501
43	0.500	968.292	908.240	1031.300	967.730	25.550	0.000	-1211209.478	120.066
43	0.600	1003.103	950.580	1075.660	1000.670	24.831	0.000	-1331178.028	119.291
43	0.700	1042.684	996.360	1110.700	1040.860	19.290	0.000	-1450006.737	117.394
43	0.800	1087.577	1032.000	1154.640	1086.290	19.108	0.000	-1566049.216	113.743
43	0.990	1172.469	1114.940	1248.100	1172.150	20.242	0.000	-1677021.898	107.398
44	0.000	915.580	915.580	915.580	915.580	0.000	0.000	451.366	0.201
44	0.100	940.946	885.220	1121.460	938.530	32.716	0.000	-1787348.477	193.373
44	0.200	984.832	914.220	1112.020	981.680	27.118	0.000	-1979274.507	189.100
44	0.300	1022.037	938.580	1139.160	1022.440	28.075	0.000	-2167556.620	186.257
44	0.400	1061.523	981.400	1155.180	1060.530	29.753	0.000	-2354726.079	187.179
44	0.500	1097.246	972.600	1194.760	1094.570	31.297	0.000	-2543825.298	189.825
44	0.600	1126.917	1030.180	1232.800	1130.280	33.064	0.000	-2735853.017	192.559
44	0.700	1161.103	1059.540	1283.940	1160.040	35.156	0.000	-2932839.945	200.246
44	0.800	1195.999	1088.820	1321.080	1196.750	35.090	0.000	-3137841.358	208.158
44	0.990	1265.782	1185.840	1382.760	1259.100	33.893	0.000	-3353722.723	222.835
45	0.000	862.600	862.600	862.600	862.600	0.000	0.000	-5592.635	0.195
45	0.100	941.348	897.020	979.800	940.480	7.489	0.000	-3604789.459	195.834
45	0.200	966.074	879.380	1055.060	967.320	31.141	0.000	-3792764.741	178.738
45	0.300	986.289	904.160	1068.640	977.090	24.455	0.000	-3967430.855	169.229
45	0.400	1026.873	945.180	1132.420	1030.480	24.584	0.000	-4137766.641	170.471
45	0.500	1064.012	981.880	1161.020	1064.770	27.991	0.000	-4313506.943	180.196
45	0.600	1097.308	994.780	1206.620	1093.110	29.169	0.000	-4501774.700	193.998
45	0.700	1134.167	1042.360	1236.660	1134.500	31.193	0.000	-4701215.086	204.597
45	0.800	1167.961	1079.120	1266.400	1167.210	33.444	0.000	-4911866.400	215.224
45	0.990	1239.876	1172.460	1367.400	1238.450	29.813	0.000	-5130077.750	220.678
46	0.000	779.280	779.280	779.280	779.280	0.000	0.000	-7327.336	0.099
46	0.100	825.967	809.480	853.560	829.860	7.634	0.000	-5300407.635	117.730
46	0.200	880.686	809.620	909.760	883.740	12.589	0.000	-5415673.344	112.100
46	0.300	910.171	843.200	977.020	913.210	24.059	0.000	-5529262.782	114.025
46	0.400	936.564	870.820	1032.160	937.920	24.295	0.000	-5643833.419	113.612
46	0.500	968.217	904.440	1074.360	966.240	24.337	0.000	-5760425.042	119.539
46	0.600	1007.811	937.480	1095.060	1006.030	20.443	0.000	-5880694.164	119.748
46	0.700	1050.774	976.620	1145.020	1050.780	24.223	0.000	-5998984.412	115.745
46	0.800	1092.003	1024.240	1188.720	1091.400	26.673	0.000	-6112814.812	111.139
46	0.990	1167.980	1100.860	1261.420	1166.230	26.374	0.000	-6221270.288	104.570
47	0.000	838.820	838.820	838.820	838.820	0.000	0.000	-8360.017	0.178
47	0.100	876.099	829.380	912.780	882.930	16.437	0.000	-6359864.251	171.089
47	0.200	908.665	837.380	959.620	910.720	19.511	0.000	-6530237.516	168.657
47	0.300	930.641	869.000	1003.940	932.650	27.123	0.000	-6695181.709	160.050
47	0.400	963.046	907.220	1036.840	961.670	22.197	0.000	-6855287.943	158.750
47	0.500	1006.455	957.920	1087.080	1008.750	22.686	0.000	-7017176.972	163.747
47	0.600	1044.601	982.900	1132.180	1041.000	21.144	0.000	-7186383.365	173.030
47	0.700	1087.279	1010.480	1154.620	1085.120	17.401	0.000	-7363348.505	180.222
47	0.800	1131.059	1046.680	1199.180	1135.350	22.997	0.000	-7545819.255	183.768
47	0.990	1199.461	1122.020	1297.360	1198.120	33.317	0.000	-7735672.821	194.555
48	0.000	961.120	961.120	961.120	961.120	0.000	0.000	-9919.665	0.190
48	0.100	968.939	895.820	1032.720	971.270	27.861	0.000	-7921065.534	174.146
48	0.200	998.215	912.300	1084.180	1002.110	29.106	0.000	-8092802.100	168.125
48	0.300	1027.683	945.880	1113.240	1028.380	31.062	0.000	-8261021.791	167.177
48	0.400	1060.990	980.340	1169.580	1059.840	29.015	0.000	-8428140.887	166.066
48	0.500	1096.763	971.400	1186.460	1099.090	31.076	0.000	-8595370.848	167.464
48	0.600	1122.322	1010.280	1225.200	1123.950	38.666	0.000	-8768437.989	177.087
48	0.700	1153.000	1059.220	1263.580	1154.960	37.438	0.000	-8949881.488	184.914
48	0.800	1188.508	1097.300	1290.920	1185.080	36.251	0.000	-9137497.920	188.884
48	0.990	1263.942	1178.460	1382.440	1261.530	30.657	0.000	-9325665.350	186.606
49	0.000	957.140	957.140	957.140	957.140	0.000	0.000	-11505.711	0.180
49	0.100	928.565	898.620	1043.660	920.380	18.310	0.000	-9495088.302	150.310
49	0.200	984.138	936.480	1080.200	978.860	18.745	0.000	-9645822.920	150.071
49	0.300	1024.496	954.420	1143.900	1019.510	25.547	0.000	-9798003.540	153.002
49	0.400	1064.304	983.140	1201.460	1063.320	30.074	0.000	-9952599.447	154.859
49	0.500	1100.109	1020.260	1229.340	1097.400	33.411	0.000	-10110215.381	159.142
49	0.600	1128.547	1046.600	1273.280	1125.730	32.501	0.000	-10275328.060	170.827
49	0.700	1163.215	1073.480	1263.900	1161.310	31.593	0.000	-10452842.306	182.233
49	0.800	1198.220	1112.960	1310.620	1194.720	34.101	0.000	-10638071.499	186.935
49	0.990	1270.051	1174.080	1414.340	1267.810	34.307	0.000	-10828079.249	192.081
50	0.000	1054.800	1054.800	1054.800	1054.800	0.000	0.000	-8742.312	0.232
50	0.100	1100.637	936.600	1197.840	1111.880	34.641	0.000	-11007450.632	245.828
50	0.200	1079.700	958.900	1228.900	1074.990	51.315	0.000	-11259453.113	257.301
50	0.300	1096.630	996.100	1211.480	1097.360	36.433	0.000	-11511343.358	244.295
50	0.400	1127.328	1029.460	1262.560	1124.540	36.051	0.000	-11752243.982	236.309
50	0.500	1156.982	1057.720	1304.020	1158.750	36.874	0.000	-11987866.517	233.215
50	0.600	1184.337	1095.580	1303.680	1182.240	35.740	0.000	-12223131.911	235.423
50	0.700	1220.792	1128.220	1341.460	1218.840	33.529	0.000	-12462911.585	242.139
50	0.800	1259.093	1162.080	1373.860	1258.730	36.568	0.000	-12710390.530	251.907
50	0.990	1332.631	1229.720	1462.040	1324.680	36.992	0.000	-12973327.003	272.625
51	0.000	1129.140	1129.140	1129.140	1129.140	0.000	0.000	4291.816	0.263
51	0.100	1065.814	999.880	1148.200	1063.030	23.280	0.000	2028483.537	242.615
51	0.200	1084.508	993.300	1205.000	1084.490	32.117	0.000	1795791.943	221.201
51	0.300	1117.360	1005.100	1256.080	1117.300	33.239	0.000	1580303.305	208.072
51	0.400	1161.702	1040.800	1277.980	1161.980	34.735	0.000	1373363.492	204.867
51	0.500	1196.808	1079.360	1341.880	1193.470	41.477	0.000	1166861.275	206.935
51	0.600	1219.889	1055.380	1350.000	1216.000	47.244	0.000	956762.783	211.078
51	0.700	1241.197	1097.000	1427.700	1243.130	53.148	0.000	741861.764	218.026
51	0.800	1263.780	1105.000	1457.160	1263.780	56.340	0.000	518354.852	227.656
51	0.990	1307.699	1165.480	1507.960	1305.390	54.130	0.000	282182.288	243.224
52	0.000	766.380	766.380	766.380	766.380	0.000	0.000	-1967.085	0.101
52	0.100	832.968	808.640	855.320	833.560	5.824	0.000	68925.172	99.795
52	0.200	865.791	803.780	932.800	862.660	19.949	0.000	-33973.632	105.040
52	0.300	889.730	823.140	964.180	892.040	28.779	0.000	-143037.490	112.350
52	0.400	911.574	834.120	991.560	906.550	27.130	0.000	-258774.092	117.957
52	0.500	944.590	887.180	1049.640	941.810	21.100	0.000	-376775.151	117.247
52	0.600	983.915	921.240	1039.980	981.540	20.760	0.000	-491942.337	112.071
52	0.700	1026.496	952.160	1098.300	1030.780	22.220	0.000	-602446.460	108.155
52	0.800	1068.181	1003.120	1142.380	1068.240	22.924	0.000	-709048.115	103.990
52	0.990	1148.069	1100.680	1221.680	1150.870	23.591	0.000	-810442.740	97.751
53	0.000	831.840	831.840	831.840	831.840	0.000	0.000	-2945.788	0.107
53	0.100	874.629	830.680	918.120	874.200	6.099	0.000	-913216.685	106.584
53	0.200	911.513	840.620	967.960	907.970	21.421	0.000	-1020000.340	106.116
53	0.300	939.562	857.280	1026.320	944.730	26.170	0.000	-1127630.658	108.388
53	0.400	969.145	893.860	1056.800	968.430	28.370	0.000	-1239288.991	113.252
53	0.500	1003.012	940.440	1100.760	1004.690	28.550	0.000	-1357891.867	122.778
53	0.600	1039.433	966.440	1120.260	1033.480	26.627	0.000	-1482927.216	126.588
53	0.700	1078.023	1022.960	1174.940	1075.150	23.416	0.000	-1610088.187	126.813
53	0.800	1121.666	1062.060	1212.960	1118.630	21.731	0.000	-1736339.962	124.720
53	0.990	1207.232	1130.460	1281.840	1207.540	23.417	0.000	-1858927.594	119.445
54	0.000	1008.700	1008.700	1008.700	1008.700	0.000	0.000	263.408	0.271
54	0.100	1024.854	924.740	1129.180	1010.820	33.200	0.000	-2010941.794	264.315
54	0.200	1023.180	947.620	1117.020	1021.410	30.606	0.000	-2263495.554	239.190
54	0.300	1057.953	983.360	1149.560	1054.720	28.365	0.000	-2497156.085	227.069
54	0.400	1084.836	992.860	1217.980	1083.460	33.439	0.000	-2722283.800	222.091
54	0.500	1108.211	1021.620	1240.100	1105.250	35.573	0.000	-2945976.731	223.400
54	0.600	1137.681	1027.860	1256.160	1139.430	34.317	0.000	-3171151.979	225.536
54	0.700	1177.559	1082.260	1327.380	1168.290	31.662	0.000	-3398883.995	228.525
54	0.800	1222.031	1109.540	1336.960	1218.340	31.365	0.000	-3631842.062	235.705
54	0.990	1296.674	1190.920	1418.320	1299.200	39.388	0.000	-3877236.329	253.431
55	0.000	1307.640	1307.640	1307.640	1307.640	0.000	0.000	-1862.867	0.316
55	0.100	1364.871	1215.240	1441.300	1380.770	37.242	0.000	-4157598.096	304.504
55	0.200	1364.422	1192.100	1480.020	1363.420	53.553	0.000	-4468068.116	315.666
55	0.300	1369.372	1173.220	1543.440	1367.910	64.810	0.000	-4796374.461	338.610
55	0.400	1363.490	1188.820	1555.160	1354.290	64.687	0.000	-5149847.996	366.856
55	0.500	1373.600	1217.680	1597.340	1375.990	49.700	0.000	-5514889.030	361.451
55	0.600	1402.799	1259.600	1553.340	1401.790	47.427	0.000	-5868131.549	343.442
55	0.700	1435.968	1285.160	1590.780	1433.170	49.456	0.000	-6207142.849	332.415
55	0.800	1467.264	1334.780	1623.740	1466.350	50.393	0.000	-6537283.340	326.498
55	0.990	1529.328	1354.840	1710.860	1529.020	56.615	0.000	-6866941.743	330.356
56	0.000	906.360	906.360	906.360	906.360	0.000	0.000	-4891.026	0.204
56	0.100	929.681	852.240	992.800	933.720	21.593	0.000	-7131288.264	196.617
56	0.200	964.044	908.360	1058.280	969.400	21.141	0.000	-7326093.390	191.126
56	0.300	1003.789	940.140	1097.840	1000.800	27.186	0.000	-7514545.113	184.884
56	0.400	1044.433	979.520	1129.900	1043.930	24.577	0.000	-7697917.462	180.783
56	0.500	1088.319	1025.500	1194.540	1086.050	23.857	0.000	-7878874.748	179.631
56	0.600	1131.400	1069.820	1235.760	1128.190	25.342	0.000	-8059552.092	180.105
56	0.700	1174.558	1098.940	1272.060	1171.100	24.596	0.000	-8241381.249	182.252
56	0.800	1215.948	1110.900	1318.340	1218.630	26.785	0.000	-8425873.276	185.508
56	0.990	1288.247	1196.300	1394.400	1286.790	33.838	0.000	-8618928.113	198.649
57	0.000	843.300	843.300	843.300	843.300	0.000	0.000	-10845.382	0.118
57	0.100	848.222	804.920	898.120	837.020	25.612	0.000	-8817954.089	117.017
57	0.200	883.628	818.600	969.280	884.460	20.157	0.000	-8935273.988	116.711
57	0.300	921.704	867.740	989.120	919.600	23.520	0.000	-9055242.809	121.936
57	0.400	955.431	888.940	1037.720	954.610	24.000	0.000	-9179442.593	125.643
57	0.500	983.076	906.320	1060.400	981.860	26.072	0.000	-9311814.694	137.695
57	0.600	1015.187	946.980	1120.360	1015.420	23.557	0.000	-9450430.130	138.760
57	0.700	1054.697	974.860	1134.040	1055.080	24.211	0.000	-9587081.409	133.677
57	0.800	1094.416	1028.800	1187.080	1094.070	25.485	0.000	-9719572.344	130.882
57	0.990	1175.663	1110.080	1273.060	1175.020	26.060	0.000	-9849634.652	127.525
58	0.000	852.420	852.420	852.420	852.420	0.000	0.000	-12000.111	0.165
58	0.100	887.965	823.220	934.300	884.440	29.096	0.000	-9993016.442	157.136
58	0.200	899.978	818.620	984.120	895.500	25.326	0.000	-10147474.016	150.668
58	0.300	918.842	838.940	1010.540	915.490	27.887	0.000	-10300533.473	154.380
58	0.400	946.299	860.560	1050.960	949.650	30.630	0.000	-10461523.775	166.299
58	0.500	972.218	889.500	1092.380	971.720	31.309	0.000	-10641742.501	192.497
58	0.600	1001.865	929.440	1109.900	999.920	28.214	0.000	-10842513.355	207.706
58	0.700	1036.496	973.460	1117.740	1036.830	25.430	0.000	-11050886.615	207.502
58	0.800	1075.932	1011.660	1179.760	1076.290	24.773	0.000	-11256379.056	202.704
58	0.990	1156.693	1110.000	1258.980	1150.240	22.192	0.000	-11456376.459	195.746
59	0.000	1178.960	1178.960	1178.960	1178.960	0.000	0.000	-9372.286	0.363
59	0.100	1157.040	1105.020	1221.420	1139.950	32.203	0.000	-11707393.987	386.320
59	0.200	1187.137	1112.480	1275.760	1191.940	20.862	0.000	-12133311.977	465.020
59	0.300	1249.892	1147.700	1333.920	1258.790	35.384	0.000	-12596260.670	457.704
59	0.400	1269.409	1138.520	1416.860	1271.870	47.957	0.000	-13034242.544	416.235
59	0.500	1293.550	1176.640	1448.480	1292.090	47.059	0.000	-13438336.161	387.698
59	0.600	1326.579	1179.960	1491.320	1324.060	46.202	0.000	-13819162.775	374.359
59	0.700	1359.571	1207.700	1537.140	1359.660	50.551	0.000	-14191928.567	368.587
59	0.800	1394.406	1254.840	1574.180	1396.720	54.507	0.000	-14561323.182	367.464
59	0.990	1457.941	1311.940	1661.500	1457.560	53.466	0.000	-14934248.086	378.680
60	0.000	907.860	907.860	907.860	907.860	0.000	0.000	-12983.417	0.254
60	0.100	963.888	932.260	988.320	972.080	13.283	0.000	-15248135.083	245.211
60	0.200	1012.911	938.360	1069.000	1022.120	23.003	0.000	-15487785.645	232.624
60	0.300	1056.383	941.520	1147.820	1057.640	29.459	0.000	-15716459.125	223.659
60	0.400	1090.434	947.420	1212.160	1088.420	34.811	0.000	-15939117.183	219.521
60	0.500	1126.534	1023.320	1276.780	1123.990	38.007	0.000	-16160203.941	221.606
60	0.600	1157.722	1046.340	1274.220	1159.110	39.063	0.000	-16387115.387	229.807
60	0.700	1196.005	1091.380	1312.680	1199.660	36.784	0.000	-16620781.406	236.840
60	0.800	1237.306	1131.300	1349.620	1237.110	36.050	0.000	-16862418.866	243.595
60	0.990	1309.511	1217.280	1438.760	1309.050	39.039	0.000	-17113860.391	258.781
61	0.000	909.780	909.780	909.780	909.780	0.000	0.000	4291.813	0.256
61	0.100	981.842	958.500	1012.440	980.540	4.864	0.000	2020067.080	259.334
61	0.200	1010.237	952.420	1071.840	1009.180	22.469	0.000	1767879.656	243.892
61	0.300	1050.921	969.780	1126.720	1053.570	28.760	0.000	1527085.616	235.404
61	0.400	1079.950	1005.320	1168.840	1070.970	31.828	0.000	1294955.032	227.430
61	0.500	1120.816	1045.000	1224.960	1119.170	30.471	0.000	1068577.934	224.018
61	0.600	1153.106	1079.560	1275.120	1151.790	29.966	0.000	841983.797	227.052
61	0.700	1194.769	1131.540	1287.340	1192.030	25.218	0.000	612733.750	230.390
61	0.800	1239.967	1148.440	1333.380	1239.280	25.511	0.000	379618.602	233.888
61	0.990	1318.471	1182.140	1425.100	1320.210	31.804	0.000	139473.487	245.256
62	0.000	743.680	743.680	743.680	743.680	0.000	0.000	-2110.622	0.103
62	0.100	726.418	706.120	780.620	718.490	15.215	0.000	-89164.340	128.353
62	0.200	767.618	734.880	819.740	762.950	12.989	0.000	-215575.312	124.164
62	0.300	814.973	773.080	905.720	812.860	16.040	0.000	-338848.895	121.162
62	0.400	863.103	828.260	937.240	859.240	17.960	0.000	-459632.357	119.243
62	0.500	911.624	855.260	983.980	910.930	17.725	0.000	-578816.701	118.067
62	0.600	957.714	905.440	1017.340	956.680	17.813	0.000	-696083.092	115.460
62	0.700	1002.426	956.760	1071.720	1000.490	19.240	0.000	-810565.338	112.332
62	0.800	1045.381	996.600	1116.960	1046.640	20.186	0.000	-921896.058	109.437
62	0.990	1126.825	1070.360	1197.640	1124.070	22.008	0.000	-1030610.593	106.530
63	0.000	1022.400	1022.400	1022.400	1022.400	0.000	0.000	1098.255	0.287
63	0.100	996.537	920.540	1104.780	997.600	51.239	0.000	-1193635.378	299.437
63	0.200	1017.448	927.620	1149.380	1019.600	35.089	0.000	-1504545.383	321.062
63	0.300	1055.258	990.540	1194.840	1043.040	34.527	0.000	-1825184.675	318.017
63	0.400	1094.619	1016.380	1233.120	1086.640	26.487	0.000	-2139318.672	307.580
63	0.500	1139.078	1058.280	1218.960	1138.700	26.454	0.000	-2445376.534	303.163
63	0.600	1179.296	1083.120	1290.700	1175.780	31.817	0.000	-2749633.733	303.378
63	0.700	1214.647	1116.140	1331.460	1214.150	35.838	0.000	-3054756.292	306.338
63	0.800	1250.154	1134.340	1391.420	1250.760	40.143	0.000	-3365316.508	312.160
63	0.990	1316.005	1199.280	1445.340	1312.480	41.464	0.000	-3687855.179	331.734
64	0.000	923.200	923.200	923.200	923.200	0.000	0.000	-5981.444	0.208
64	0.100	964.108	908.600	994.680	969.000	10.840	0.000	-3994119.649	196.592
64	0.200	1003.834	928.760	1076.620	1001.550	28.319	0.000	-4185579.487	185.072
64	0.300	1033.449	956.120	1132.880	1032.130	28.210	0.000	-4365019.146	172.575
64	0.400	1063.486	982.780	1149.480	1065.110	32.649	0.000	-4536767.678	168.947
64	0.500	1097.327	1008.520	1184.460	1094.770	31.056	0.000	-4708554.836	174.646
64	0.600	1130.584	1049.820	1230.760	1131.500	31.150	0.000	-4889287.504	183.215
64	0.700	1164.415	1058.100	1261.100	1163.840	33.264	0.000	-5077095.961	192.597
64	0.800	1197.911	1090.480	1302.740	1198.070	33.799	0.000	-5276570.191	203.297
64	0.990	1263.071	1157.680	1386.340	1257.450	35.281	0.000	-5483924.687	211.738
65	0.000	921.580	921.580	921.580	921.580	0.000	0.000	-7676.631	0.174
65	0.100	948.756	902.140	1027.040	949.970	10.220	0.000	-5672847.031	164.128
65	0.200	975.250	851.620	1058.840	976.350	34.196	0.000	-5831331.861	151.450
65	0.300	1005.986	898.500	1113.240	1009.140	35.827	0.000	-5982538.474	149.321
65	0.400	1034.631	904.740	1149.260	1031.860	40.583	0.000	-6134992.202	155.084
65	0.500	1059.741	957.840	1208.280	1057.290	40.964	0.000	-6297195.865	168.416
65	0.600	1087.877	999.280	1211.780	1086.080	37.871	0.000	-6472331.128	179.818
65	0.700	1125.380	1045.740	1255.420	1119.260	35.167	0.000	-6656030.390	185.562
65	0.800	1168.549	1094.380	1282.160	1166.520	31.024	0.000	-6841057.176	183.944
65	0.990	1255.950	1174.540	1373.000	1254.890	29.110	0.000	-7021230.875	175.743
66	0.000	859.620	859.620	859.620	859.620	0.000	0.000	-9195.988	0.108
66	0.100	904.973	851.340	965.120	907.940	16.044	0.000	-7163108.386	105.817
66	0.200	908.512	834.140	978.900	905.960	23.067	0.000	-7267833.309	102.726
66	0.300	925.762	830.320	1035.740	926.850	27.444	0.000	-7374372.936	108.910
66	0.400	947.863	875.940	1031.800	948.810	27.158	0.000	-7488492.751	118.726
66	0.500	982.350	926.400	1085.400	979.180	25.108	0.000	-7607896.568	118.622
66	0.600	1022.448	964.680	1128.280	1021.110	22.394	0.000	-7725028.720	114.782
66	0.700	1064.641	982.760	1153.080	1064.110	21.724	0.000	-7838752.920	111.724
66	0.800	1107.078	1037.400	1183.680	1106.740	22.218	0.000	-7949621.456	108.862
66	0.990	1186.449	1113.780	1261.560	1184.980	24.007	0.000	-8057076.154	104.857
67	0.000	1013.920	1013.920	1013.920	1013.920	0.000	0.000	-10195.990	0.228
67	0.100	1020.711	949.840	1102.020	1034.040	35.905	0.000	-8217333.035	214.147
67	0.200	1046.713	945.380	1145.320	1041.680	24.582	0.000	-8427435.615	204.374
67	0.300	1068.834	925.740	1176.560	1076.570	41.760	0.000	-8628499.936	196.424
67	0.400	1081.621	983.260	1221.760	1072.910	39.406	0.000	-8824372.224	194.324
67	0.500	1115.700	1042.160	1242.960	1120.040	35.227	0.000	-9019923.565	194.618
67	0.600	1148.602	1047.260	1257.860	1147.010	32.768	0.000	-9217389.573	198.708
67	0.700	1181.152	1067.900	1301.120	1183.810	35.222	0.000	-9420150.479	205.646
67	0.800	1212.260	1093.980	1362.040	1207.140	35.727	0.000	-9631454.076	215.829
67	0.990	1273.315	1184.600	1408.860	1269.220	38.876	0.000	-9856930.420	232.588
68	0.000	913.220	913.220	913.220	913.220	0.000	0.000	-12059.493	0.125
68	0.100	944.036	875.380	1011.660	941.570	21.142	0.000	-10032181.542	116.957
68	0.200	974.821	865.980	1079.700	984.080	28.119	0.000	-10148209.144	114.337
68	0.300	1002.690	910.040	1089.400	1011.840	29.944	0.000	-10264215.903	116.218
68	0.400	1037.700	936.940	1158.800	1041.250	33.223	0.000	-10383940.626	122.175
68	0.500	1071.319	953.460	1233.360	1074.870	37.488	0.000	-10509449.531	126.907
68	0.600	1101.685	1000.380	1290.580	1095.830	40.978	0.000	-10638113.616	130.385
68	0.700	1131.858	1046.200	1280.240	1127.470	41.018	0.000	-10769414.482	130.752
68	0.800	1163.801	1065.840	1367.340	1158.770	38.068	0.000	-10900333.532	130.065
68	0.990	1238.288	1145.540	1437.240	1238.510	33.052	0.000	-11027770.109	123.577
69	0.000	923.440	923.440	923.440	923.440	0.000	0.000	-13176.157	0.170
69	0.100	931.453	847.620	986.580	927.070	21.044	0.000	-11167227.734	153.725
69	0.200	935.684	885.400	1074.300	918.300	31.540	0.000	-11316466.458	143.503
69	0.300	987.592	927.640	1140.920	982.520	32.239	0.000	-11461688.358	145.231
69	0.400	1032.771	944.000	1151.380	1029.600	29.813	0.000	-11607909.152	145.917
69	0.500	1064.468	975.940	1183.260	1062.600	33.465	0.000	-11757051.949	151.041
69	0.600	1089.331	994.840	1232.400	1090.300	36.380	0.000	-11915281.088	164.000
69	0.700	1116.403	1033.100	1239.220	1116.710	35.935	0.000	-12086947.348	176.593
69	0.800	1154.010	1080.680	1278.800	1145.270	34.161	0.000	-12266137.771	182.507
69	0.990	1227.327	1150.160	1336.780	1229.230	28.033	0.000	-12449200.955	181.279
70	0.000	865.560	865.560	865.560	865.560	0.000	0.000	-14626.105	0.127
70	0.100	867.855	805.040	957.620	871.640	38.745	0.000	-12603242.736	125.702
70	0.200	872.541	821.280	977.580	869.330	25.779	0.000	-12729620.907	126.036
70	0.300	917.987	846.760	1041.540	913.120	24.032	0.000	-12859665.682	133.836
70	0.400	957.353	881.380	1072.260	959.240	33.551	0.000	-12998423.272	141.841
70	0.500	992.566	922.580	1119.740	991.000	32.415	0.000	-13144537.365	148.680
70	0.600	1029.890	945.160	1155.960	1029.330	28.493	0.000	-13292093.250	144.953
70	0.700	1072.453	999.800	1157.900	1070.100	25.718	0.000	-13435657.303	141.975
70	0.800	1116.915	1049.780	1230.180	1115.300	26.266	0.000	-13576147.631	137.278
70	0.990	1200.627	1119.520	1318.900	1199.210	26.633	0.000	-13710904.099	131.258
71	0.000	943.280	943.280	943.280	943.280	0.000	0.000	23.248	0.190
71	0.100	930.915	894.260	1037.300	916.040	23.720	0.000	2025136.501	167.733
71	0.200	984.485	898.480	1084.120	987.560	23.473	0.000	1857644.867	166.254
71	0.300	1014.480	907.040	1097.140	1013.480	33.025	0.000	1690201.827	167.210
71	0.400	1046.245	961.260	1143.960	1042.610	35.099	0.000	1519548.565	172.700
71	0.500	1076.765	980.120	1188.340	1077.290	35.470	0.000	1341316.186	182.591
71	0.600	1107.050	1003.620	1239.080	1108.540	32.344	0.000	1152175.075	194.331
71	0.700	1141.679	1040.020	1253.360	1137.630	31.570	0.000	951217.095	206.214
71	0.800	1177.739	1093.400	1278.240	1174.490	29.606	0.000	743422.126	208.447
71	0.990	1258.483	1168.020	1358.700	1258.640	29.977	0.000	537785.303	200.902
72	0.000	971.280	971.280	971.280	971.280	0.000	0.000	-1649.265	0.192
72	0.100	928.026	897.580	1013.380	918.500	32.095	0.000	344578.550	184.147
72	0.200	973.174	910.120	1061.280	971.460	19.013	0.000	163756.098	175.989
72	0.300	1018.285	943.060	1106.320	1013.320	26.653	0.000	-9848.868	169.861
72	0.400	1063.723	958.420	1148.580	1065.140	30.746	0.000	-179581.082	168.469
72	0.500	1099.231	1002.520	1200.780	1095.560	31.852	0.000	-350486.143	171.398
72	0.600	1135.287	1035.820	1248.560	1133.210	31.957	0.000	-526487.209	179.935
72	0.700	1166.274	1041.320	1322.880	1166.520	36.964	0.000	-712126.861	189.839
72	0.800	1193.305	1074.860	1337.860	1195.930	40.766	0.000	-909391.087	202.837
72	0.990	1251.862	1134.920	1383.460	1246.980	40.708	0.000	-1117116.739	211.200
73	0.000	790.200	790.200	790.200	790.200	0.000	0.000	-3309.146	0.097
73	0.100	819.228	752.600	845.020	828.120	20.846	0.000	-1270734.130	94.670
73	0.200	845.219	769.700	913.200	846.790	27.659	0.000	-1367829.084	98.511
73	0.300	865.701	780.860	945.920	870.040	25.811	0.000	-1466089.154	97.428
73	0.400	894.136	831.200	990.360	893.580	29.705	0.000	-1568074.953	105.029
73	0.500	924.478	860.360	1022.180	922.130	24.637	0.000	-1676237.755	110.560
73	0.600	961.362	904.740	1042.920	958.240	22.082	0.000	-1785769.136	107.422
73	0.700	1001.914	948.480	1074.840	1000.910	21.181	0.000	-1892107.060	104.061
73	0.800	1043.597	991.940	1112.640	1042.030	19.955	0.000	-1995353.260	101.809
73	0.990	1125.566	1085.680	1190.480	1124.770	17.059	0.000	-2095855.998	97.531
74	0.000	879.240	879.240	879.240	879.240	0.000	0.000	-4230.945	0.193
74	0.100	938.765	896.160	968.660	938.380	11.906	0.000	-2235645.428	181.053
74	0.200	974.303	892.760	1043.800	972.170	30.875	0.000	-2414530.095	174.908
74	0.300	998.842	930.920	1109.000	994.030	29.065	0.000	-2587073.845	169.178
74	0.400	1028.644	929.360	1142.100	1026.950	27.099	0.000	-2757645.873	170.356
74	0.500	1059.401	979.640	1166.260	1061.730	30.731	0.000	-2931491.618	176.335
74	0.600	1088.778	1013.780	1200.520	1085.780	31.288	0.000	-3110797.328	180.888
74	0.700	1123.241	1016.000	1228.560	1120.770	29.194	0.000	-3293289.260	183.001
74	0.800	1156.657	1063.520	1288.420	1156.800	31.685	0.000	-3479227.203	187.788
74	0.990	1222.985	1134.280	1334.060	1218.810	32.380	0.000	-3674426.398	200.949
75	0.000	940.920	940.920	940.920	940.920	0.000	0.000	-5861.719	0.153
75	0.100	890.795	832.980	994.340	887.430	27.700	0.000	-3843124.265	133.599
75	0.200	933.514	883.560	1013.900	931.440	25.162	0.000	-3976548.911	132.920
75	0.300	969.009	889.020	1048.380	969.460	20.755	0.000	-4108984.794	130.487
75	0.400	1005.698	908.340	1115.280	1012.090	30.512	0.000	-4241148.965	133.225
75	0.500	1031.043	944.340	1132.960	1032.620	33.926	0.000	-4382360.820	147.718
75	0.600	1057.788	977.100	1198.300	1053.610	30.925	0.000	-4534349.689	155.418
75	0.700	1095.338	1013.600	1228.140	1096.720	26.922	0.000	-4688625.210	151.472
75	0.800	1137.145	1053.860	1235.540	1136.370	26.427	0.000	-4839365.457	149.237
75	0.990	1216.055	1124.700	1299.880	1215.150	29.103	0.000	-4985396.783	141.290
76	0.000	973.960	973.960	973.960	973.960	0.000	0.000	-2874.091	0.236
76	0.100	978.301	927.420	1040.360	992.470	21.355	0.000	-5150686.156	268.422
76	0.200	1026.962	977.500	1090.780	1010.830	23.257	0.000	-5414150.520	257.491
76	0.300	1070.232	999.500	1171.340	1071.020	23.254	0.000	-5665285.061	243.733
76	0.400	1095.645	987.580	1180.220	1096.390	27.310	0.000	-5906250.103	235.093
76	0.500	1140.153	1039.760	1239.940	1139.030	25.695	0.000	-6139162.539	230.714
76	0.600	1180.112	1073.720	1278.140	1181.070	32.182	0.000	-6373771.420	236.906
76	0.700	1214.468	1119.780	1317.860	1215.120	33.715	0.000	-6614096.486	241.683
76	0.800	1249.322	1148.700	1356.460	1253.340	35.648	0.000	-6862225.421	254.839
76	0.990	1317.860	1213.580	1454.260	1318.970	39.277	0.000	-7130376.454	276.308
77	0.000	778.300	778.300	778.300	778.300	0.000	0.000	-9394.957	0.172
77	0.100	837.045	793.960	891.820	835.160	13.178	0.000	-7392346.616	165.769
77	0.200	874.090	836.820	935.960	861.860	20.277	0.000	-7553802.486	156.991
77	0.300	921.909	866.140	990.240	923.340	15.540	0.000	-7711666.673	156.425
77	0.400	970.935	883.760	1032.560	972.260	15.607	0.000	-7864450.633	148.255
77	0.500	1014.149	936.440	1066.640	1018.590	22.706	0.000	-8012564.071	147.188
77	0.600	1050.442	979.640	1120.120	1057.210	26.039	0.000	-8163315.238	151.185
77	0.700	1090.763	1011.700	1161.280	1099.980	29.868	0.000	-8316640.722	155.363
77	0.800	1128.887	1036.480	1201.120	1120.490	31.771	0.000	-8474082.419	158.429
77	0.990	1196.763	1131.860	1318.200	1191.210	31.418	0.000	-8639842.629	171.899
78	0.000	917.560	917.560	917.560	917.560	0.000	0.000	-10812.538	0.181
78	0.100	946.631	897.520	977.240	946.100	10.153	0.000	-8811593.971	169.405
78	0.200	986.726	906.440	1037.280	984.190	27.759	0.000	-8977865.746	162.073
78	0.300	1004.398	923.960	1112.620	1004.310	30.699	0.000	-9136210.344	153.321
78	0.400	1034.267	952.840	1137.440	1029.450	30.472	0.000	-9291033.839	155.183
78	0.500	1067.527	967.000	1159.520	1065.690	30.896	0.000	-9448920.090	159.267
78	0.600	1098.461	991.820	1212.820	1102.100	34.217	0.000	-9611386.895	164.119
78	0.700	1128.140	1028.960	1254.540	1120.480	37.620	0.000	-9779720.292	171.725
78	0.800	1155.324	1068.240	1268.520	1156.670	39.601	0.000	-9957387.696	181.078
78	0.990	1218.903	1148.800	1353.980	1214.840	31.240	0.000	-10140128.776	184.171
79	0.000	909.420	909.420	909.420	909.420	0.000	0.000	-12318.951	0.187
79	0.100	970.592	909.480	1032.620	963.100	24.021	0.000	-10324049.248	181.987
79	0.200	999.831	923.380	1080.840	1000.700	30.998	0.000	-10502033.456	172.960
79	0.300	1021.870	946.300	1126.920	1023.760	29.113	0.000	-10672233.537	165.667
79	0.400	1059.156	986.780	1142.220	1057.460	25.821	0.000	-10839335.211	166.765
79	0.500	1094.854	988.400	1201.760	1096.500	29.911	0.000	-11010661.182	174.343
79	0.600	1124.394	1032.440	1225.920	1125.090	31.142	0.000	-11188224.188	179.822
79	0.700	1160.989	1065.560	1259.400	1161.400	31.668	0.000	-11371421.611	185.111
79	0.800	1193.791	1088.220	1300.840	1190.880	37.465	0.000	-11559523.366	189.954
79	0.990	1252.072	1157.740	1380.460	1247.160	38.659	0.000	-11755993.158	201.479
80	0.000	892.780	892.780	892.780	892.780	0.000	0.000	-13943.252	0.174
80	0.100	973.820	850.420	1026.040	973.130	38.088	0.000	-11944581.621	173.739
80	0.200	968.274	878.900	1094.340	965.210	37.114	0.000	-12112805.830	161.845
80	0.300	979.725	900.460	1104.180	979.520	34.820	0.000	-12272909.960	157.542
80	0.400	1005.344	915.160	1111.880	1003.760	33.003	0.000	-12433560.752	160.537
80	0.500	1036.455	948.760	1137.580	1035.240	31.787	0.000	-12598433.365	168.283
80	0.600	1065.282	963.020	1176.080	1061.670	30.183	0.000	-12772813.019	180.116
80	0.700	1096.368	997.360	1203.680	1097.190	32.206	0.000	-12958677.955	189.457
80	0.800	1126.162	1039.480	1244.100	1124.600	33.395	0.000	-13152941.821	197.502
80	0.990	1189.829	1117.660	1293.160	1187.500	30.209	0.000	-13348898.975	193.611
81	0.000	1186.420	1186.420	1186.420	1186.420	0.000	0.000	4291.814	0.332
81	0.100	1176.182	1044.080	1245.500	1174.240	22.119	0.000	1977785.323	343.319
81	0.200	1193.876	1064.100	1281.960	1197.890	39.667	0.000	1629372.663	352.704
81	0.300	1185.161	1043.720	1316.780	1187.360	42.078	0.000	1278321.695	345.984
81	0.400	1202.922	1074.620	1331.780	1205.080	39.453	0.000	946422.032	317.646
81	0.500	1228.991	1113.200	1383.840	1228.850	40.912	0.000	634916.053	303.103
81	0.600	1255.245	1143.460	1413.220	1254.650	41.777	0.000	333480.007	298.672
81	0.700	1284.821	1165.940	1424.220	1281.180	40.144	0.000	33037.088	299.622
81	0.800	1319.445	1202.140	1476.300	1318.420	40.222	0.000	-269157.255	304.013
81	0.990	1386.777	1277.780	1570.120	1385.110	42.083	0.000	-577510.641	309.229
82	0.000	850.520	850.520	850.520	850.520	0.000	0.000	-2859.311	0.203
82	0.100	839.480	790.360	898.040	841.150	17.584	0.000	-864777.044	182.366
82	0.200	892.050	781.740	943.860	889.240	23.206	0.000	-1045799.798	178.394
82	0.300	914.940	835.700	997.100	921.500	34.717	0.000	-1226994.774	182.815
82	0.400	931.451	859.760	1034.920	925.610	33.848	0.000	-1419173.180	199.996
82	0.500	964.848	902.680	1060.120	957.020	28.763	0.000	-1626414.239	213.213
82	0.600	999.692	940.360	1104.680	996.990	24.995	0.000	-1844584.068	221.175
82	0.700	1036.498	977.000	1151.600	1036.950	24.289	0.000	-2069197.291	227.238
82	0.800	1078.653	1029.600	1164.600	1076.610	22.254	0.000	-2296974.427	226.728
82	0.990	1164.676	1116.840	1244.600	1164.080	18.980	0.000	-2517961.236	213.713
83	0.000	1015.080	1015.080	1015.080	1015.080	0.000	0.000	-442.576	0.272
83	0.100	1071.718	994.000	1124.220	1074.550	26.393	0.000	-2719836.865	269.598
83	0.200	1101.877	1007.260	1190.060	1096.940	31.914	0.000	-2979918.678	250.143
83	0.300	1123.035	1042.740	1210.200	1122.950	31.332	0.000	-3225481.657	239.071
83	0.400	1151.284	1062.040	1269.060	1153.440	33.711	0.000	-3460564.219	229.577
83	0.500	1186.660	1059.560	1301.880	1186.300	38.220	0.000	-3689322.725	226.501
83	0.600	1213.438	1077.040	1336.560	1213.700	39.629	0.000	-3918807.323	230.885
83	0.700	1243.583	1121.040	1396.960	1242.380	44.367	0.000	-4153900.931	237.628
83	0.800	1266.467	1138.240	1425.040	1261.850	47.401	0.000	-4401076.316	254.682
83	0.990	1321.481	1191.280	1472.800	1319.820	47.040	0.000	-4661364.866	264.057
84	0.000	754.760	754.760	754.760	754.760	0.000	0.000	-6920.508	0.103
84	0.100	790.486	755.560	835.580	786.780	19.524	0.000	-4886976.373	104.482
84	0.200	836.651	814.320	903.560	837.280	13.088	0.000	-4992582.819	105.484
84	0.300	888.710	835.580	935.160	888.610	14.050	0.000	-5097695.337	104.131
84	0.400	932.472	884.660	989.540	930.930	17.868	0.000	-5204547.198	108.844
84	0.500	974.494	924.160	1038.460	975.500	19.080	0.000	-5314918.338	110.622
84	0.600	1016.824	948.360	1080.840	1016.840	20.125	0.000	-5426167.030	110.373
84	0.700	1059.453	987.620	1132.220	1062.380	22.361	0.000	-5535987.464	107.810
84	0.800	1099.512	1026.600	1166.540	1101.890	25.871	0.000	-5644686.928	109.152
84	0.990	1174.323	1121.400	1263.500	1170.940	23.093	0.000	-5755576.162	111.643
85	0.000	1160.820	1160.820	1160.820	1160.820	0.000	0.000	-3629.389	0.329
85	0.100	1229.888	1138.580	1311.540	1235.650	37.422	0.000	-5926449.623	309.439
85	0.200	1254.399	1112.960	1436.200	1257.040	48.580	0.000	-6240848.618	317.553
85	0.300	1252.067	1129.400	1466.620	1243.620	54.995	0.000	-6563309.561	325.584
85	0.400	1264.142	1142.600	1437.700	1261.440	43.906	0.000	-6880529.012	307.742
85	0.500	1299.525	1165.240	1475.620	1299.940	45.260	0.000	-7181306.734	291.781
85	0.600	1329.405	1202.700	1527.200	1326.140	44.222	0.000	-7467676.753	279.466
85	0.700	1365.166	1194.640	1509.200	1366.610	46.923	0.000	-7745737.319	274.813
85	0.800	1400.154	1260.380	1551.460	1398.850	50.060	0.000	-8021588.068	275.530
85	0.990	1460.828	1289.380	1732.800	1459.860	56.169	0.000	-8302299.767	284.394
86	0.000	1039.580	1039.580	1039.580	1039.580	0.000	0.000	-6303.755	0.181
86	0.100	1061.882	984.860	1100.500	1062.920	10.495	0.000	-8547388.183	203.386
86	0.200	1058.751	978.080	1150.460	1050.390	36.581	0.000	-8760811.109	221.327
86	0.300	1094.455	998.660	1188.060	1097.090	30.408	0.000	-8979273.911	214.019
86	0.400	1136.286	1038.160	1242.700	1133.340	32.457	0.000	-9190238.551	206.002
86	0.500	1176.255	1090.780	1270.500	1179.910	37.523	0.000	-9395161.095	204.217
86	0.600	1210.250	1110.160	1343.560	1205.430	36.393	0.000	-9599401.305	201.381
86	0.700	1246.961	1120.020	1367.160	1245.280	38.524	0.000	-9801379.810	200.779
86	0.800	1281.955	1104.760	1440.160	1275.910	41.761	0.000	-10002754.857	201.406
86	0.990	1346.867	1211.920	1541.540	1350.610	46.579	0.000	-10208325.578	208.040
87	0.000	1105.960	1105.960	1105.960	1105.960	0.000	0.000	-8171.179	0.311
87	0.100	1142.458	1093.300	1251.140	1126.370	30.189	0.000	-10493279.354	359.228
87	0.200	1157.882	1069.700	1285.180	1153.900	32.058	0.000	-10861579.188	376.232
87	0.300	1186.575	1096.080	1309.560	1188.980	31.126	0.000	-11235383.996	370.710
87	0.400	1222.544	1118.700	1334.440	1225.400	34.830	0.000	-11598415.094	352.605
87	0.500	1258.495	1157.500	1380.380	1259.240	37.278	0.000	-11945915.654	338.963
87	0.600	1295.371	1168.180	1431.960	1294.180	38.573	0.000	-12279246.390	327.857
87	0.700	1329.248	1170.100	1480.860	1330.900	41.659	0.000	-12611138.368	333.514
87	0.800	1357.538	1210.020	1512.500	1356.540	46.270	0.000	-12947787.417	338.526
87	0.990	1420.032	1263.100	1607.120	1420.000	48.397	0.000	-13296368.226	355.106
88	0.000	855.260	855.260	855.260	855.260	0.000	0.000	-15601.151	0.167
88	0.100	871.384	797.660	931.320	876.240	30.679	0.000	-13591300.955	152.588
88	0.200	894.723	837.580	973.340	895.880	26.035	0.000	-13742218.782	146.705
88	0.300	930.331	882.580	1023.260	928.140	21.270	0.000	-13892421.750	154.170
88	0.400	976.230	915.440	1047.240	971.270	21.592	0.000	-14051870.665	162.358
88	0.500	1023.161	971.360	1103.060	1019.220	19.498	0.000	-14216970.127	166.455
88	0.600	1067.513	997.620	1154.540	1066.230	19.838	0.000	-14389340.651	177.132
88	0.700	1105.728	1022.380	1196.700	1104.100	23.150	0.000	-14572523.902	187.089
88	0.800	1143.858	1055.620	1226.560	1144.490	26.371	0.000	-14757664.458	182.636
88	0.990	1220.319	1146.660	1310.400	1222.200	28.603	0.000	-14932514.458	166.440
89	0.000	894.160	894.160	894.160	894.160	0.000	0.000	-17102.452	0.146
89	0.100	857.180	826.640	963.240	857.060	17.473	0.000	-15081092.826	128.561
89	0.200	898.918	855.100	932.180	897.140	10.230	0.000	-15211233.054	130.544
89	0.300	944.253	861.180	1006.260	942.880	15.872	0.000	-15344615.514	135.410
89	0.400	981.317	897.300	1045.000	981.270	25.506	0.000	-15480814.723	135.223
89	0.500	1013.693	930.400	1085.480	1012.180	31.615	0.000	-15616904.097	136.533
89	0.600	1035.799	956.060	1137.540	1034.380	33.662	0.000	-15759782.817	147.520
89	0.700	1064.742	998.780	1180.020	1069.510	32.317	0.000	-15912807.753	157.380
89	0.800	1102.921	1042.740	1208.140	1097.900	31.627	0.000	-16070160.432	155.817
89	0.990	1182.682	1121.820	1285.380	1177.840	27.215	0.000	-16225715.567	154.245
90	0.000	894.120	894.120	894.120	894.120	0.000	0.000	-18389.395	0.167
90	0.100	954.147	873.080	1007.060	954.450	20.735	0.000	-16387018.129	166.615
90	0.200	964.666	861.640	1071.000	966.670	35.272	0.000	-16550632.352	159.332
90	0.300	968.716	877.100	1078.780	960.740	31.778	0.000	-16708198.785	154.602
90	0.400	994.772	900.020	1128.920	994.610	30.269	0.000	-16863598.230	154.946
90	0.500	1023.141	938.220	1117.940	1019.950	30.357	0.000	-17024616.403	165.845
90	0.600	1057.300	979.480	1139.440	1058.200	27.239	0.000	-17195137.745	173.362
90	0.700	1090.942	1020.140	1200.120	1090.710	31.031	0.000	-17374833.071	186.182
90	0.800	1125.041	1048.480	1214.420	1122.220	28.598	0.000	-17565183.065	193.109
90	0.990	1202.607	1125.920	1294.260	1201.380	27.685	0.000	-17754527.023	183.242
91	0.000	779.240	779.240	779.240	779.240	0.000	0.000	23.249	0.135
91	0.100	809.475	760.920	840.020	810.400	19.731	0.000	2042734.827	133.003
91	0.200	845.416	798.140	895.020	837.320	19.918	0.000	1907346.984	135.962
91	0.300	876.922	820.340	958.500	878.580	23.478	0.000	1764018.455	149.918
91	0.400	897.450	827.380	984.180	896.990	23.202	0.000	1601943.653	173.180
91	0.500	923.260	871.840	996.300	921.890	22.910	0.000	1425759.924	177.897
91	0.600	956.178	917.020	1025.620	953.310	19.453	0.000	1250667.525	171.026
91	0.700	996.467	960.320	1065.840	995.460	17.245	0.000	1081563.544	166.115
91	0.800	1041.323	1011.060	1101.160	1038.110	15.422	0.000	916560.849	162.453
91	0.990	1130.900	1095.700	1204.460	1129.340	12.934	0.000	755206.690	159.443
92	0.000	1105.420	1105.420	1105.420	1105.420	0.000	0.000	2857.369	0.250
92	0.100	1112.247	1013.260	1199.320	1113.620	22.913	0.000	576566.037	277.473
92	0.200	1104.272	1010.440	1233.360	1098.300	33.904	0.000	281573.270	311.849
92	0.300	1119.707	1037.480	1241.680	1117.000	31.504	0.000	-20246.637	289.515
92	0.400	1146.914	1030.940	1250.020	1148.030	34.950	0.000	-302709.888	273.572
92	0.500	1172.603	1076.040	1297.480	1173.130	37.990	0.000	-573726.952	266.813
92	0.600	1206.056	1117.160	1353.940	1201.710	34.378	0.000	-839831.307	263.841
92	0.700	1246.758	1153.060	1384.460	1245.060	35.040	0.000	-1106545.995	267.861
92	0.800	1288.450	1208.080	1421.060	1285.990	33.801	0.000	-1379495.929	274.861
92	0.990	1369.063	1258.420	1482.200	1368.810	36.215	0.000	-1664294.553	295.559
93	0.000	949.120	949.120	949.120	949.120	0.000	0.000	328.415	0.244
93	0.100	981.034	918.180	1066.000	983.860	19.304	0.000	-1947427.352	267.949
93	0.200	1013.062	966.880	1083.540	1000.160	25.077	0.000	-2205754.034	246.631
93	0.300	1055.839	1020.840	1158.540	1055.430	20.954	0.000	-2446993.049	234.495
93	0.400	1103.745	1046.820	1178.660	1099.880	16.305	0.000	-2680713.185	231.424
93	0.500	1159.150	1087.320	1242.520	1163.960	20.983	0.000	-2911183.112	227.430
93	0.600	1201.236	1102.840	1279.340	1202.340	29.390	0.000	-3141027.517	232.344
93	0.700	1238.219	1126.180	1362.840	1240.210	34.810	0.000	-3377256.598	237.294
93	0.800	1274.530	1143.480	1425.840	1281.980	38.864	0.000	-3616523.815	241.040
93	0.990	1337.618	1224.220	1473.500	1336.350	42.453	0.000	-3864878.459	253.087
94	0.000	902.560	902.560	902.560	902.560	0.000	0.000	-1850.384	0.267
94	0.100	953.537	891.560	1033.100	957.220	17.545	0.000	-4116857.608	248.816
94	0.200	970.187	917.080	1052.700	965.620	30.185	0.000	-4355935.464	226.745
94	0.300	1017.299	945.780	1121.940	1014.370	25.262	0.000	-4580738.480	221.049
94	0.400	1058.856	981.040	1169.400	1057.090	24.576	0.000	-4800692.692	219.087
94	0.500	1100.099	1016.020	1201.700	1098.680	28.216	0.000	-5025480.949	229.558
94	0.600	1134.289	1034.540	1235.780	1135.050	33.048	0.000	-5263505.363	243.192
94	0.700	1168.763	1090.400	1270.000	1165.740	32.158	0.000	-5514304.078	257.800
94	0.800	1205.835	1121.120	1355.480	1203.780	32.241	0.000	-5779847.179	268.423
94	0.990	1278.467	1189.240	1389.740	1274.570	31.990	0.000	-6051967.802	279.103
95	0.000	959.940	959.940	959.940	959.940	0.000	0.000	-4051.222	0.330
95	0.100	1004.090	951.140	1114.160	1007.560	26.035	0.000	-6356632.826	326.468
95	0.200	1041.189	982.100	1130.620	1034.810	26.600	0.000	-6670648.998	298.188
95	0.300	1082.367	976.960	1159.700	1080.390	20.199	0.000	-6958374.871	276.394
95	0.400	1128.800	1027.780	1210.480	1134.490	26.628	0.000	-7232108.093	270.157
95	0.500	1168.879	1058.360	1285.500	1173.530	36.448	0.000	-7502053.961	268.605
95	0.600	1196.218	1066.940	1318.320	1195.220	41.092	0.000	-7773482.624	272.252
95	0.700	1226.724	1103.120	1356.620	1227.330	42.280	0.000	-8052673.476	284.958
95	0.800	1258.065	1157.480	1404.380	1257.180	43.479	0.000	-8347439.168	302.759
95	0.990	1326.299	1231.780	1498.460	1324.090	41.830	0.000	-8659561.383	318.887
96	0.000	1220.500	1220.500	1220.500	1220.500	0.000	0.000	-6677.694	0.341
96	0.100	1180.059	1111.240	1275.820	1187.510	24.637	0.000	-9013215.309	387.383
96	0.200	1215.810	1141.260	1301.300	1205.050	36.972	0.000	-9410984.109	406.876
96	0.300	1269.633	1181.400	1373.220	1276.750	30.241	0.000	-9826656.761	420.158
96	0.400	1316.818	1219.520	1415.780	1310.750	37.994	0.000	-10234897.734	394.257
96	0.500	1358.883	1228.600	1503.880	1356.760	40.622	0.000	-10619020.476	375.246
96	0.600	1390.650	1254.700	1556.480	1391.770	45.259	0.000	-10987257.181	358.089
96	0.700	1424.297	1299.520	1580.000	1423.640	47.721	0.000	-11343183.164	350.383
96	0.800	1457.784	1326.960	1596.720	1457.090	48.219	0.000	-11694581.557	350.986
96	0.990	1525.961	1385.000	1751.160	1525.200	50.542	0.000	-12052637.461	363.990
97	0.000	840.700	840.700	840.700	840.700	0.000	0.000	-14362.553	0.208
97	0.100	862.866	827.040	956.740	857.970	29.622	0.000	-12370183.439	185.747
97	0.200	913.619	843.040	983.980	910.710	22.049	0.000	-12554641.648	181.980
97	0.300	942.343	860.780	1046.740	943.290	26.970	0.000	-12735929.015	179.946
97	0.400	968.314	912.340	1043.480	967.410	26.664	0.000	-12914734.295	175.802
97	0.500	1004.076	920.160	1086.380	998.870	24.990	0.000	-13089554.792	172.719
97	0.600	1040.944	960.320	1117.260	1043.450	25.537	0.000	-13263164.115	173.070
97	0.700	1076.194	997.300	1156.740	1074.180	29.849	0.000	-13441345.103	182.884
97	0.800	1109.426	1033.360	1205.000	1108.820	32.152	0.000	-13632173.687	195.991
97	0.990	1181.230	1119.780	1297.200	1174.550	26.087	0.000	-13837043.717	212.638
98	0.000	988.680	988.680	988.680	988.680	0.000	0.000	-16029.996	0.203
98	0.100	962.183	870.620	1083.260	971.280	38.733	0.000	-14032586.821	177.043
98	0.200	1008.030	939.720	1149.420	1007.670	34.620	0.000	-14207769.774	171.525
98	0.300	1047.793	939.760	1183.140	1046.150	35.775	0.000	-14376684.334	164.761
98	0.400	1086.036	998.880	1230.180	1082.020	37.484	0.000	-14541549.713	163.038
98	0.500	1122.636	998.800	1281.380	1120.420	40.164	0.000	-14706295.221	165.890
98	0.600	1151.961	1010.440	1306.140	1151.640	44.127	0.000	-14878112.252	176.473
98	0.700	1178.974	1061.580	1349.200	1179.900	45.828	0.000	-15061699.631	188.742
98	0.800	1207.488	1101.160	1392.560	1202.810	43.138	0.000	-15256895.584	200.483
98	0.990	1274.972	1183.460	1529.080	1273.690	38.473	0.000	-15458512.543	200.511
99	0.000	875.320	875.320	875.320	875.320	0.000	0.000	-17645.226	0.163
99	0.100	925.809	868.660	978.680	933.370	18.880	0.000	-15640681.867	162.970
99	0.200	962.638	880.140	1018.260	964.810	19.837	0.000	-15804423.275	162.499
99	0.300	993.202	891.300	1075.760	999.600	29.522	0.000	-15972376.593	171.839
99	0.400	1006.067	926.660	1115.460	1002.900	39.226	0.000	-16153271.348	187.398
99	0.500	1034.804	962.980	1153.340	1025.130	33.692	0.000	-16345194.095	197.106
99	0.600	1074.047	1010.900	1193.720	1071.270	27.050	0.000	-16543141.113	196.590
99	0.700	1119.403	1063.160	1238.380	1117.650	24.968	0.000	-16738196.829	192.427
99	0.800	1166.072	1083.740	1272.460	1165.200	24.112	0.000	-16928210.278	186.951
99	0.990	1252.538	1155.820	1332.400	1253.340	27.903	0.000	-17110379.978	175.609
