0	-1.000	1045.260	-1.000	-1.000	-1.000	-1.000	103129427651.517	113.206
1	-1.000	899.240	-1.000	-1.000	-1.000	-1.000	103129427537.211	72.947
2	-1.000	863.480	-1.000	-1.000	-1.000	-1.000	103129427462.062	85.507
3	-1.000	893.700	-1.000	-1.000	-1.000	-1.000	103129427375.335	90.606
4	-1.000	927.380	-1.000	-1.000	-1.000	-1.000	103129427498.531	57.117
5	-1.000	994.480	-1.000	-1.000	-1.000	-1.000	103129427440.215	103.918
6	-1.000	840.540	-1.000	-1.000	-1.000	-1.000	103129427335.221	52.205
7	-1.000	765.260	-1.000	-1.000	-1.000	-1.000	103129427282.120	44.163
8	-1.000	901.840	-1.000	-1.000	-1.000	-1.000	103129427238.800	78.322
9	-1.000	928.060	-1.000	-1.000	-1.000	-1.000	103129427159.385	67.017
10	-1.000	904.480	-1.000	-1.000	-1.000	-1.000	103129427091.167	62.394
11	-1.000	1006.520	-1.000	-1.000	-1.000	-1.000	103129427027.643	87.714
12	-1.000	849.360	-1.000	-1.000	-1.000	-1.000	103129427037.899	50.634
13	-1.000	915.640	-1.000	-1.000	-1.000	-1.000	103129426899.330	89.471
14	-1.000	977.180	-1.000	-1.000	-1.000	-1.000	103129426808.613	110.438
15	-1.000	932.320	-1.000	-1.000	-1.000	-1.000	103129426685.379	90.566
16	-1.000	788.160	-1.000	-1.000	-1.000	-1.000	103129427723.478	40.674
17	-1.000	827.560	-1.000	-1.000	-1.000	-1.000	103129427509.071	68.307
18	-1.000	1202.780	-1.000	-1.000	-1.000	-1.000	103129426608.401	104.577
19	-1.000	892.200	-1.000	-1.000	-1.000	-1.000	103129426502.776	59.623
20	-1.000	1200.000	-1.000	-1.000	-1.000	-1.000	103129427473.071	111.700
21	-1.000	1046.920	-1.000	-1.000	-1.000	-1.000	103129427359.964	106.762
22	-1.000	1056.020	-1.000	-1.000	-1.000	-1.000	103129427251.767	138.646
23	-1.000	809.500	-1.000	-1.000	-1.000	-1.000	103129427111.305	60.350
24	-1.000	933.440	-1.000	-1.000	-1.000	-1.000	103129427049.822	74.827
25	-1.000	878.660	-1.000	-1.000	-1.000	-1.000	103129426972.662	117.391
26	-1.000	770.480	-1.000	-1.000	-1.000	-1.000	103129426853.760	49.230
27	-1.000	782.200	-1.000	-1.000	-1.000	-1.000	103129426803.484	75.516
28	-1.000	948.400	-1.000	-1.000	-1.000	-1.000	103129426726.612	81.562
29	-1.000	915.400	-1.000	-1.000	-1.000	-1.000	103129426643.788	88.598
30	-1.000	934.540	-1.000	-1.000	-1.000	-1.000	103129426553.918	91.961
31	-1.000	830.520	-1.000	-1.000	-1.000	-1.000	103129426460.766	58.950
32	-1.000	1129.420	-1.000	-1.000	-1.000	-1.000	103129425244.221	142.096
33	-1.000	1046.560	-1.000	-1.000	-1.000	-1.000	103129425195.149	129.054
34	-1.000	913.040	-1.000	-1.000	-1.000	-1.000	103129425064.593	64.326
35	-1.000	752.600	-1.000	-1.000	-1.000	-1.000	103129425082.124	44.387
36	-1.000	848.080	-1.000	-1.000	-1.000	-1.000	103129425036.356	61.402
37	-1.000	975.020	-1.000	-1.000	-1.000	-1.000	103129424973.656	107.214
38	-1.000	743.300	-1.000	-1.000	-1.000	-1.000	103129424865.416	42.126
39	-1.000	905.880	-1.000	-1.000	-1.000	-1.000	103129424821.968	104.045
40	-1.000	829.380	-1.000	-1.000	-1.000	-1.000	103129424716.457	85.420
41	-1.000	979.100	-1.000	-1.000	-1.000	-1.000	103129424629.302	102.735
42	-1.000	701.260	-1.000	-1.000	-1.000	-1.000	103129424525.483	37.115
43	-1.000	795.500	-1.000	-1.000	-1.000	-1.000	103129425365.157	48.485
44	-1.000	915.580	-1.000	-1.000	-1.000	-1.000	103129425315.273	93.793
45	-1.000	862.600	-1.000	-1.000	-1.000	-1.000	103129425220.240	90.163
46	-1.000	779.280	-1.000	-1.000	-1.000	-1.000	103129425129.045	48.479
47	-1.000	838.820	-1.000	-1.000	-1.000	-1.000	103129425079.314	84.076
48	-1.000	961.120	-1.000	-1.000	-1.000	-1.000	103129424993.868	88.667
49	-1.000	957.140	-1.000	-1.000	-1.000	-1.000	103129424903.890	83.414
50	-1.000	1054.800	-1.000	-1.000	-1.000	-1.000	103129424819.160	103.069
51	-1.000	1129.140	-1.000	-1.000	-1.000	-1.000	103129424714.791	119.256
52	-1.000	766.380	-1.000	-1.000	-1.000	-1.000	103129424593.963	45.923
53	-1.000	831.840	-1.000	-1.000	-1.000	-1.000	103129424547.072	48.724
54	-1.000	1008.700	-1.000	-1.000	-1.000	-1.000	103129423571.786	128.921
55	-1.000	1307.640	-1.000	-1.000	-1.000	-1.000	103129423441.415	142.427
56	-1.000	906.360	-1.000	-1.000	-1.000	-1.000	103129423297.693	99.623
57	-1.000	843.300	-1.000	-1.000	-1.000	-1.000	103129423236.704	55.006
58	-1.000	852.420	-1.000	-1.000	-1.000	-1.000	103129423180.646	73.404
59	-1.000	1178.960	-1.000	-1.000	-1.000	-1.000	103129423105.281	151.844
60	-1.000	907.860	-1.000	-1.000	-1.000	-1.000	103129422951.807	103.493
61	-1.000	909.780	-1.000	-1.000	-1.000	-1.000	103129422846.959	105.487
62	-1.000	743.680	-1.000	-1.000	-1.000	-1.000	103129422740.425	41.684
63	-1.000	1022.400	-1.000	-1.000	-1.000	-1.000	103129422697.351	115.100
64	-1.000	923.200	-1.000	-1.000	-1.000	-1.000	103129422580.345	83.086
65	-1.000	921.580	-1.000	-1.000	-1.000	-1.000	103129422496.184	69.196
66	-1.000	859.620	-1.000	-1.000	-1.000	-1.000	103129422878.665	44.718
67	-1.000	1013.920	-1.000	-1.000	-1.000	-1.000	103129422832.855	92.691
68	-1.000	913.220	-1.000	-1.000	-1.000	-1.000	103129422738.721	50.052
69	-1.000	923.440	-1.000	-1.000	-1.000	-1.000	103129422922.998	70.605
70	-1.000	865.560	-1.000	-1.000	-1.000	-1.000	103129422851.212	53.120
71	-1.000	943.280	-1.000	-1.000	-1.000	-1.000	103129422796.650	80.797
72	-1.000	971.280	-1.000	-1.000	-1.000	-1.000	103129422714.506	88.130
73	-1.000	790.200	-1.000	-1.000	-1.000	-1.000	103129422624.820	42.550
74	-1.000	879.240	-1.000	-1.000	-1.000	-1.000	103129422581.030	82.007
75	-1.000	940.920	-1.000	-1.000	-1.000	-1.000	103129422497.954	63.417
76	-1.000	973.960	-1.000	-1.000	-1.000	-1.000	103129422433.199	94.733
77	-1.000	778.300	-1.000	-1.000	-1.000	-1.000	103129422336.850	73.573
78	-1.000	917.560	-1.000	-1.000	-1.000	-1.000	103129422262.150	75.461
79	-1.000	909.420	-1.000	-1.000	-1.000	-1.000	103129422185.443	78.053
80	-1.000	892.780	-1.000	-1.000	-1.000	-1.000	103129421911.517	73.824
81	-1.000	1186.420	-1.000	-1.000	-1.000	-1.000	103129421836.338	146.673
82	-1.000	850.520	-1.000	-1.000	-1.000	-1.000	103129421358.630	91.949
83	-1.000	1015.080	-1.000	-1.000	-1.000	-1.000	103129421265.440	110.452
84	-1.000	754.760	-1.000	-1.000	-1.000	-1.000	103129421153.945	44.769
85	-1.000	1160.820	-1.000	-1.000	-1.000	-1.000	103129421107.922	136.574
86	-1.000	1039.580	-1.000	-1.000	-1.000	-1.000	103129420970.063	75.156
87	-1.000	1105.960	-1.000	-1.000	-1.000	-1.000	103129422587.085	125.771
88	-1.000	855.260	-1.000	-1.000	-1.000	-1.000	103129422459.913	69.768
89	-1.000	894.160	-1.000	-1.000	-1.000	-1.000	103129422070.296	61.352
90	-1.000	894.120	-1.000	-1.000	-1.000	-1.000	103129422007.837	71.084
91	-1.000	779.240	-1.000	-1.000	-1.000	-1.000	103129420593.541	59.884
92	-1.000	1105.420	-1.000	-1.000	-1.000	-1.000	103129420532.049	102.626
93	-1.000	949.120	-1.000	-1.000	-1.000	-1.000	103129420428.164	98.150
94	-1.000	902.560	-1.000	-1.000	-1.000	-1.000	103129420328.665	106.834
95	-1.000	959.940	-1.000	-1.000	-1.000	-1.000	103129420220.135	140.288
96	-1.000	1220.500	-1.000	-1.000	-1.000	-1.000	103129421359.199	143.669
97	-1.000	840.700	-1.000	-1.000	-1.000	-1.000	103129421214.216	91.592
98	-1.000	988.680	-1.000	-1.000	-1.000	-1.000	103129421120.937	83.102
99	-1.000	875.320	-1.000	-1.000	-1.000	-1.000	103129421036.605	68.261
