20 50
0 0 1 1 1 4 15 10
1 2 1 1 1 2 14 12
2 4 2 2 1 1 14 8 8 14 12
3 8 12 3 6 1 12 8 8 12 13 4 13 10 8 13 10 1 15 12 4 15 10 1 16 11 4 16 9 8 16 12 1 18 9 4 18 12 8 19 8
4 10 24 6 7 2 10 13 4 10 4 5 10 15 7 10 7 1 12 8 2 12 10 4 12 12 5 12 10 7 12 11 8 12 13 1 14 12 5 14 8 8 14 11 5 16 8 8 16 9 1 17 13 2 17 7 4 17 7 8 17 14 1 18 13 4 18 10 7 18 11 2 19 13 7 19 12
5 11 3 3 1 0 14 11 2 14 15 6 14 7
6 13 18 6 5 1 12 9 5 12 9 6 12 11 3 13 10 9 13 12 1 14 9 3 14 10 5 14 12 7 14 15 9 14 11 1 17 8 5 17 12 6 17 10 7 17 9 3 19 11 6 19 9 7 19 10 9 19 10
7 14 3 3 1 5 18 8 6 18 9 8 18 12
8 17 12 6 4 4 14 9 6 14 10 7 14 13 3 15 7 7 15 7 8 15 11 3 16 11 4 16 11 5 16 12 6 16 11 8 16 11 5 19 11
9 20 21 3 9 4 10 12 7 10 9 9 10 10 4 11 12 7 11 9 9 11 7 4 12 10 9 12 13 7 13 11 9 13 15 4 14 7 7 14 7 9 14 9 7 15 15 4 16 9 4 17 10 7 17 13 9 17 13 4 19 10 7 19 9 9 19 8
10 24 18 6 6 5 10 11 7 10 10 1 11 12 2 11 8 3 11 10 5 11 7 6 11 11 2 12 11 3 12 8 5 12 10 6 12 10 2 14 10 3 14 10 6 14 11 7 14 14 1 16 8 7 16 8 1 18 11
11 27 30 3 10 2 10 8 6 10 13 9 10 10 2 11 10 6 11 11 9 11 11 2 12 12 6 12 12 9 12 11 2 13 9 6 13 12 9 13 11 2 14 10 6 14 11 9 14 9 2 15 10 6 15 10 9 15 13 2 16 13 6 16 10 9 16 6 2 17 8 6 17 12 9 17 8 2 18 11 6 18 12 9 18 10 2 19 9 6 19 11 9 19 8
12 28 5 5 1 1 17 8 2 17 10 3 17 10 6 17 11 8 17 13
13 42 18 6 6 1 10 5 4 10 11 9 10 10 8 12 8 1 13 9 5 13 10 9 13 11 4 14 8 5 14 11 6 14 9 8 14 14 9 14 10 4 15 8 5 15 10 6 15 12 8 15 12 1 16 12 6 16 12
14 43 2 2 1 1 18 10 8 18 5
15 45 2 2 1 2 13 6 9 13 12
16 46 3 3 2 8 16 10 2 19 13 5 19 9
17 47 1 1 1 0 14 11
18 52 18 6 5 1 11 7 3 11 9 7 11 13 8 11 7 9 11 9 0 14 10 1 14 12 3 14 11 7 14 10 3 15 11 7 15 12 8 15 10 9 15 10 0 17 9 1 17 11 0 19 7 8 19 11 9 19 9
19 57 6 3 3 2 12 10 3 12 8 8 12 7 2 16 12 8 16 12 3 19 11
20 59 2 2 2 0 15 11 6 17 11
21 67 30 3 10 3 10 13 6 10 12 9 10 12 3 11 10 6 11 12 9 11 10 3 12 12 6 12 9 9 12 10 3 13 11 6 13 9 9 13 11 3 14 11 6 14 14 9 14 11 3 15 11 6 15 9 9 15 9 3 16 9 6 16 9 9 16 12 3 17 11 6 17 11 9 17 10 3 18 12 6 18 8 9 18 12 3 19 9 6 19 11 9 19 11
22 68 2 2 1 1 13 9 8 13 8
23 71 8 4 3 0 14 11 2 14 11 0 15 12 1 15 8 3 15 8 1 17 10 2 17 7 3 17 11
24 80 24 6 7 0 10 11 4 10 12 5 10 9 9 10 10 1 11 11 8 11 10 0 13 12 4 13 12 5 13 11 8 13 8 9 13 8 0 14 7 4 14 10 5 14 9 1 15 10 4 15 11 8 15 12 9 15 8 0 17 10 1 17 10 8 17 9 1 19 12 5 19 13 9 19 10
25 86 6 6 1 0 19 12 3 19 10 4 19 13 5 19 9 6 19 12 7 19 13
26 89 60 6 10 0 10 12 3 10 11 4 10 11 5 10 8 6 10 9 9 10 8 0 11 12 3 11 12 4 11 13 5 11 9 6 11 11 9 11 10 0 12 15 3 12 9 4 12 15 5 12 12 6 12 13 9 12 10 0 13 13 3 13 9 4 13 10 5 13 12 6 13 11 9 13 13 0 14 10 3 14 10 4 14 9 5 14 11 6 14 12 9 14 9 0 15 9 3 15 11 4 15 10 5 15 10 6 15 7 9 15 9 0 16 13 3 16 13 4 16 12 5 16 9 6 16 12 9 16 5 0 17 10 3 17 11 4 17 14 5 17 11 6 17 13 9 17 13 0 18 8 3 18 9 4 18 9 5 18 9 6 18 12 9 18 8 0 19 9 3 19 13 4 19 12 5 19 12 6 19 12 9 19 7
27 90 1 1 1 9 17 7
28 91 6 6 1 0 18 12 3 18 11 4 18 11 7 18 13 8 18 11 9 18 11
29 95 24 6 6 4 10 10 5 10 9 9 10 10 2 12 14 5 12 10 7 12 11 9 12 8 1 13 11 4 13 11 7 13 7 9 13 9 1 14 11 2 14 8 4 14 10 5 14 8 7 14 10 1 17 12 2 17 9 5 17 13 7 17 7 9 17 8 1 19 13 2 19 12 4 19 13
30 101 40 4 10 0 10 12 4 10 14 6 10 13 8 10 13 0 11 10 4 11 10 6 11 11 8 11 10 0 12 11 4 12 9 6 12 7 8 12 9 0 13 10 4 13 9 6 13 11 8 13 13 0 14 12 4 14 11 6 14 12 8 14 12 0 15 10 4 15 11 6 15 8 8 15 12 0 16 13 4 16 7 6 16 7 8 16 8 0 17 11 4 17 8 6 17 10 8 17 10 0 18 9 4 18 6 6 18 11 8 18 11 0 19 11 4 19 12 6 19 13 8 19 8
31 107 12 6 4 0 14 13 2 14 10 3 14 9 6 14 14 0 17 14 4 17 6 2 18 12 3 18 10 4 18 6 6 18 8 9 18 8 9 19 12
32 114 60 6 10 1 10 16 2 10 9 6 10 8 7 10 11 8 10 8 9 10 13 1 11 10 2 11 12 6 11 8 7 11 8 8 11 10 9 11 10 1 12 12 2 12 11 6 12 13 7 12 11 8 12 9 9 12 11 1 13 10 2 13 9 6 13 9 7 13 7 8 13 8 9 13 8 1 14 7 2 14 9 6 14 10 7 14 12 8 14 11 9 14 7 1 15 9 2 15 12 6 15 10 7 15 13 8 15 8 9 15 10 1 16 9 2 16 10 6 16 10 7 16 11 8 16 13 9 16 13 1 17 4 2 17 8 6 17 13 7 17 10 8 17 9 9 17 12 1 18 5 2 18 8 6 18 12 7 18 13 8 18 6 9 18 10 1 19 12 2 19 9 6 19 13 7 19 12 8 19 10 9 19 10
33 120 18 6 5 2 11 11 5 11 10 1 12 10 2 12 10 5 12 11 7 12 9 3 16 10 7 16 12 9 16 12 1 17 10 3 17 14 5 17 13 9 17 14 1 18 11 2 18 13 3 18 8 7 18 11 9 18 13
34 125 18 6 6 0 10 12 4 10 12 6 10 10 7 10 11 8 10 8 0 12 11 2 13 8 0 14 12 2 14 10 7 14 10 8 14 14 4 17 10 6 17 9 2 19 12 4 19 10 6 19 10 7 19 7 8 19 12
35 127 30 3 10 2 10 11 7 10 13 8 10 8 2 11 6 7 11 11 8 11 10 2 12 15 7 12 14 8 12 12 2 13 11 7 13 14 8 13 9 2 14 12 7 14 13 8 14 11 2 15 8 7 15 9 8 15 12 2 16 15 7 16 13 8 16 9 2 17 12 7 17 11 8 17 9 2 18 10 7 18 11 8 18 11 2 19 11 7 19 9 8 19 6
36 132 3 3 1 1 11 17 3 11 7 9 11 13
37 135 18 6 5 0 10 9 1 10 9 5 10 14 7 10 12 0 14 9 1 14 12 2 14 10 9 14 9 2 16 10 5 16 12 7 16 11 0 17 10 2 17 13 7 17 10 9 17 9 1 18 10 5 18 11 9 18 9
38 137 10 1 10 0 10 11 0 11 11 0 12 12 0 13 9 0 14 11 0 15 10 0 16 11 0 17 10 0 18 11 0 19 12
39 140 6 6 1 0 14 11 1 14 14 3 14 11 5 14 11 6 14 13 7 14 12
40 146 3 3 1 7 11 11 8 11 9 9 11 11
41 149 6 6 1 0 13 11 1 13 9 4 13 10 5 13 14 6 13 11 9 13 11
42 155 6 6 1 0 12 12 1 12 11 4 12 9 6 12 11 8 12 7 9 12 7
43 156 2 2 1 4 18 8 8 18 10
44 159 15 5 5 2 12 12 4 12 9 1 13 12 8 13 12 9 13 9 1 14 10 2 14 12 8 14 10 9 14 10 4 16 8 8 16 11 1 17 10 2 17 9 4 17 8 9 17 10
45 160 4 2 2 2 14 10 3 14 12 2 17 12 3 17 11
46 161 12 6 4 6 12 12 7 12 12 8 12 9 9 12 14 7 13 11 2 14 12 3 14 11 9 14 10 2 17 8 3 17 11 6 17 12 8 17 12
47 163 24 6 7 2 11 6 3 11 6 7 11 9 0 12 10 2 12 9 9 12 10 0 15 11 1 15 9 2 15 11 9 15 10 1 16 8 9 16 11 0 17 9 1 17 8 3 17 10 7 17 13 9 17 10 0 18 12 1 18 12 2 18 10 3 18 15 7 18 14 3 19 12 7 19 8
48 166 18 6 6 1 11 11 5 11 14 9 11 12 1 15 8 1 16 14 3 16 9 7 16 9 8 16 11 9 16 10 5 17 13 7 17 10 3 18 13 8 18 10 9 18 16 3 19 12 5 19 9 7 19 9 8 19 11
49 167 24 6 7 2 10 11 4 10 12 7 10 13 4 12 10 7 12 8 8 12 12 9 12 9 0 13 14 2 13 8 7 13 10 8 13 11 9 13 12 0 14 13 4 14 12 2 17 11 4 17 14 8 17 10 9 17 9 0 18 9 8 18 9 0 19 8 2 19 12 7 19 10 9 19 10
