20 50
0 0 18 6 6 1 11 12 8 11 13 0 12 9 1 12 8 2 12 8 5 12 11 6 12 10 8 12 11 5 15 8 6 15 11 0 16 9 0 17 9 1 17 10 2 17 12 5 17 11 6 17 8 2 19 7 8 19 12
1 2 18 6 6 4 10 9 5 10 12 5 11 11 8 11 12 3 13 9 4 13 9 5 13 11 7 13 10 9 13 8 3 14 8 7 14 10 9 14 9 4 16 12 8 16 14 3 18 12 7 18 9 8 18 13 9 18 11
2 4 30 3 10 0 10 11 6 10 8 8 10 9 0 11 13 6 11 10 8 11 10 0 12 13 6 12 10 8 12 8 0 13 13 6 13 13 8 13 13 0 14 11 6 14 17 8 14 11 0 15 10 6 15 13 8 15 7 0 16 11 6 16 10 8 16 12 0 17 13 6 17 11 8 17 9 0 18 10 6 18 11 8 18 14 0 19 10 6 19 10 8 19 9
3 8 20 4 9 5 10 11 8 10 13 9 10 10 0 11 10 0 12 11 8 14 12 9 14 13 0 15 11 5 15 9 8 15 10 8 16 11 9 16 7 5 17 12 9 17 10 0 18 9 5 18 12 8 18 11 9 18 10 0 19 9 5 19 12
4 10 60 6 10 0 10 9 2 10 15 3 10 11 4 10 10 7 10 13 9 10 15 0 11 10 2 11 9 3 11 13 4 11 11 7 11 12 9 11 12 0 12 10 2 12 12 3 12 8 4 12 6 7 12 11 9 12 10 0 13 10 2 13 11 3 13 8 4 13 12 7 13 11 9 13 12 0 14 11 2 14 9 3 14 6 4 14 12 7 14 11 9 14 11 0 15 14 2 15 12 3 15 11 4 15 10 7 15 13 9 15 9 0 16 9 2 16 10 3 16 9 4 16 8 7 16 13 9 16 12 0 17 12 2 17 11 3 17 10 4 17 11 7 17 10 9 17 11 0 18 9 2 18 12 3 18 9 4 18 7 7 18 9 9 18 8 0 19 9 2 19 7 3 19 10 4 19 11 7 19 9 9 19 9
5 11 20 2 10 0 10 11 8 10 7 0 11 11 8 11 9 0 12 12 8 12 8 0 13 7 8 13 7 0 14 11 8 14 11 0 15 12 8 15 12 0 16 9 8 16 13 0 17 14 8 17 11 0 18 11 8 18 9 0 19 10 8 19 13
6 13 4 4 1 2 18 9 4 18 13 7 18 13 9 18 11
7 14 4 4 1 0 13 8 4 13 10 5 13 10 7 13 10
8 17 2 2 1 2 12 8 8 12 10
9 20 24 6 7 0 10 9 1 10 11 2 10 13 3 10 10 4 10 11 1 11 8 2 11 6 3 11 11 0 12 12 1 12 9 2 12 9 3 12 7 4 12 12 6 12 10 0 14 9 3 14 15 4 14 11 6 14 9 0 16 10 2 16 9 4 16 10 6 16 10 1 18 10 6 19 13
10 24 10 1 10 8 10 11 8 11 11 8 12 11 8 13 10 8 14 12 8 15 10 8 16 9 8 17 10 8 18 12 8 19 13
11 27 24 6 7 4 10 9 6 10 9 9 10 11 2 11 9 3 11 11 7 11 14 9 11 11 4 13 13 6 13 11 2 15 11 3 15 10 4 15 13 7 15 8 9 15 9 3 16 11 4 16 9 6 16 11 7 16 8 2 18 12 9 18 11 2 19 11 3 19 8 6 19 12 7 19 5
12 28 18 6 5 0 11 12 3 11 10 4 11 6 7 11 10 8 11 14 0 12 10 4 12 14 8 12 7 0 13 11 3 13 13 5 13 10 7 13 10 3 15 13 4 15 9 5 15 11 7 15 15 5 19 11 8 19 13
13 42 24 6 7 2 12 10 5 12 10 8 12 10 1 13 13 2 13 8 3 13 10 5 13 11 8 13 11 9 13 9 1 14 10 2 14 14 8 14 9 1 16 9 2 16 12 3 16 10 3 17 12 5 17 11 8 17 10 9 17 13 9 18 10 1 19 12 3 19 8 5 19 9 9 19 10
14 43 3 3 2 8 17 12 4 19 11 6 19 10
15 45 5 5 1 0 10 8 1 10 12 3 10 12 6 10 10 9 10 12
16 46 60 6 10 0 10 14 4 10 9 5 10 13 6 10 11 7 10 9 9 10 17 0 11 12 4 11 11 5 11 10 6 11 9 7 11 11 9 11 12 0 12 11 4 12 12 5 12 13 6 12 10 7 12 13 9 12 9 0 13 13 4 13 8 5 13 10 6 13 11 7 13 10 9 13 9 0 14 12 4 14 10 5 14 13 6 14 8 7 14 10 9 14 11 0 15 16 4 15 7 5 15 12 6 15 11 7 15 10 9 15 9 0 16 14 4 16 11 5 16 17 6 16 15 7 16 11 9 16 11 0 17 14 4 17 12 5 17 9 6 17 11 7 17 7 9 17 8 0 18 15 4 18 11 5 18 14 6 18 12 7 18 11 9 18 9 0 19 8 4 19 10 5 19 14 6 19 8 7 19 9 9 19 12
17 47 6 6 3 1 12 8 3 12 9 2 13 10 5 13 11 7 17 10 8 17 9
18 52 12 6 3 2 10 11 3 10 13 8 10 10 9 10 11 0 18 10 2 18 13 5 18 8 0 19 13 3 19 13 5 19 14 8 19 9 9 19 12
19 57 4 4 2 6 12 12 8 12 8 9 12 14 5 14 13
20 59 15 5 6 1 11 12 2 11 7 7 11 12 1 12 8 4 12 10 7 13 16 7 16 8 8 16 10 1 17 11 2 17 9 4 17 8 8 17 13 2 19 13 4 19 10 8 19 8
21 67 1 1 1 7 18 13
22 68 2 2 1 3 19 7 5 19 7
23 71 50 5 10 3 10 9 4 10 10 5 10 11 7 10 9 9 10 11 3 11 10 4 11 11 5 11 11 7 11 15 9 11 9 3 12 12 4 12 14 5 12 12 7 12 9 9 12 13 3 13 14 4 13 10 5 13 12 7 13 10 9 13 13 3 14 10 4 14 12 5 14 11 7 14 12 9 14 12 3 15 7 4 15 10 5 15 11 7 15 10 9 15 10 3 16 9 4 16 11 5 16 10 7 16 8 9 16 9 3 17 6 4 17 11 5 17 14 7 17 11 9 17 14 3 18 11 4 18 11 5 18 10 7 18 11 9 18 8 3 19 9 4 19 12 5 19 12 7 19 13 9 19 13
24 80 2 2 1 1 16 8 2 16 10
25 86 6 6 1 1 13 7 2 13 12 3 13 14 5 13 12 6 13 10 7 13 12
26 89 1 1 1 7 14 9
27 90 1 1 1 3 15 10
28 91 2 2 1 2 11 11 4 11 11
29 95 6 6 1 0 16 10 1 16 12 2 16 11 6 16 9 8 16 13 9 16 11
30 101 24 6 7 2 10 12 4 10 12 8 10 10 9 10 16 2 11 9 4 11 8 7 11 9 9 11 11 4 13 10 6 13 12 7 13 11 8 13 11 6 14 13 8 14 8 2 16 10 6 16 12 8 16 10 9 16 10 2 17 8 4 17 9 6 17 12 7 17 11 9 17 9 7 18 8
31 107 6 6 1 0 19 12 2 19 10 3 19 12 5 19 8 8 19 12 9 19 14
32 114 24 6 7 0 10 10 2 10 11 3 10 11 4 10 11 2 12 11 3 12 12 9 12 7 2 13 10 3 13 11 4 13 11 8 13 10 0 14 11 8 14 8 4 15 10 8 15 10 9 15 10 0 16 6 2 16 9 9 16 8 0 18 12 3 18 12 4 18 11 8 18 14 9 18 12
33 120 6 6 1 0 11 13 1 11 13 4 11 8 6 11 14 7 11 7 9 11 11
34 125 18 6 6 3 13 12 4 13 8 5 13 10 5 14 14 1 15 11 2 15 11 4 15 12 8 15 11 1 16 7 2 16 9 8 16 14 3 18 11 5 18 10 8 18 7 1 19 10 2 19 15 3 19 11 4 19 12
35 127 1 1 1 0 11 13
36 132 1 1 1 1 15 12
37 135 6 6 2 1 17 8 5 17 13 6 17 12 8 17 13 2 19 10 9 19 14
38 137 6 6 1 1 18 13 2 18 8 5 18 9 6 18 8 7 18 12 9 18 10
39 140 30 3 10 3 10 13 5 10 10 9 10 7 3 11 11 5 11 9 9 11 12 3 12 9 5 12 13 9 12 11 3 13 11 5 13 13 9 13 10 3 14 11 5 14 9 9 14 10 3 15 11 5 15 11 9 15 10 3 16 13 5 16 13 9 16 10 3 17 11 5 17 9 9 17 12 3 18 11 5 18 11 9 18 8 3 19 11 5 19 7 9 19 11
40 146 24 6 6 1 11 9 2 13 12 5 13 7 9 13 10 0 15 13 1 15 10 2 15 15 3 15 11 5 15 8 9 15 9 0 16 9 1 16 11 2 16 9 3 16 9 5 16 8 0 17 8 1 17 11 2 17 11 3 17 9 5 17 12 9 17 8 0 19 12 3 19 14 9 19 12
41 149 3 3 1 0 17 7 5 17 6 8 17 9
42 155 1 1 1 4 11 12
43 156 4 4 1 0 18 10 4 18 11 7 18 12 9 18 9
44 159 6 6 1 0 10 11 2 10 11 6 10 12 7 10 11 8 10 12 9 10 11
45 160 1 1 1 4 17 12
46 161 60 6 10 0 10 9 3 10 11 4 10 9 5 10 8 6 10 10 9 10 9 0 11 9 3 11 11 4 11 9 5 11 10 6 11 11 9 11 8 0 12 12 3 12 12 4 12 7 5 12 14 6 12 10 9 12 8 0 13 12 3 13 12 4 13 9 5 13 12 6 13 9 9 13 7 0 14 10 3 14 10 4 14 7 5 14 9 6 14 12 9 14 9 0 15 9 3 15 14 4 15 14 5 15 12 6 15 15 9 15 12 0 16 12 3 16 11 4 16 8 5 16 15 6 16 9 9 16 12 0 17 10 3 17 11 4 17 7 5 17 10 6 17 13 9 17 10 0 18 13 3 18 11 4 18 12 5 18 10 6 18 8 9 18 12 0 19 10 3 19 11 4 19 13 5 19 10 6 19 14 9 19 9
47 163 60 6 10 0 10 13 2 10 11 5 10 11 7 10 13 8 10 12 9 10 15 0 11 14 2 11 8 5 11 9 7 11 8 8 11 7 9 11 16 0 12 12 2 12 11 5 12 14 7 12 8 8 12 11 9 12 10 0 13 10 2 13 12 5 13 9 7 13 12 8 13 11 9 13 14 0 14 9 2 14 10 5 14 9 7 14 9 8 14 11 9 14 10 0 15 9 2 15 9 5 15 11 7 15 11 8 15 9 9 15 10 0 16 8 2 16 9 5 16 10 7 16 13 8 16 12 9 16 13 0 17 10 2 17 13 5 17 9 7 17 9 8 17 11 9 17 12 0 18 8 2 18 11 5 18 11 7 18 9 8 18 10 9 18 13 0 19 9 2 19 10 5 19 12 7 19 13 8 19 13 9 19 12
48 166 6 6 3 0 13 9 2 13 16 3 13 8 4 15 11 7 15 9 6 17 13
49 167 24 6 7 4 12 9 7 12 12 8 12 10 3 13 9 7 13 9 2 14 12 3 14 9 4 14 14 6 14 9 8 14 11 2 15 14 4 15 12 6 15 10 2 16 12 7 16 13 3 17 9 4 17 12 6 17 10 7 17 9 8 17 11 2 19 12 3 19 11 6 19 10 8 19 7
