20 50
0 0 1 1 1 5 17 10
1 2 24 6 7 1 12 10 4 12 9 6 12 12 7 12 10 8 12 12 4 13 13 6 13 11 7 13 9 1 14 8 3 14 10 4 14 13 6 14 11 7 14 13 8 14 13 1 15 13 3 15 8 1 16 13 3 16 8 6 16 11 7 16 7 3 17 11 8 17 8 4 19 12 8 19 11
2 4 18 6 6 9 10 11 2 12 10 3 12 9 9 12 11 2 14 11 3 14 11 4 14 11 6 14 8 2 15 9 6 15 16 8 15 10 4 16 13 6 16 11 8 16 10 3 18 8 4 18 11 8 18 10 9 18 15
3 8 20 2 10 3 10 12 6 10 10 3 11 11 6 11 10 3 12 13 6 12 11 3 13 8 6 13 8 3 14 15 6 14 12 3 15 8 6 15 12 3 16 9 6 16 7 3 17 9 6 17 10 3 18 15 6 18 8 3 19 10 6 19 10
4 10 1 1 1 0 17 11
5 11 3 3 1 2 16 10 5 16 9 8 16 7
6 13 24 6 7 2 12 12 6 12 8 8 12 12 9 12 10 1 13 10 2 13 8 6 13 10 8 13 7 9 13 12 1 14 11 7 14 10 9 14 8 2 15 11 6 15 9 7 15 12 1 16 11 2 16 7 6 16 10 8 16 14 1 17 8 7 17 12 7 19 10 8 19 12 9 19 8
7 14 2 2 1 5 19 10 6 19 12
8 17 1 1 1 3 12 14
9 20 3 3 1 0 16 12 4 16 10 7 16 10
10 24 6 6 2 4 10 14 5 10 10 8 10 11 9 10 10 0 18 11 3 18 13
11 27 1 1 1 4 12 11
12 28 18 6 5 1 12 8 4 12 11 0 14 9 3 14 10 4 14 8 7 14 13 0 16 8 1 16 8 3 16 11 7 16 9 8 16 8 0 18 11 1 18 9 8 18 11 3 19 10 4 19 8 7 19 8 8 19 11
13 42 2 2 1 1 11 12 4 11 9
14 43 3 3 1 2 17 8 6 17 14 7 17 7
15 45 12 6 3 1 13 12 2 13 10 8 13 14 1 17 10 3 17 9 4 17 9 8 17 10 9 17 14 2 18 14 3 18 13 4 18 10 9 18 10
16 46 6 6 1 1 17 11 2 17 13 3 17 10 4 17 10 7 17 9 9 17 10
17 47 3 3 1 1 14 9 7 14 14 9 14 11
18 52 8 4 4 7 11 13 9 11 8 2 14 8 6 14 11 6 17 7 7 17 11 2 19 12 9 19 9
19 57 6 6 2 4 11 11 5 11 10 2 15 12 3 15 10 6 15 7 8 15 11
20 59 48 6 10 3 10 11 5 10 13 6 10 11 0 11 10 2 11 12 3 11 12 5 11 11 6 11 11 7 11 9 0 12 8 2 12 9 3 12 13 6 12 10 7 12 12 0 13 10 2 13 11 3 13 10 5 13 8 6 13 11 7 13 10 0 14 10 2 14 8 3 14 12 5 14 11 6 14 11 7 14 13 2 15 10 6 15 13 7 15 12 0 16 10 2 16 14 3 16 10 5 16 9 6 16 13 7 16 12 0 17 9 2 17 8 5 17 7 6 17 11 7 17 9 0 18 12 3 18 12 5 18 8 0 19 13 2 19 12 3 19 13 5 19 10 7 19 13
21 67 2 2 1 4 17 10 8 17 13
22 68 40 4 10 3 10 7 4 10 8 8 10 10 9 10 11 3 11 14 4 11 9 8 11 12 9 11 13 3 12 13 4 12 6 8 12 9 9 12 10 3 13 13 4 13 8 8 13 13 9 13 10 3 14 13 4 14 7 8 14 11 9 14 12 3 15 10 4 15 14 8 15 9 9 15 13 3 16 11 4 16 10 8 16 10 9 16 9 3 17 8 4 17 9 8 17 11 9 17 10 3 18 18 4 18 7 8 18 13 9 18 12 3 19 8 4 19 11 8 19 8 9 19 12
23 71 6 6 1 0 19 10 3 19 13 4 19 10 6 19 12 7 19 6 8 19 7
24 80 4 2 2 2 14 12 8 14 11 2 17 14 8 17 12
25 86 60 6 10 0 10 6 2 10 9 6 10 8 7 10 9 8 10 13 9 10 8 0 11 10 2 11 10 6 11 8 7 11 7 8 11 13 9 11 10 0 12 15 2 12 10 6 12 12 7 12 10 8 12 8 9 12 13 0 13 13 2 13 9 6 13 11 7 13 13 8 13 9 9 13 12 0 14 8 2 14 10 6 14 9 7 14 11 8 14 8 9 14 10 0 15 11 2 15 13 6 15 7 7 15 6 8 15 13 9 15 10 0 16 11 2 16 11 6 16 12 7 16 10 8 16 13 9 16 12 0 17 11 2 17 12 6 17 10 7 17 13 8 17 9 9 17 18 0 18 10 2 18 11 6 18 14 7 18 14 8 18 11 9 18 12 0 19 9 2 19 11 6 19 10 7 19 10 8 19 10 9 19 12
26 89 1 1 1 5 18 13
27 90 30 6 8 0 10 9 2 10 9 5 10 11 1 11 12 3 11 9 7 11 12 0 12 8 1 12 7 2 12 15 3 12 12 2 13 7 3 13 9 5 13 10 7 13 10 0 15 12 5 15 11 7 15 11 1 16 9 2 16 15 3 16 9 0 17 10 1 17 7 3 17 11 5 17 11 7 17 12 0 19 11 1 19 9 2 19 11 5 19 10 7 19 13
28 91 60 6 10 3 10 7 4 10 11 5 10 12 6 10 12 7 10 11 8 10 12 3 11 11 4 11 10 5 11 10 6 11 11 7 11 10 8 11 4 3 12 10 4 12 11 5 12 12 6 12 10 7 12 11 8 12 9 3 13 9 4 13 12 5 13 10 6 13 11 7 13 12 8 13 11 3 14 12 4 14 12 5 14 10 6 14 11 7 14 14 8 14 7 3 15 8 4 15 9 5 15 7 6 15 13 7 15 10 8 15 11 3 16 7 4 16 13 5 16 12 6 16 9 7 16 11 8 16 10 3 17 8 4 17 9 5 17 10 6 17 11 7 17 13 8 17 11 3 18 16 4 18 10 5 18 12 6 18 12 7 18 9 8 18 9 3 19 10 4 19 13 5 19 11 6 19 8 7 19 12 8 19 8
29 95 1 1 1 2 13 10
30 101 6 3 3 0 12 11 4 12 6 7 12 8 0 14 12 4 14 12 7 19 9
31 107 6 6 1 0 14 10 1 14 12 2 14 11 4 14 10 6 14 12 8 14 12
32 114 3 3 1 0 15 7 1 15 14 7 15 10
33 120 12 6 4 5 12 13 6 12 9 1 14 11 2 14 13 3 14 13 6 14 8 9 14 8 3 15 10 5 15 11 9 15 9 1 19 12 2 19 13
34 125 6 3 3 0 15 9 1 15 8 9 17 14 0 19 11 1 19 9 9 19 11
35 127 12 6 3 0 15 11 6 15 13 0 16 12 2 16 12 4 16 12 6 16 11 7 16 12 8 16 9 2 19 10 4 19 12 7 19 11 8 19 8
36 132 2 2 1 2 11 9 5 11 9
37 135 30 3 10 0 10 11 2 10 14 9 10 12 0 11 11 2 11 11 9 11 12 0 12 8 2 12 5 9 12 11 0 13 7 2 13 12 9 13 15 0 14 9 2 14 13 9 14 11 0 15 11 2 15 9 9 15 6 0 16 10 2 16 13 9 16 8 0 17 8 2 17 12 9 17 8 0 18 11 2 18 9 9 18 14 0 19 11 2 19 10 9 19 8
38 137 12 6 3 0 16 9 3 16 10 4 16 10 5 16 12 1 17 11 3 17 11 4 17 12 5 17 11 6 17 12 0 19 9 1 19 8 6 19 13
39 140 12 6 4 3 10 9 4 10 11 1 11 7 8 11 10 0 12 13 3 12 15 4 12 8 7 12 10 0 19 11 1 19 9 7 19 7 8 19 8
40 146 1 1 1 8 11 10
41 149 6 6 3 1 11 9 6 11 13 9 11 7 5 15 6 0 18 12 3 18 12
42 155 6 6 2 0 11 10 1 11 9 7 11 8 2 16 10 4 16 10 6 16 12
43 156 12 6 4 1 11 11 2 11 12 5 11 9 6 11 7 5 14 10 7 14 9 1 15 11 3 15 7 6 15 11 2 16 9 3 16 8 7 16 9
44 159 12 6 4 8 10 9 5 12 11 8 12 9 9 12 13 0 15 9 4 15 12 6 15 10 0 16 11 4 16 10 5 16 9 6 16 10 9 16 10
45 160 2 2 1 4 15 7 5 15 12
46 161 24 6 7 1 10 9 6 10 9 8 10 11 9 10 13 5 11 11 7 11 7 8 11 7 1 12 14 5 12 10 9 12 15 5 15 10 6 15 12 7 15 11 8 15 11 9 15 7 5 16 7 6 16 12 7 16 9 9 16 11 1 18 7 6 18 14 8 18 11 1 19 9 7 19 13
47 163 2 2 1 0 15 10 7 15 12
48 166 18 6 5 0 12 10 1 12 6 4 12 12 6 12 12 0 13 10 3 13 10 7 13 9 1 14 12 3 14 12 4 14 4 6 14 9 7 14 6 3 15 9 4 15 11 6 15 7 7 15 13 0 16 12 1 16 9
49 167 3 1 3 6 10 14 6 11 11 6 13 13
