20 50
0 0 60 6 10 0 10 12 1 10 11 2 10 9 6 10 13 7 10 15 9 10 10 0 11 13 1 11 9 2 11 13 6 11 13 7 11 12 9 11 9 0 12 11 1 12 9 2 12 9 6 12 12 7 12 12 9 12 9 0 13 8 1 13 9 2 13 9 6 13 12 7 13 11 9 13 14 0 14 14 1 14 13 2 14 11 6 14 9 7 14 13 9 14 11 0 15 12 1 15 12 2 15 7 6 15 9 7 15 9 9 15 13 0 16 9 1 16 13 2 16 9 6 16 12 7 16 7 9 16 9 0 17 10 1 17 11 2 17 9 6 17 11 7 17 12 9 17 8 0 18 11 1 18 9 2 18 10 6 18 12 7 18 13 9 18 8 0 19 11 1 19 12 2 19 12 6 19 11 7 19 14 9 19 9
1 2 12 6 3 3 10 13 5 10 10 6 10 12 9 10 6 2 12 13 3 12 12 6 12 10 8 12 15 2 17 13 5 17 11 8 17 12 9 17 9
2 4 6 3 3 3 11 12 1 15 11 5 15 11 1 16 13 3 16 11 5 16 12
3 8 6 6 1 1 19 14 4 19 12 5 19 10 6 19 12 7 19 10 9 19 10
4 10 1 1 1 5 18 11
5 11 3 3 2 2 13 10 7 14 13 8 14 8
6 13 12 4 4 1 10 9 3 10 12 4 10 10 5 10 12 1 14 8 3 14 8 4 14 11 5 14 13 1 16 12 3 19 9 4 19 11 5 19 13
7 14 12 6 4 3 11 9 7 11 13 0 13 13 3 13 12 6 13 10 0 15 8 4 15 11 6 15 11 7 15 9 9 15 12 4 17 11 9 17 15
8 17 1 1 1 7 12 10
9 20 4 4 1 0 15 14 5 15 8 6 15 10 8 15 9
10 24 20 4 9 7 10 9 0 11 11 1 11 7 0 12 8 2 12 10 7 12 13 7 14 12 0 15 10 1 15 8 2 15 8 1 16 6 2 16 9 7 16 9 2 17 11 7 17 11 0 18 11 1 18 10 0 19 7 1 19 9 2 19 17
11 27 12 6 3 1 13 13 2 13 10 8 13 12 0 17 13 1 17 11 2 17 12 4 17 14 9 17 12 0 18 9 4 18 7 8 18 11 9 18 14
12 28 5 5 1 1 13 8 2 13 12 3 13 10 8 13 14 9 13 8
13 42 2 2 2 2 13 10 0 16 12
14 43 1 1 1 4 11 11
15 45 6 6 1 0 14 9 2 14 8 4 14 14 5 14 8 6 14 11 7 14 13
16 46 4 4 1 4 10 9 5 10 11 6 10 9 7 10 7
17 47 10 1 10 6 10 9 6 11 10 6 12 8 6 13 9 6 14 9 6 15 13 6 16 14 6 17 11 6 18 9 6 19 11
18 52 50 5 10 0 10 9 2 10 10 4 10 8 6 10 9 9 10 5 0 11 14 2 11 9 4 11 3 6 11 10 9 11 11 0 12 12 2 12 10 4 12 8 6 12 9 9 12 10 0 13 12 2 13 10 4 13 6 6 13 13 9 13 11 0 14 9 2 14 11 4 14 10 6 14 13 9 14 11 0 15 9 2 15 12 4 15 11 6 15 8 9 15 7 0 16 12 2 16 11 4 16 11 6 16 12 9 16 15 0 17 11 2 17 6 4 17 9 6 17 9 9 17 13 0 18 13 2 18 7 4 18 11 6 18 12 9 18 9 0 19 12 2 19 9 4 19 8 6 19 14 9 19 8
19 57 3 3 2 8 16 11 0 19 13 6 19 7
20 59 24 6 6 0 10 7 6 10 9 9 10 10 5 12 10 6 12 8 4 16 13 5 16 8 6 16 9 7 16 15 9 16 10 0 17 10 4 17 8 7 17 10 0 18 11 4 18 12 5 18 10 6 18 12 7 18 10 9 18 10 0 19 12 4 19 9 5 19 4 7 19 9 9 19 9
21 67 5 5 1 1 17 11 2 17 12 6 17 12 7 17 10 9 17 9
22 68 21 3 10 5 10 9 7 10 13 9 10 9 5 11 9 7 11 13 9 11 10 5 12 8 7 12 14 5 13 9 7 13 13 9 13 12 7 14 12 9 14 10 7 15 14 9 15 9 7 16 11 9 16 12 5 17 11 9 17 10 5 18 10 5 19 10
23 71 3 3 1 1 15 4 7 15 12 8 15 7
24 80 20 2 10 0 10 10 2 10 7 0 11 10 2 11 10 0 12 11 2 12 9 0 13 11 2 13 8 0 14 10 2 14 11 0 15 13 2 15 9 0 16 10 2 16 9 0 17 11 2 17 10 0 18 13 2 18 9 0 19 11 2 19 10
25 86 1 1 1 7 12 13
26 89 1 1 1 2 18 13
27 90 6 6 1 2 17 8 3 17 10 5 17 10 6 17 13 7 17 16 8 17 9
28 91 6 6 1 0 13 13 1 13 13 3 13 12 4 13 12 7 13 11 9 13 11
29 95 6 6 2 5 14 9 7 14 15 0 19 11 2 19 9 3 19 12 8 19 9
30 101 1 1 1 2 19 10
31 107 12 6 4 0 11 10 1 11 13 2 11 12 4 11 11 5 11 12 6 11 11 2 15 8 4 15 10 6 15 13 5 17 10 0 19 12 1 19 9
32 114 15 5 5 5 10 5 6 10 14 8 10 10 2 11 8 5 11 13 6 11 10 2 14 13 3 14 12 5 14 12 8 14 12 2 16 9 3 16 7 3 18 12 6 18 10 8 18 9
33 120 2 2 1 0 16 8 6 16 7
34 125 10 1 10 2 10 10 2 11 9 2 12 9 2 13 8 2 14 9 2 15 11 2 16 12 2 17 9 2 18 9 2 19 8
35 127 6 6 1 0 17 6 1 17 10 2 17 9 3 17 8 7 17 12 8 17 10
36 132 5 5 1 1 12 14 2 12 9 4 12 9 6 12 10 8 12 12
37 135 2 2 1 3 17 11 4 17 9
38 137 6 6 3 5 11 9 6 11 11 8 11 9 7 13 13 9 13 7 2 14 14
39 140 20 2 10 3 10 12 4 10 9 3 11 9 4 11 11 3 12 13 4 12 9 3 13 11 4 13 10 3 14 8 4 14 11 3 15 13 4 15 13 3 16 9 4 16 10 3 17 10 4 17 12 3 18 12 4 18 11 3 19 9 4 19 13
40 146 1 1 1 8 10 11
41 149 60 6 10 0 10 12 4 10 11 5 10 8 6 10 11 8 10 10 9 10 5 0 11 11 4 11 11 5 11 9 6 11 13 8 11 11 9 11 9 0 12 12 4 12 12 5 12 9 6 12 9 8 12 11 9 12 10 0 13 9 4 13 13 5 13 7 6 13 12 8 13 8 9 13 12 0 14 9 4 14 10 5 14 13 6 14 13 8 14 10 9 14 12 0 15 12 4 15 10 5 15 11 6 15 8 8 15 11 9 15 8 0 16 8 4 16 10 5 16 4 6 16 12 8 16 13 9 16 11 0 17 11 4 17 8 5 17 14 6 17 12 8 17 13 9 17 12 0 18 9 4 18 12 5 18 12 6 18 12 8 18 11 9 18 10 0 19 9 4 19 9 5 19 7 6 19 10 8 19 9 9 19 13
42 155 2 2 1 4 11 7 7 11 13
43 156 2 2 1 5 15 12 7 15 9
44 159 1 1 1 8 16 10
45 160 18 6 5 0 14 11 6 14 11 8 14 10 9 14 12 0 16 9 4 16 9 7 16 11 4 17 12 9 17 13 6 18 8 7 18 10 8 18 8 0 19 5 4 19 9 6 19 13 7 19 10 8 19 7 9 19 11
46 161 2 2 1 1 19 9 6 19 8
47 163 1 1 1 3 16 7
48 166 40 4 10 2 10 15 3 10 11 4 10 10 8 10 16 2 11 7 3 11 12 4 11 9 8 11 9 2 12 13 3 12 11 4 12 9 8 12 13 2 13 8 3 13 8 4 13 19 8 13 11 2 14 13 3 14 9 4 14 12 8 14 10 2 15 10 3 15 12 4 15 13 8 15 8 2 16 11 3 16 12 4 16 10 8 16 14 2 17 8 3 17 16 4 17 11 8 17 10 2 18 11 3 18 12 4 18 7 8 18 15 2 19 13 3 19 10 4 19 8 8 19 11
49 167 2 2 1 2 18 10 5 18 6
