20 50
0 0 2 2 1 3 13 10 5 13 9
1 2 4 4 1 1 15 12 2 15 10 3 15 13 6 15 10
2 4 4 4 2 1 10 10 4 16 9 7 16 8 9 16 10
3 8 20 2 10 2 10 8 7 10 12 2 11 6 7 11 10 2 12 9 7 12 11 2 13 9 7 13 11 2 14 10 7 14 12 2 15 10 7 15 8 2 16 12 7 16 12 2 17 10 7 17 9 2 18 13 7 18 9 2 19 13 7 19 11
4 10 1 1 1 7 11 8
5 11 1 1 1 7 12 11
6 13 18 6 5 3 10 8 4 10 13 5 10 11 0 12 12 7 12 11 8 12 13 3 15 12 4 15 7 5 15 11 0 16 11 3 16 13 7 16 10 8 16 14 0 18 9 4 18 9 5 18 14 7 18 8 8 18 11
7 14 12 6 3 1 11 11 7 11 9 9 11 7 1 14 10 3 14 11 5 14 12 8 14 13 3 19 11 5 19 10 7 19 12 8 19 9 9 19 12
8 17 1 1 1 9 12 8
9 20 12 6 4 5 11 11 0 13 11 3 13 13 7 13 13 0 14 9 7 14 9 8 14 9 9 14 10 3 18 10 5 18 11 8 18 16 9 18 8
10 24 12 6 3 1 11 8 2 11 12 6 11 12 9 11 9 1 14 8 4 14 8 5 14 7 6 14 11 2 17 10 4 17 9 5 17 11 9 17 7
11 27 6 6 1 0 14 12 2 14 12 3 14 13 5 14 10 7 14 11 9 14 9
12 28 6 6 1 3 11 13 4 11 11 6 11 10 7 11 6 8 11 13 9 11 9
13 42 6 6 1 0 16 13 1 16 11 2 16 9 3 16 11 5 16 6 7 16 11
14 43 60 6 10 1 10 11 2 10 6 4 10 9 5 10 12 6 10 9 9 10 13 1 11 12 2 11 10 4 11 11 5 11 11 6 11 10 9 11 11 1 12 12 2 12 13 4 12 11 5 12 10 6 12 14 9 12 11 1 13 13 2 13 12 4 13 14 5 13 10 6 13 10 9 13 9 1 14 14 2 14 9 4 14 10 5 14 8 6 14 9 9 14 10 1 15 11 2 15 13 4 15 8 5 15 5 6 15 11 9 15 10 1 16 10 2 16 10 4 16 13 5 16 10 6 16 10 9 16 8 1 17 10 2 17 13 4 17 15 5 17 8 6 17 12 9 17 10 1 18 16 2 18 10 4 18 11 5 18 9 6 18 11 9 18 6 1 19 12 2 19 10 4 19 10 5 19 8 6 19 11 9 19 14
15 45 12 4 5 6 13 10 3 14 8 4 14 9 5 14 11 4 15 9 6 15 12 3 17 11 5 17 14 6 17 12 3 19 8 4 19 12 5 19 12
16 46 3 3 1 1 16 9 4 16 8 8 16 12
17 47 24 6 7 2 10 8 4 10 8 5 10 10 2 11 10 5 11 8 9 11 11 6 12 11 2 14 12 3 14 13 6 14 12 9 14 11 3 15 11 4 15 6 5 15 4 2 17 10 3 17 12 4 17 10 5 17 9 6 17 13 9 17 12 3 18 11 4 18 10 6 18 13 9 18 9
18 52 18 6 6 1 11 11 2 11 6 5 11 11 2 13 10 4 13 9 5 13 10 4 14 9 6 14 13 0 15 9 1 15 10 5 15 11 6 15 10 0 16 12 1 16 13 2 16 13 4 16 11 0 19 12 6 19 10
19 57 6 6 1 0 13 11 1 13 11 2 13 9 4 13 12 6 13 11 9 13 9
20 59 1 1 1 1 16 12
21 67 60 6 10 2 10 11 4 10 9 5 10 10 6 10 10 8 10 8 9 10 8 2 11 12 4 11 11 5 11 12 6 11 12 8 11 13 9 11 12 2 12 10 4 12 8 5 12 11 6 12 10 8 12 14 9 12 11 2 13 12 4 13 11 5 13 10 6 13 12 8 13 11 9 13 10 2 14 9 4 14 11 5 14 8 6 14 11 8 14 9 9 14 13 2 15 11 4 15 9 5 15 10 6 15 10 8 15 12 9 15 12 2 16 10 4 16 11 5 16 7 6 16 12 8 16 12 9 16 10 2 17 8 4 17 11 5 17 13 6 17 13 8 17 15 9 17 12 2 18 11 4 18 8 5 18 14 6 18 12 8 18 13 9 18 9 2 19 5 4 19 10 5 19 11 6 19 9 8 19 9 9 19 10
22 68 2 2 1 1 13 12 7 13 10
23 71 6 6 3 3 12 10 5 12 9 6 12 10 8 15 11 1 19 11 9 19 11
24 80 12 6 4 5 10 9 7 10 11 3 13 10 4 13 12 5 13 10 8 13 14 3 14 12 6 14 10 8 14 10 4 18 9 6 18 10 7 18 9
25 86 18 6 5 2 10 12 3 10 9 2 12 14 5 12 7 6 12 8 3 13 8 5 13 11 7 13 10 9 13 12 2 18 11 5 18 10 6 18 15 7 18 13 9 18 11 3 19 14 6 19 11 7 19 9 9 19 12
26 89 2 2 1 0 10 6 7 10 7
27 90 6 6 2 2 13 13 8 13 8 0 15 11 1 15 11 6 15 8 9 15 12
28 91 1 1 1 2 19 8
29 95 1 1 1 2 19 9
30 101 12 6 3 1 13 8 2 13 11 6 13 10 7 13 12 8 13 12 9 13 9 2 16 11 6 16 10 1 18 10 7 18 14 8 18 13 9 18 10
31 107 2 2 1 3 17 13 7 17 10
32 114 2 2 1 2 19 9 9 19 11
33 120 8 4 3 0 12 9 2 12 13 6 12 12 7 12 10 0 13 10 2 13 10 6 13 11 7 15 10
34 125 10 1 10 2 10 9 2 11 10 2 12 7 2 13 11 2 14 12 2 15 9 2 16 5 2 17 11 2 18 11 2 19 9
35 127 5 5 1 1 18 9 3 18 10 4 18 10 6 18 13 9 18 10
36 132 5 5 1 0 10 11 3 10 14 5 10 12 7 10 15 9 10 6
37 135 2 2 2 5 13 8 0 15 10
38 137 1 1 1 6 18 10
39 140 6 6 1 1 19 11 3 19 7 4 19 12 6 19 9 8 19 10 9 19 10
40 146 8 4 3 0 14 9 3 14 10 4 14 15 5 18 11 0 19 7 3 19 9 4 19 8 5 19 8
41 149 6 6 1 1 19 10 2 19 10 4 19 13 5 19 13 6 19 9 9 19 9
42 155 6 3 3 0 11 10 9 11 10 1 18 8 9 18 8 0 19 12 1 19 10
43 156 18 6 6 0 10 9 1 10 12 5 10 12 0 11 12 1 11 11 3 11 11 4 11 10 8 11 14 3 12 12 4 12 11 8 12 11 1 13 11 4 13 10 5 15 15 8 15 8 0 19 9 3 19 10 5 19 9
44 159 6 3 3 4 15 11 6 15 10 9 15 11 4 16 10 9 16 9 6 17 12
45 160 2 2 1 4 10 10 5 10 14
46 161 12 6 3 0 12 10 3 12 10 5 12 11 8 12 9 9 12 7 0 16 10 1 16 9 5 16 11 1 18 10 3 18 11 8 18 11 9 18 10
47 163 18 6 6 3 10 11 6 10 10 8 10 12 9 10 10 2 12 12 3 12 11 5 12 11 8 12 11 6 13 12 9 13 8 2 14 11 5 14 12 8 14 8 9 14 10 2 17 13 6 17 7 3 19 13 5 19 8
48 166 6 6 1 0 13 7 2 13 12 5 13 10 6 13 6 8 13 11 9 13 8
49 167 4 4 1 1 11 11 5 11 12 6 11 15 8 11 10
