20 50
0 0 60 6 10 0 10 10 3 10 13 4 10 14 6 10 8 7 10 10 8 10 12 0 11 10 3 11 12 4 11 13 6 11 11 7 11 11 8 11 9 0 12 7 3 12 10 4 12 9 6 12 10 7 12 14 8 12 10 0 13 9 3 13 15 4 13 13 6 13 11 7 13 10 8 13 14 0 14 8 3 14 8 4 14 11 6 14 11 7 14 12 8 14 11 0 15 10 3 15 9 4 15 12 6 15 9 7 15 13 8 15 8 0 16 8 3 16 13 4 16 12 6 16 9 7 16 10 8 16 12 0 17 7 3 17 9 4 17 9 6 17 14 7 17 11 8 17 9 0 18 11 3 18 7 4 18 16 6 18 9 7 18 7 8 18 10 0 19 10 3 19 14 4 19 11 6 19 12 7 19 8 8 19 12
1 2 6 6 2 3 14 12 4 14 11 5 14 10 9 14 10 1 18 9 6 18 12
2 4 1 1 1 2 11 9
3 8 20 2 10 0 10 8 6 10 8 0 11 11 6 11 11 0 12 10 6 12 10 0 13 11 6 13 8 0 14 7 6 14 10 0 15 12 6 15 11 0 16 13 6 16 10 0 17 10 6 17 8 0 18 11 6 18 12 0 19 11 6 19 13
4 10 3 3 1 0 18 9 5 18 9 9 18 9
5 11 12 6 4 1 13 7 3 13 11 4 16 9 5 16 10 8 16 11 1 18 11 8 18 12 9 18 10 3 19 12 4 19 9 5 19 13 9 19 13
6 13 24 6 6 0 11 12 1 11 9 3 11 12 4 11 11 8 11 10 0 13 12 1 13 12 4 13 14 7 13 9 8 13 15 0 14 9 1 14 9 3 14 8 7 14 14 4 16 12 7 16 11 8 16 12 1 17 8 3 17 12 4 17 11 7 17 9 0 18 12 3 18 11 8 18 11
7 14 24 6 7 1 10 8 6 10 6 7 10 11 5 11 10 6 11 9 8 11 8 9 11 10 5 12 13 6 12 14 7 12 9 5 16 10 8 16 11 9 16 7 1 17 10 6 17 7 7 17 11 8 17 11 9 17 6 1 18 10 7 18 14 9 18 10 1 19 9 5 19 12 8 19 12
8 17 6 6 1 0 12 9 1 12 12 5 12 9 6 12 13 8 12 9 9 12 10
9 20 6 3 3 7 13 10 9 13 8 6 15 8 7 15 11 9 15 6 6 17 10
10 24 2 2 1 8 18 11 9 18 9
11 27 2 2 1 6 18 14 8 18 12
12 28 12 4 5 5 10 12 6 10 12 2 13 10 5 13 11 1 16 15 2 16 12 6 16 14 1 18 15 2 18 15 5 18 12 6 18 13 1 19 7
13 42 12 6 4 3 10 10 7 10 9 0 15 6 2 15 11 5 15 9 8 15 16 0 16 11 2 16 11 7 16 13 3 19 8 5 19 8 8 19 9
14 43 12 6 3 0 12 11 2 12 10 3 12 11 5 12 15 6 12 9 7 12 8 5 15 10 6 15 16 0 18 10 2 18 11 3 18 13 7 18 15
15 45 6 6 1 1 17 10 3 17 8 4 17 10 5 17 7 6 17 8 9 17 12
16 46 18 6 6 1 11 10 2 11 8 5 12 9 6 12 12 7 12 11 1 13 11 4 13 8 5 13 14 2 16 8 4 16 13 6 16 12 2 17 10 4 17 11 5 17 6 6 17 12 7 17 10 1 19 11 7 19 11
17 47 2 2 1 5 10 15 8 10 11
18 52 6 6 1 1 18 9 2 18 11 4 18 11 5 18 12 7 18 9 9 18 9
19 57 6 6 2 9 12 9 1 17 12 2 17 5 3 17 7 4 17 10 6 17 9
20 59 6 6 1 0 14 11 2 14 13 5 14 11 6 14 9 8 14 14 9 14 9
21 67 12 6 3 1 10 8 2 10 9 3 10 11 4 10 6 1 14 11 2 14 11 3 14 10 4 14 11 5 14 10 8 14 9 5 17 10 8 17 9
22 68 60 6 10 1 10 11 2 10 9 3 10 12 4 10 9 5 10 10 7 10 11 1 11 10 2 11 12 3 11 9 4 11 8 5 11 13 7 11 10 1 12 11 2 12 14 3 12 9 4 12 10 5 12 14 7 12 13 1 13 10 2 13 10 3 13 13 4 13 7 5 13 8 7 13 14 1 14 8 2 14 11 3 14 10 4 14 15 5 14 14 7 14 14 1 15 12 2 15 8 3 15 9 4 15 12 5 15 8 7 15 9 1 16 13 2 16 8 3 16 13 4 16 10 5 16 9 7 16 8 1 17 11 2 17 8 3 17 11 4 17 7 5 17 12 7 17 14 1 18 7 2 18 11 3 18 13 4 18 13 5 18 11 7 18 14 1 19 12 2 19 12 3 19 10 4 19 7 5 19 8 7 19 10
23 71 1 1 1 5 12 11
24 80 6 6 1 0 16 13 1 16 10 2 16 12 4 16 9 7 16 11 9 16 8
25 86 12 6 3 0 10 10 2 10 12 3 10 12 5 10 11 6 10 10 9 10 10 2 14 12 6 14 11 9 14 10 0 15 14 3 15 6 5 15 11
26 89 6 6 2 0 18 12 1 18 12 3 18 12 6 18 13 8 18 13 7 19 13
27 90 3 3 1 2 15 13 3 15 11 4 15 10
28 91 2 2 1 3 12 10 7 12 9
29 95 12 6 5 3 10 9 4 10 10 2 13 11 5 13 12 1 14 12 4 14 9 5 14 11 8 14 11 1 15 14 8 15 7 2 16 9 3 16 12
30 101 24 6 7 0 10 11 1 10 12 7 10 9 9 10 12 0 11 11 1 11 12 3 11 9 7 11 9 9 11 6 3 12 10 6 12 10 7 12 12 6 13 10 7 13 10 9 13 14 0 16 14 1 16 10 3 16 11 6 16 11 0 18 7 3 18 9 1 19 14 6 19 8 9 19 12
31 107 6 6 2 1 13 8 3 13 12 4 13 7 7 18 9 8 18 14 9 18 15
32 114 6 6 1 1 13 14 2 13 13 4 13 11 5 13 11 6 13 11 7 13 7
33 120 1 1 1 7 14 15
34 125 12 6 3 1 11 7 3 11 12 4 11 9 6 11 9 8 11 9 1 13 11 3 13 7 6 13 10 7 13 8 4 16 11 7 16 11 8 16 11
35 127 2 2 1 5 16 8 6 16 13
36 132 6 6 1 1 19 12 3 19 11 5 19 10 7 19 10 8 19 10 9 19 8
37 135 6 6 1 0 15 8 1 15 11 2 15 13 4 15 6 6 15 12 7 15 9
38 137 5 5 1 2 13 16 6 13 7 7 13 11 8 13 10 9 13 8
39 140 8 4 3 2 11 9 6 11 13 8 11 8 1 15 10 2 15 12 6 15 9 8 15 15 1 18 10
40 146 3 3 1 0 17 13 3 17 11 8 17 11
41 149 2 2 2 1 12 12 8 13 7
42 155 2 2 1 2 15 9 3 15 9
43 156 12 6 4 2 12 9 6 12 11 8 12 10 6 15 8 0 17 11 3 17 10 9 17 10 0 19 8 2 19 11 3 19 13 8 19 8 9 19 14
44 159 12 6 4 0 15 9 1 15 11 3 15 10 8 15 11 9 15 11 3 16 7 4 16 12 9 16 12 1 17 9 0 19 7 4 19 13 8 19 11
45 160 3 3 2 4 10 13 5 12 12 7 12 10
46 161 6 6 2 1 14 12 2 14 11 3 15 11 4 15 7 5 15 13 9 15 15
47 163 1 1 1 3 13 10
48 166 1 1 1 9 15 11
49 167 30 3 10 1 10 7 5 10 9 7 10 10 1 11 7 5 11 12 7 11 12 1 12 8 5 12 8 7 12 12 1 13 8 5 13 11 7 13 10 1 14 9 5 14 9 7 14 11 1 15 10 5 15 11 7 15 11 1 16 9 5 16 9 7 16 15 1 17 10 5 17 12 7 17 11 1 18 9 5 18 9 7 18 9 1 19 10 5 19 15 7 19 13
