20 50
0 0 18 6 5 2 10 12 7 10 10 9 10 11 4 12 12 5 12 9 7 12 12 8 12 12 9 12 10 2 14 10 4 14 8 5 14 10 8 14 11 5 15 7 7 15 13 2 17 12 4 17 7 8 17 10 9 17 10
1 2 6 6 1 0 19 9 2 19 9 5 19 10 6 19 12 7 19 12 8 19 11
2 4 48 6 10 0 10 9 2 10 10 4 10 11 5 10 7 9 10 8 0 11 9 3 11 13 4 11 7 5 11 8 9 11 11 2 12 9 3 12 8 4 12 12 5 12 8 9 12 8 2 13 10 3 13 9 4 13 11 9 13 9 0 14 15 2 14 13 3 14 9 4 14 9 5 14 10 9 14 11 0 15 6 2 15 8 3 15 12 4 15 11 5 15 9 0 16 11 2 16 11 3 16 11 5 16 12 9 16 9 0 17 11 2 17 11 4 17 10 9 17 6 0 18 10 3 18 13 5 18 7 0 19 11 2 19 12 3 19 11 4 19 11 5 19 11 9 19 13
3 8 20 2 10 4 10 6 5 10 6 4 11 6 5 11 13 4 12 9 5 12 10 4 13 8 5 13 14 4 14 9 5 14 10 4 15 12 5 15 11 4 16 10 5 16 14 4 17 10 5 17 11 4 18 10 5 18 10 4 19 11 5 19 14
4 10 6 6 2 0 14 6 1 14 10 7 14 11 3 19 9 4 19 12 6 19 10
5 11 12 6 3 0 12 9 3 12 11 4 12 9 7 12 8 9 12 13 2 14 11 7 14 8 9 14 13 0 16 11 2 16 9 3 16 10 4 16 12
6 13 18 6 5 0 11 11 2 11 16 3 11 13 1 12 13 4 12 8 5 12 8 1 13 12 3 13 13 0 14 15 2 14 12 4 14 11 5 14 10 0 16 11 1 16 10 2 16 8 3 16 12 4 16 8 5 16 7
7 14 2 2 1 3 19 13 9 19 12
8 17 18 6 5 2 11 15 7 11 11 1 12 13 7 12 10 9 12 11 0 14 10 1 14 8 2 14 11 7 14 11 8 14 11 0 15 12 1 15 10 2 15 9 8 15 11 9 15 10 0 16 13 8 16 10 9 16 10
9 20 18 6 6 0 10 11 1 10 12 2 10 10 2 12 9 7 12 8 1 14 8 6 14 10 7 14 12 8 14 13 0 15 10 1 15 7 2 15 11 6 15 14 8 15 9 0 16 8 6 16 11 7 19 11 8 19 10
10 24 3 3 2 4 12 9 0 15 7 5 15 8
11 27 1 1 1 9 17 10
12 28 4 4 2 7 16 13 1 18 11 4 18 7 6 18 8
13 42 1 1 1 2 19 13
14 43 18 6 6 4 10 14 5 10 9 6 10 8 2 11 11 5 11 9 8 11 12 4 12 12 2 14 12 6 14 11 7 14 7 8 14 8 2 15 10 5 15 9 7 15 12 4 19 9 6 19 11 7 19 8 8 19 8
15 45 18 6 6 6 10 12 9 10 7 0 13 13 4 13 10 8 13 14 5 15 10 8 15 10 9 15 12 0 16 11 5 16 11 0 17 12 4 17 10 5 17 9 6 17 7 9 17 10 4 19 12 6 19 9 8 19 12
16 46 6 6 1 0 19 8 1 19 9 2 19 11 4 19 12 5 19 12 7 19 11
17 47 12 6 3 0 10 10 2 10 11 7 10 11 0 13 11 1 13 11 3 13 13 4 13 10 1 16 7 2 16 9 3 16 11 4 16 13 7 16 9
18 52 12 4 4 1 10 7 2 10 8 3 10 10 4 10 15 2 12 12 3 12 12 4 12 8 1 13 8 2 13 9 3 13 9 1 18 9 4 18 10
19 57 2 2 1 7 12 12 9 12 12
20 59 2 2 1 5 11 9 6 11 11
21 67 6 6 1 1 13 13 3 13 10 4 13 11 6 13 15 7 13 10 8 13 11
22 68 1 1 1 3 10 13
23 71 24 6 7 0 11 13 1 11 9 3 11 12 8 11 13 1 12 7 4 12 10 8 12 12 9 12 8 0 13 10 1 13 7 3 13 12 0 14 11 3 14 14 9 14 12 1 15 7 4 15 10 8 15 11 9 15 9 0 16 7 4 16 14 8 16 10 3 17 11 4 17 9 9 17 11
24 80 1 1 1 5 17 8
25 86 6 6 1 0 14 10 1 14 9 3 14 12 5 14 13 7 14 11 8 14 10
26 89 18 6 6 0 11 10 4 11 10 0 12 9 1 12 12 5 12 8 6 12 10 5 13 12 6 13 11 8 13 10 0 14 12 1 14 9 4 14 8 6 14 10 1 15 9 8 15 9 4 17 9 5 17 11 8 17 11
27 90 1 1 1 9 18 11
28 91 18 6 6 2 10 13 6 10 13 7 10 13 9 10 11 1 11 9 8 11 12 9 11 11 1 12 11 2 12 7 6 12 12 7 12 7 9 12 11 1 14 15 6 14 11 2 17 7 7 17 8 8 17 15 8 18 14
29 95 60 6 10 0 10 12 2 10 10 3 10 12 5 10 12 6 10 12 7 10 12 0 11 11 2 11 13 3 11 11 5 11 10 6 11 8 7 11 12 0 12 12 2 12 10 3 12 10 5 12 10 6 12 10 7 12 10 0 13 11 2 13 13 3 13 10 5 13 12 6 13 11 7 13 8 0 14 11 2 14 9 3 14 11 5 14 7 6 14 7 7 14 17 0 15 10 2 15 11 3 15 11 5 15 10 6 15 10 7 15 13 0 16 11 2 16 9 3 16 10 5 16 10 6 16 10 7 16 11 0 17 9 2 17 8 3 17 13 5 17 8 6 17 12 7 17 8 0 18 11 2 18 12 3 18 10 5 18 10 6 18 13 7 18 9 0 19 9 2 19 8 3 19 9 5 19 7 6 19 13 7 19 13
30 101 3 3 1 5 11 10 6 11 15 9 11 9
31 107 2 2 1 3 17 12 4 17 10
32 114 12 6 3 1 10 10 3 10 12 7 10 8 1 12 13 4 12 10 6 12 8 7 12 11 8 12 13 3 19 7 4 19 14 6 19 14 8 19 11
33 120 24 6 7 2 11 11 8 11 13 2 12 11 4 12 15 7 12 11 9 12 11 8 13 11 9 13 11 2 15 12 4 15 13 5 15 9 7 15 7 8 15 10 9 15 13 5 16 9 8 16 10 2 18 13 4 18 12 5 18 10 7 18 12 4 19 9 5 19 8 7 19 9 9 19 12
34 125 8 4 4 9 10 9 5 11 11 7 11 14 1 13 7 5 13 9 7 13 10 1 18 9 9 18 8
35 127 3 3 1 0 10 9 6 10 8 7 10 12
36 132 1 1 1 6 17 10
37 135 3 3 1 6 19 9 7 19 8 9 19 11
38 137 4 4 2 0 14 7 3 14 15 4 15 8 7 15 11
39 140 3 3 1 3 14 9 6 14 11 9 14 14
40 146 24 6 7 0 10 11 2 10 10 5 10 8 0 13 11 1 13 9 2 13 11 5 13 9 7 13 10 8 13 11 1 14 9 2 14 11 5 14 11 8 14 9 0 15 10 1 15 10 7 15 12 8 15 10 1 16 10 2 16 12 5 17 14 7 17 10 8 17 11 0 18 12 7 18 13
41 149 4 4 2 1 12 12 3 12 10 7 13 10 8 13 9
42 155 3 3 1 4 16 10 6 16 8 8 16 13
43 156 60 6 10 1 10 8 2 10 10 3 10 14 6 10 8 8 10 12 9 10 13 1 11 7 2 11 11 3 11 11 6 11 14 8 11 9 9 11 11 1 12 9 2 12 10 3 12 13 6 12 9 8 12 9 9 12 11 1 13 8 2 13 12 3 13 12 6 13 12 8 13 11 9 13 12 1 14 11 2 14 9 3 14 13 6 14 10 8 14 12 9 14 11 1 15 11 2 15 9 3 15 10 6 15 10 8 15 11 9 15 7 1 16 8 2 16 13 3 16 10 6 16 8 8 16 10 9 16 10 1 17 10 2 17 8 3 17 9 6 17 12 8 17 10 9 17 5 1 18 9 2 18 11 3 18 10 6 18 9 8 18 7 9 18 11 1 19 12 2 19 12 3 19 9 6 19 11 8 19 12 9 19 11
44 159 2 2 1 1 11 11 3 11 10
45 160 18 6 6 1 10 8 3 10 10 6 10 12 3 12 11 5 12 9 2 13 9 6 13 8 8 13 11 1 14 11 2 14 13 3 14 10 8 14 13 5 15 11 8 15 9 1 16 12 2 16 13 5 16 12 6 16 13
46 161 2 2 1 4 14 12 6 14 11
47 163 1 1 1 1 19 12
48 166 2 2 1 5 13 7 9 13 9
49 167 18 6 6 2 10 12 3 10 15 5 10 9 7 10 8 9 10 11 1 11 10 2 11 10 7 11 13 9 11 8 2 14 13 5 14 11 1 15 11 3 15 12 9 15 9 1 17 9 3 17 14 5 17 9 7 18 12
