20 50
0 0 6 6 2 6 12 10 9 12 10 3 19 9 4 19 11 7 19 12 8 19 7
1 2 2 1 2 4 10 10 4 15 12
2 4 1 1 1 4 11 12
3 8 18 6 6 7 11 10 0 12 9 3 12 12 6 12 11 6 13 9 8 13 15 9 13 11 7 15 7 8 15 9 9 15 11 0 18 11 3 18 10 7 18 12 9 18 11 0 19 13 3 19 9 6 19 9 8 19 11
4 10 10 1 10 3 10 9 3 11 8 3 12 7 3 13 13 3 14 9 3 15 13 3 16 9 3 17 12 3 18 11 3 19 11
5 11 18 6 6 2 10 14 8 10 8 4 12 10 7 12 10 0 13 10 2 13 11 5 13 15 7 13 9 0 14 11 5 14 11 4 16 10 5 16 9 7 16 11 8 16 9 0 18 9 2 18 6 4 18 15 8 18 14
6 13 3 3 1 6 11 9 7 11 9 8 11 10
7 14 2 2 1 3 14 13 5 14 13
8 17 2 2 1 6 10 11 8 10 9
9 20 18 6 6 1 10 9 2 10 11 5 10 12 6 10 7 6 13 10 7 13 9 1 15 12 3 15 12 5 15 12 7 15 12 2 16 11 3 16 11 6 16 10 7 16 13 1 18 13 5 18 9 2 19 8 3 19 11
10 24 24 6 8 0 11 11 1 11 13 3 11 10 4 11 11 7 11 9 6 12 8 7 12 7 3 13 9 6 13 13 0 14 14 1 14 7 4 14 11 6 14 8 1 16 11 7 16 11 0 17 11 3 17 11 4 17 12 7 17 12 0 18 10 1 18 7 6 18 12 3 19 13 4 19 13
11 27 18 6 5 1 10 13 2 10 9 3 10 11 8 10 15 1 11 9 2 11 9 5 11 11 7 11 6 8 11 13 3 12 10 7 12 10 3 15 14 5 15 12 7 15 11 1 18 10 2 18 12 5 18 10 8 18 12
12 28 24 6 7 2 10 11 3 10 9 6 10 13 7 10 10 8 10 13 2 12 8 3 12 9 5 12 9 6 12 13 2 14 12 3 14 11 7 14 10 8 14 10 2 15 13 6 15 12 7 15 14 8 15 13 5 16 9 6 16 11 7 16 9 8 16 11 3 17 11 5 17 13 5 19 7
13 42 3 3 1 0 13 10 3 13 9 4 13 10
14 43 6 3 3 6 14 13 8 14 12 5 15 12 6 15 9 5 18 10 8 18 7
15 45 24 6 8 0 10 11 1 10 14 3 10 12 5 10 13 5 11 10 6 11 9 7 11 13 1 12 9 3 12 7 0 14 13 1 14 11 3 14 8 5 14 11 7 14 10 0 15 10 6 15 11 1 16 15 7 16 12 6 17 11 7 17 9 0 19 10 3 19 7 5 19 8 6 19 12
16 46 4 4 2 5 12 8 7 12 10 3 15 12 6 15 8
17 47 60 6 10 0 10 9 2 10 10 3 10 11 5 10 9 6 10 9 8 10 10 0 11 9 2 11 7 3 11 12 5 11 10 6 11 11 8 11 9 0 12 11 2 12 10 3 12 9 5 12 9 6 12 11 8 12 13 0 13 11 2 13 7 3 13 14 5 13 10 6 13 9 8 13 8 0 14 11 2 14 9 3 14 12 5 14 10 6 14 9 8 14 7 0 15 12 2 15 14 3 15 8 5 15 9 6 15 9 8 15 9 0 16 9 2 16 10 3 16 7 5 16 11 6 16 9 8 16 11 0 17 10 2 17 9 3 17 5 5 17 10 6 17 8 8 17 10 0 18 9 2 18 9 3 18 11 5 18 13 6 18 9 8 18 13 0 19 8 2 19 12 3 19 13 5 19 12 6 19 11 8 19 10
18 52 9 3 5 7 10 11 8 10 11 2 12 9 7 12 9 7 13 10 8 13 10 2 14 12 8 14 8 2 18 7
19 57 3 3 1 3 17 11 4 17 13 6 17 11
20 59 6 6 2 0 14 8 4 14 10 1 18 9 2 18 9 7 18 11 8 18 8
21 67 2 2 1 3 13 10 5 13 13
22 68 2 2 2 3 16 12 8 18 12
23 71 8 4 3 5 13 10 6 13 11 8 13 13 9 13 14 8 16 11 9 16 10 5 19 13 6 19 12
24 80 10 1 10 6 10 12 6 11 11 6 12 12 6 13 12 6 14 11 6 15 13 6 16 9 6 17 9 6 18 8 6 19 11
25 86 2 2 1 1 13 12 6 13 10
26 89 60 6 10 0 10 12 3 10 11 4 10 12 6 10 12 7 10 11 9 10 12 0 11 11 3 11 8 4 11 10 6 11 11 7 11 14 9 11 10 0 12 10 3 12 13 4 12 10 6 12 8 7 12 6 9 12 11 0 13 8 3 13 11 4 13 14 6 13 10 7 13 6 9 13 12 0 14 11 3 14 10 4 14 11 6 14 6 7 14 10 9 14 11 0 15 10 3 15 14 4 15 8 6 15 8 7 15 11 9 15 8 0 16 11 3 16 12 4 16 10 6 16 7 7 16 9 9 16 8 0 17 10 3 17 10 4 17 9 6 17 10 7 17 8 9 17 14 0 18 12 3 18 11 4 18 10 6 18 11 7 18 7 9 18 8 0 19 10 3 19 10 4 19 9 6 19 9 7 19 10 9 19 9
27 90 1 1 1 1 11 13
28 91 2 2 1 4 13 11 8 13 13
29 95 60 6 10 1 10 12 5 10 7 6 10 12 7 10 9 8 10 12 9 10 11 1 11 14 5 11 9 6 11 12 7 11 13 8 11 12 9 11 11 1 12 9 5 12 6 6 12 10 7 12 14 8 12 9 9 12 11 1 13 12 5 13 9 6 13 8 7 13 13 8 13 6 9 13 12 1 14 12 5 14 9 6 14 12 7 14 11 8 14 7 9 14 9 1 15 11 5 15 10 6 15 8 7 15 12 8 15 13 9 15 11 1 16 14 5 16 11 6 16 11 7 16 10 8 16 8 9 16 8 1 17 10 5 17 16 6 17 10 7 17 12 8 17 13 9 17 12 1 18 10 5 18 9 6 18 14 7 18 7 8 18 11 9 18 9 1 19 9 5 19 11 6 19 10 7 19 11 8 19 11 9 19 7
30 101 24 6 8 1 10 18 4 10 8 6 10 7 7 10 9 9 10 13 6 11 15 7 11 11 0 12 10 1 12 10 9 12 14 1 13 11 4 13 9 6 13 6 7 13 6 9 13 12 1 14 10 4 14 11 6 14 11 0 16 12 0 17 13 0 19 12 4 19 11 7 19 13 9 19 9
31 107 6 6 1 2 14 13 4 14 8 5 14 13 6 14 11 7 14 12 8 14 10
32 114 60 6 10 0 10 12 2 10 9 3 10 12 5 10 8 8 10 13 9 10 12 0 11 11 2 11 10 3 11 12 5 11 11 8 11 13 9 11 11 0 12 14 2 12 6 3 12 8 5 12 10 8 12 10 9 12 11 0 13 15 2 13 9 3 13 9 5 13 9 8 13 10 9 13 10 0 14 12 2 14 10 3 14 10 5 14 10 8 14 9 9 14 10 0 15 12 2 15 9 3 15 14 5 15 9 8 15 11 9 15 7 0 16 10 2 16 15 3 16 12 5 16 10 8 16 12 9 16 9 0 17 8 2 17 7 3 17 10 5 17 8 8 17 10 9 17 11 0 18 9 2 18 8 3 18 12 5 18 8 8 18 10 9 18 12 0 19 9 2 19 10 3 19 9 5 19 12 8 19 14 9 19 10
33 120 12 4 4 2 12 9 4 12 11 5 12 7 6 12 11 2 13 12 4 13 10 5 13 13 6 13 9 5 16 9 6 16 10 2 19 12 4 19 10
34 125 2 2 1 0 11 10 5 11 8
35 127 1 1 1 4 12 12
36 132 1 1 1 0 18 13
37 135 30 3 10 1 10 10 2 10 11 8 10 6 1 11 9 2 11 10 8 11 7 1 12 9 2 12 11 8 12 15 1 13 13 2 13 10 8 13 14 1 14 12 2 14 8 8 14 13 1 15 8 2 15 10 8 15 7 1 16 11 2 16 11 8 16 13 1 17 11 2 17 13 8 17 11 1 18 8 2 18 15 8 18 11 1 19 12 2 19 12 8 19 11
38 137 5 5 2 5 13 9 6 13 9 0 15 10 4 15 10 7 15 9
39 140 6 6 1 0 19 13 1 19 10 2 19 10 4 19 11 6 19 15 7 19 11
40 146 6 6 1 0 17 11 1 17 10 5 17 12 6 17 13 8 17 13 9 17 10
41 149 18 6 5 7 10 5 1 12 8 2 12 11 5 12 6 0 16 10 1 16 7 2 16 9 6 16 8 7 16 12 0 17 7 5 17 11 6 17 11 0 18 11 1 18 10 2 18 9 5 18 13 6 18 9 7 18 9
42 155 1 1 1 9 11 10
43 156 4 4 1 2 17 9 5 17 13 7 17 16 9 17 11
44 159 6 6 2 1 17 13 2 18 8 4 18 13 7 18 12 8 18 9 9 18 9
45 160 60 6 10 0 10 11 1 10 9 2 10 8 3 10 8 5 10 13 7 10 9 0 11 9 1 11 11 2 11 12 3 11 11 5 11 11 7 11 10 0 12 10 1 12 11 2 12 14 3 12 14 5 12 10 7 12 15 0 13 12 1 13 13 2 13 8 3 13 10 5 13 10 7 13 10 0 14 13 1 14 9 2 14 14 3 14 12 5 14 11 7 14 11 0 15 10 1 15 13 2 15 8 3 15 11 5 15 9 7 15 12 0 16 10 1 16 8 2 16 10 3 16 13 5 16 11 7 16 7 0 17 10 1 17 7 2 17 10 3 17 12 5 17 10 7 17 12 0 18 10 1 18 10 2 18 10 3 18 9 5 18 9 7 18 5 0 19 8 1 19 12 2 19 11 3 19 12 5 19 11 7 19 9
46 161 6 6 2 4 11 7 5 11 12 8 11 9 9 11 12 3 18 11 6 18 9
47 163 6 6 1 2 13 9 3 13 8 4 13 10 5 13 12 7 13 6 9 13 11
48 166 1 1 1 4 12 12
49 167 6 6 2 0 16 6 2 16 12 6 16 12 4 19 12 7 19 5 9 19 11
