20 50
0 0 12 6 3 2 15 12 5 15 11 7 15 9 8 15 12 1 18 8 6 18 9 8 18 10 1 19 13 2 19 11 5 19 13 6 19 7 7 19 9
1 2 6 6 1 0 11 10 2 11 14 5 11 7 6 11 10 7 11 13 8 11 15
2 4 1 1 1 9 19 9
3 8 1 1 1 2 17 11
4 10 12 6 3 1 10 11 4 10 12 8 10 10 1 13 10 2 13 11 3 13 12 4 13 10 6 13 7 2 16 10 3 16 13 6 16 9 8 16 10
5 11 2 2 1 2 13 5 6 13 9
6 13 6 3 3 3 12 13 8 12 8 5 17 9 3 19 14 5 19 11 8 19 7
7 14 10 1 10 4 10 11 4 11 14 4 12 12 4 13 10 4 14 10 4 15 9 4 16 11 4 17 9 4 18 11 4 19 12
8 17 20 2 10 0 10 5 3 10 10 0 11 8 3 11 11 0 12 12 3 12 12 0 13 12 3 13 10 0 14 12 3 14 14 0 15 13 3 15 9 0 16 14 3 16 10 0 17 9 3 17 10 0 18 13 3 18 10 0 19 10 3 19 11
9 20 10 1 10 1 10 13 1 11 10 1 12 12 1 13 10 1 14 12 1 15 11 1 16 10 1 17 10 1 18 8 1 19 9
10 24 60 6 10 0 10 8 1 10 9 2 10 11 5 10 9 6 10 10 8 10 9 0 11 12 1 11 12 2 11 10 5 11 14 6 11 9 8 11 7 0 12 8 1 12 13 2 12 11 5 12 9 6 12 12 8 12 12 0 13 8 1 13 8 2 13 13 5 13 10 6 13 12 8 13 13 0 14 11 1 14 12 2 14 8 5 14 12 6 14 12 8 14 10 0 15 12 1 15 11 2 15 13 5 15 13 6 15 7 8 15 8 0 16 13 1 16 9 2 16 13 5 16 12 6 16 10 8 16 13 0 17 12 1 17 7 2 17 11 5 17 11 6 17 12 8 17 12 0 18 12 1 18 10 2 18 10 5 18 9 6 18 9 8 18 9 0 19 10 1 19 13 2 19 14 5 19 8 6 19 14 8 19 8
11 27 2 2 1 4 16 8 7 16 10
12 28 1 1 1 2 12 12
13 42 1 1 1 7 14 11
14 43 1 1 1 1 10 12
15 45 12 6 3 4 10 10 5 10 10 6 10 11 7 10 10 9 10 12 0 11 14 7 11 16 9 11 9 0 12 9 4 12 14 5 12 7 6 12 8
16 46 24 6 7 4 11 14 5 11 9 6 11 8 7 11 12 0 12 6 2 12 11 5 12 12 7 12 10 2 13 14 6 13 10 0 14 11 4 14 9 5 14 11 7 14 9 0 15 7 2 15 11 4 15 11 6 15 8 5 16 13 7 16 12 0 18 10 2 18 11 4 18 17 6 18 10
17 47 24 4 10 1 10 11 2 10 7 9 10 10 1 11 11 2 11 10 3 11 12 9 11 13 1 12 10 2 12 8 3 12 13 1 13 7 2 13 9 3 13 9 9 13 9 9 14 15 1 15 9 9 15 10 1 16 9 2 16 6 3 16 8 9 16 11 2 17 11 3 18 12 3 19 9
18 52 12 6 3 1 10 12 3 10 11 8 10 9 9 10 10 0 16 10 3 16 3 5 16 7 8 16 14 9 16 8 0 17 8 1 17 10 5 17 7
19 57 6 6 2 1 13 10 3 13 10 6 13 8 2 16 12 4 16 9 7 16 11
20 59 18 6 5 1 10 8 5 10 13 6 10 12 7 10 12 8 10 9 1 11 10 3 11 8 6 11 11 7 11 9 8 11 10 1 13 12 3 13 14 5 13 11 8 13 9 3 18 7 5 18 13 7 18 10 6 19 11
21 67 6 6 1 1 12 12 3 12 13 4 12 6 7 12 11 8 12 12 9 12 13
22 68 5 5 1 1 15 13 3 15 11 4 15 8 5 15 10 7 15 8
23 71 6 6 2 0 15 9 2 15 13 3 15 10 7 15 14 6 18 12 9 18 8
24 80 12 6 4 1 12 11 6 12 9 0 13 11 5 13 12 9 13 10 0 18 9 1 18 8 4 18 6 5 18 10 4 19 8 6 19 11 9 19 12
25 86 3 3 1 4 19 8 8 19 11 9 19 12
26 89 5 5 1 2 10 11 5 10 10 6 10 12 7 10 13 9 10 10
27 90 6 6 1 2 19 13 3 19 10 4 19 11 7 19 6 8 19 12 9 19 9
28 91 6 6 3 0 14 10 4 14 10 2 16 9 6 19 9 7 19 8 9 19 8
29 95 8 4 3 3 10 10 4 10 12 4 14 9 6 14 14 9 14 9 3 18 13 6 18 8 9 18 12
30 101 1 1 1 7 13 10
31 107 1 1 1 7 18 6
32 114 12 6 3 0 12 10 1 12 11 3 12 12 5 12 11 6 12 9 9 12 10 1 13 10 3 13 13 5 13 9 0 15 10 6 15 11 9 15 10
33 120 3 3 2 3 17 10 6 19 11 9 19 13
34 125 1 1 1 8 12 10
35 127 6 6 1 0 12 14 1 12 11 2 12 11 4 12 10 6 12 14 9 12 9
36 132 2 2 1 0 13 8 4 13 11
37 135 3 3 1 5 15 13 6 15 10 7 15 9
38 137 18 6 6 4 10 12 7 10 11 9 10 10 3 12 13 8 12 11 2 13 12 3 13 10 4 13 10 7 13 11 8 13 10 2 15 13 9 15 10 3 16 12 8 16 11 9 16 10 2 18 12 4 18 8 7 18 11
39 140 12 6 3 0 10 11 2 10 16 3 10 12 4 10 10 9 10 11 0 12 12 1 12 11 2 12 11 4 12 13 1 19 12 3 19 9 9 19 12
40 146 24 6 7 0 12 8 1 12 7 6 12 13 8 12 8 1 13 13 4 13 10 6 13 11 9 13 14 0 14 10 1 14 9 4 14 14 0 16 12 1 16 10 6 16 10 8 16 10 0 17 8 4 17 9 8 17 14 9 17 9 6 18 11 9 18 11 4 19 10 8 19 11 9 19 10
41 149 2 2 2 5 10 9 7 11 9
42 155 24 6 7 0 10 12 1 10 7 7 10 11 1 11 12 2 11 14 0 12 14 5 12 10 7 12 11 8 12 14 2 13 11 5 13 14 7 13 11 8 13 12 0 14 9 5 14 12 7 14 7 8 14 13 1 15 12 2 15 12 0 17 10 1 17 10 2 17 8 5 17 9 8 17 9
43 156 6 6 1 1 13 13 4 13 11 5 13 12 6 13 11 7 13 12 8 13 11
44 159 3 3 2 9 15 13 2 16 9 3 16 11
45 160 3 3 2 4 13 11 7 13 12 6 18 7
46 161 3 3 1 1 16 8 2 16 13 4 16 11
47 163 6 6 2 0 14 10 8 14 7 1 19 12 3 19 13 4 19 7 6 19 11
48 166 1 1 1 8 16 9
49 167 3 3 1 3 19 12 5 19 12 6 19 12
