20 50
0 0 2 2 1 1 17 9 4 17 9
1 2 18 6 5 3 10 9 5 10 13 6 10 10 8 10 9 9 10 14 6 13 13 8 13 12 9 13 12 2 16 14 3 16 11 2 17 10 3 17 10 5 17 9 8 17 6 2 19 13 5 19 9 6 19 12 9 19 10
2 4 24 6 7 7 11 13 8 11 12 0 13 12 6 13 9 7 13 13 0 14 13 3 14 10 9 14 10 0 15 10 3 15 12 6 15 13 7 15 14 8 15 13 0 16 14 3 16 8 8 16 8 9 16 10 6 18 13 9 18 15 3 19 9 6 19 9 7 19 10 8 19 11 9 19 10
3 8 12 6 3 0 11 13 1 11 9 4 11 9 8 11 14 0 16 8 3 16 11 6 16 9 8 16 8 1 19 8 3 19 12 4 19 12 6 19 12
4 10 2 2 1 0 17 12 2 17 10
5 11 1 1 1 4 10 9
6 13 60 6 10 0 10 8 2 10 12 4 10 7 5 10 10 6 10 10 9 10 9 0 11 11 2 11 15 4 11 10 5 11 10 6 11 11 9 11 11 0 12 12 2 12 9 4 12 10 5 12 14 6 12 8 9 12 12 0 13 8 2 13 11 4 13 8 5 13 11 6 13 7 9 13 11 0 14 12 2 14 12 4 14 9 5 14 13 6 14 11 9 14 10 0 15 9 2 15 7 4 15 10 5 15 9 6 15 13 9 15 14 0 16 12 2 16 6 4 16 11 5 16 8 6 16 11 9 16 15 0 17 11 2 17 12 4 17 7 5 17 10 6 17 13 9 17 12 0 18 6 2 18 9 4 18 9 5 18 9 6 18 12 9 18 10 0 19 8 2 19 11 4 19 8 5 19 12 6 19 10 9 19 14
7 14 2 2 2 6 10 14 5 19 10
8 17 1 1 1 1 11 11
9 20 3 3 2 6 12 11 8 14 11 9 14 8
10 24 5 5 1 0 19 11 1 19 8 3 19 11 7 19 9 9 19 7
11 27 18 6 6 4 11 12 1 12 8 2 12 9 3 12 13 4 12 9 6 12 9 8 12 8 4 13 7 8 13 11 1 14 4 2 14 10 3 14 12 6 14 10 1 16 7 6 16 12 8 16 12 2 18 10 3 18 9
12 28 4 2 2 3 12 11 8 12 11 3 16 12 8 16 12
13 42 18 6 5 0 10 9 2 10 10 0 11 12 6 11 9 9 11 9 0 13 13 2 13 14 3 13 13 4 13 8 6 13 9 9 13 15 3 14 8 4 14 12 9 14 11 2 17 12 3 17 14 4 17 9 6 17 13
14 43 60 6 10 4 10 11 5 10 8 6 10 8 7 10 13 8 10 10 9 10 12 4 11 10 5 11 9 6 11 10 7 11 10 8 11 12 9 11 12 4 12 12 5 12 10 6 12 9 7 12 12 8 12 13 9 12 11 4 13 15 5 13 8 6 13 10 7 13 10 8 13 12 9 13 10 4 14 11 5 14 10 6 14 11 7 14 10 8 14 11 9 14 9 4 15 14 5 15 8 6 15 12 7 15 10 8 15 10 9 15 14 4 16 13 5 16 11 6 16 13 7 16 10 8 16 12 9 16 10 4 17 11 5 17 12 6 17 11 7 17 12 8 17 8 9 17 8 4 18 12 5 18 14 6 18 10 7 18 9 8 18 9 9 18 9 4 19 13 5 19 13 6 19 12 7 19 10 8 19 10 9 19 10
15 45 4 4 1 1 11 14 2 11 11 4 11 9 8 11 9
16 46 3 3 1 0 12 9 2 12 11 6 12 11
17 47 24 6 6 2 10 8 8 10 10 3 11 13 8 11 8 9 11 10 2 13 13 3 13 10 4 13 11 7 13 11 9 13 12 2 14 9 3 14 9 4 14 11 7 14 10 2 17 9 3 17 12 4 17 10 7 17 12 8 17 10 9 17 9 4 19 10 7 19 13 8 19 10 9 19 11
18 52 12 6 3 1 13 9 4 13 12 5 13 9 7 13 12 3 14 5 7 14 11 9 14 11 1 15 6 3 15 9 4 15 11 5 15 7 9 15 11
19 57 30 3 10 1 10 12 3 10 15 9 10 12 1 11 11 3 11 13 9 11 9 1 12 9 3 12 10 9 12 9 1 13 11 3 13 11 9 13 11 1 14 10 3 14 12 9 14 8 1 15 9 3 15 10 9 15 11 1 16 10 3 16 11 9 16 12 1 17 11 3 17 11 9 17 11 1 18 13 3 18 11 9 18 8 1 19 8 3 19 11 9 19 14
20 59 4 4 1 1 12 9 4 12 11 7 12 13 8 12 15
21 67 12 6 4 1 11 9 5 11 11 8 11 13 9 11 9 1 13 11 4 13 9 5 13 13 7 13 7 4 16 10 7 19 10 8 19 11 9 19 10
22 68 10 1 10 6 10 9 6 11 11 6 12 9 6 13 7 6 14 15 6 15 12 6 16 10 6 17 9 6 18 10 6 19 13
23 71 10 5 4 0 12 13 6 12 11 6 14 10 9 14 11 1 16 14 2 16 13 0 18 11 1 18 13 2 18 13 9 18 11
24 80 12 6 4 2 11 10 3 11 12 5 11 6 7 11 10 1 16 13 5 16 9 2 17 13 3 17 11 7 17 8 9 17 8 1 19 13 9 19 8
25 86 5 5 2 9 18 13 0 19 8 2 19 11 3 19 14 5 19 13
26 89 2 2 1 4 17 10 9 17 9
27 90 2 2 1 1 12 9 3 12 10
28 91 2 2 1 1 15 11 3 15 10
29 95 12 6 4 0 13 13 2 13 11 3 13 10 5 13 12 8 13 9 3 14 10 5 14 9 8 14 10 1 17 13 0 18 15 1 18 11 2 18 8
30 101 18 6 6 1 10 10 4 10 11 8 10 15 0 13 10 8 13 14 0 14 8 5 14 10 8 14 10 0 16 9 1 16 10 4 16 12 5 16 9 9 16 13 1 17 6 5 17 10 9 17 8 4 19 15 9 19 10
31 107 18 6 5 0 10 11 1 10 10 9 10 8 0 11 10 1 11 10 5 12 11 6 12 10 7 12 13 9 12 12 5 14 13 6 14 11 7 14 12 0 16 10 1 16 12 5 16 11 6 16 11 7 16 13 9 16 11
32 114 48 6 10 1 10 11 2 10 10 3 10 10 6 10 12 0 11 13 1 11 8 2 11 14 8 11 9 0 12 12 2 12 11 3 12 16 6 12 14 8 12 9 3 13 9 6 13 12 8 13 10 0 14 15 1 14 8 2 14 10 3 14 12 6 14 8 8 14 8 0 15 9 1 15 9 2 15 9 3 15 9 6 15 11 8 15 7 0 16 13 1 16 11 2 16 11 3 16 12 6 16 11 8 16 10 0 17 9 1 17 11 6 17 9 8 17 7 0 18 13 1 18 11 2 18 10 3 18 12 0 19 11 1 19 12 2 19 10 3 19 12 6 19 7 8 19 9
33 120 3 3 2 3 16 10 9 16 9 2 19 11
34 125 2 2 1 1 10 8 5 10 8
35 127 60 6 10 2 10 10 3 10 10 4 10 5 5 10 10 8 10 11 9 10 14 2 11 10 3 11 7 4 11 10 5 11 10 8 11 7 9 11 12 2 12 9 3 12 10 4 12 9 5 12 15 8 12 9 9 12 12 2 13 12 3 13 12 4 13 10 5 13 7 8 13 10 9 13 10 2 14 12 3 14 12 4 14 11 5 14 10 8 14 12 9 14 13 2 15 13 3 15 13 4 15 8 5 15 13 8 15 10 9 15 11 2 16 8 3 16 13 4 16 12 5 16 13 8 16 10 9 16 8 2 17 10 3 17 12 4 17 11 5 17 8 8 17 12 9 17 12 2 18 10 3 18 11 4 18 11 5 18 9 8 18 9 9 18 10 2 19 10 3 19 10 4 19 6 5 19 13 8 19 10 9 19 13
36 132 3 3 1 2 14 13 3 14 10 9 14 10
37 135 6 6 2 1 11 8 7 11 12 8 11 12 0 13 9 2 13 8 6 13 9
38 137 3 3 1 0 16 13 2 16 9 3 16 11
39 140 60 6 10 0 10 16 1 10 11 3 10 10 4 10 9 7 10 7 8 10 13 0 11 12 1 11 10 3 11 11 4 11 9 7 11 14 8 11 11 0 12 10 1 12 14 3 12 9 4 12 12 7 12 10 8 12 8 0 13 8 1 13 12 3 13 9 4 13 12 7 13 11 8 13 10 0 14 10 1 14 11 3 14 17 4 14 10 7 14 12 8 14 8 0 15 11 1 15 12 3 15 9 4 15 13 7 15 12 8 15 10 0 16 10 1 16 11 3 16 10 4 16 9 7 16 10 8 16 10 0 17 9 1 17 12 3 17 10 4 17 8 7 17 16 8 17 8 0 18 7 1 18 12 3 18 8 4 18 9 7 18 11 8 18 11 0 19 9 1 19 11 3 19 11 4 19 11 7 19 12 8 19 11
40 146 6 6 1 1 16 10 3 16 8 4 16 10 5 16 11 6 16 11 8 16 12
41 149 20 2 10 5 10 11 8 10 12 5 11 11 8 11 14 5 12 14 8 12 13 5 13 11 8 13 12 5 14 4 8 14 9 5 15 13 8 15 13 5 16 12 8 16 9 5 17 8 8 17 6 5 18 11 8 18 12 5 19 10 8 19 7
42 155 24 6 7 4 11 15 5 11 11 7 11 13 9 11 17 6 13 13 4 14 12 6 14 10 7 14 11 3 15 11 4 15 9 5 15 11 9 15 11 3 16 13 4 16 11 5 16 16 6 16 9 7 16 12 3 17 10 5 17 12 6 17 13 9 17 12 3 19 13 7 19 12 9 19 6
43 156 15 5 5 0 10 11 2 10 12 7 10 13 9 10 12 0 11 12 1 11 12 9 11 8 2 13 13 9 13 12 0 15 12 1 15 13 2 15 10 7 15 13 1 16 13 7 16 9
44 159 18 6 5 9 14 10 2 15 8 4 15 9 5 15 10 7 15 11 9 15 10 3 17 14 4 17 8 5 17 13 2 18 9 3 18 12 4 18 13 5 18 13 7 18 11 2 19 13 3 19 13 7 19 5 9 19 8
45 160 3 3 1 0 14 11 1 14 9 9 14 9
46 161 18 6 5 0 10 8 3 10 10 4 10 9 6 10 9 7 10 13 3 11 13 4 11 11 5 11 4 7 11 12 4 13 12 6 13 12 0 15 11 5 15 11 0 19 10 3 19 10 5 19 9 6 19 10 7 19 11
47 163 12 6 4 4 11 11 5 11 8 8 11 9 9 11 7 1 13 9 5 13 12 7 13 10 4 15 9 8 15 10 1 17 6 7 17 11 9 17 10
48 166 7 1 7 6 10 9 6 11 12 6 12 9 6 13 13 6 14 7 6 15 10 6 17 12
49 167 5 5 2 2 16 10 5 16 11 6 16 14 3 17 10 9 17 10
