20 50
0 0 3 3 2 3 13 10 5 16 9 8 16 10
1 2 6 6 1 1 19 8 2 19 11 4 19 10 5 19 9 6 19 9 7 19 12
2 4 24 6 7 2 10 10 4 10 10 5 10 8 8 10 14 9 10 12 0 11 6 4 11 13 5 11 11 8 11 12 9 11 12 2 12 10 8 12 7 0 13 12 4 13 11 8 13 9 9 13 12 5 16 11 0 17 8 2 17 12 4 17 10 0 19 9 2 19 13 5 19 12 9 19 11
3 8 18 6 5 1 10 9 3 10 13 7 10 9 1 11 10 2 11 5 8 11 9 2 14 8 3 14 13 6 14 8 8 14 11 3 16 9 6 16 12 7 16 8 8 16 10 1 17 10 2 17 10 6 17 12 7 17 12
4 10 1 1 1 6 16 10
5 11 1 1 1 0 10 10
6 13 3 3 1 0 16 8 2 16 10 3 16 8
7 14 6 6 2 0 13 9 6 13 10 7 13 11 9 13 11 1 18 10 3 18 13
8 17 1 1 1 0 18 14
9 20 30 3 10 5 10 9 6 10 8 9 10 9 5 11 10 6 11 10 9 11 11 5 12 9 6 12 7 9 12 11 5 13 7 6 13 9 9 13 10 5 14 10 6 14 12 9 14 11 5 15 13 6 15 9 9 15 13 5 16 11 6 16 10 9 16 11 5 17 11 6 17 7 9 17 9 5 18 12 6 18 12 9 18 10 5 19 11 6 19 10 9 19 14
10 24 12 6 4 5 10 12 7 10 11 0 14 12 6 14 11 7 14 10 9 14 12 5 15 11 8 15 13 9 15 10 0 18 12 6 18 11 8 18 9
11 27 1 1 1 7 17 14
12 28 10 1 10 0 10 13 0 11 12 0 12 12 0 13 15 0 14 9 0 15 11 0 16 12 0 17 6 0 18 9 0 19 8
13 42 1 1 1 9 17 10
14 43 2 2 1 5 11 10 6 11 11
15 45 1 1 1 6 16 12
16 46 6 6 1 2 11 9 4 11 10 5 11 10 6 11 13 7 11 11 9 11 15
17 47 6 6 1 0 14 9 2 14 10 4 14 6 5 14 9 6 14 9 9 14 8
18 52 18 6 5 1 10 12 4 10 10 7 10 8 8 10 15 0 11 13 4 11 11 5 11 9 7 11 10 0 14 11 1 14 10 4 14 8 5 14 12 8 14 9 1 17 9 5 17 8 7 17 12 8 17 7 0 18 12
19 57 6 6 3 0 11 12 1 13 8 7 13 10 9 13 11 3 15 12 6 15 10
20 59 6 6 3 2 11 11 3 11 13 4 11 13 5 12 13 7 12 11 1 14 9
21 67 3 3 1 3 18 13 4 18 9 5 18 7
22 68 1 1 1 5 19 9
23 71 10 1 10 5 10 14 5 11 9 5 12 14 5 13 6 5 14 14 5 15 9 5 16 11 5 17 10 5 18 10 5 19 8
24 80 3 3 1 3 18 8 5 18 7 8 18 10
25 86 1 1 1 1 10 9
26 89 18 6 6 2 10 13 3 10 13 4 10 9 6 10 6 5 11 7 2 14 10 3 14 12 5 14 7 6 14 8 1 16 6 3 16 10 5 16 8 1 17 8 4 17 8 6 17 7 1 18 12 2 18 10 4 18 9
27 90 6 6 1 1 15 13 2 15 10 4 15 6 5 15 10 6 15 11 9 15 8
28 91 1 1 1 9 16 11
29 95 24 6 7 1 10 11 2 10 8 3 10 12 6 10 16 7 10 10 8 10 11 1 11 9 2 11 13 6 11 11 7 11 13 8 11 12 3 12 12 6 12 6 7 12 11 8 12 10 1 13 8 2 13 15 7 13 13 1 14 10 2 14 8 3 15 10 6 15 10 8 15 8 3 17 10
30 101 6 6 2 3 12 10 5 12 11 7 12 10 9 12 13 1 17 14 6 17 9
31 107 3 3 1 5 17 9 7 17 14 8 17 10
32 114 3 3 1 0 14 13 4 14 11 7 14 12
33 120 10 2 7 1 11 11 4 11 11 1 12 10 1 13 10 4 13 12 4 15 9 1 16 12 4 16 9 1 17 9 4 18 7
34 125 3 3 1 2 11 11 3 11 11 9 11 9
35 127 8 4 4 1 12 9 1 16 10 2 16 11 3 16 8 2 18 11 3 18 10 5 18 12 5 19 14
36 132 6 6 2 9 11 9 1 13 16 5 13 12 6 13 11 7 13 7 8 13 13
37 135 1 1 1 5 17 10
38 137 3 3 1 1 13 7 3 13 10 8 13 15
39 140 18 6 6 0 11 10 6 11 8 9 11 11 0 13 11 1 13 14 5 13 9 1 14 13 2 14 9 9 14 10 0 16 16 2 16 13 5 16 11 6 16 12 9 16 9 2 17 9 5 17 14 6 17 11 1 19 13
40 146 6 3 2 4 12 8 5 12 11 9 12 11 4 15 8 5 15 9 9 15 10
41 149 1 1 1 8 17 14
42 155 3 3 1 1 18 11 3 18 7 9 18 13
43 156 18 6 5 1 10 11 2 10 12 3 10 11 7 10 12 1 11 9 2 11 8 3 11 11 5 11 7 9 11 11 1 16 9 2 16 12 9 16 12 5 17 9 7 17 13 3 18 12 5 18 11 7 18 10 9 18 12
44 159 24 6 7 5 10 14 7 10 13 5 12 11 6 12 10 7 12 13 2 14 12 5 14 10 6 14 11 8 14 11 0 16 10 2 16 8 6 16 9 8 16 10 0 17 11 6 17 11 7 17 13 0 18 11 2 18 14 5 18 11 8 18 11 0 19 8 2 19 6 7 19 7 8 19 9
45 160 2 2 1 4 13 12 7 13 8
46 161 60 6 10 1 10 14 2 10 10 4 10 9 6 10 10 8 10 8 9 10 8 1 11 13 2 11 10 4 11 12 6 11 11 8 11 14 9 11 12 1 12 9 2 12 9 4 12 9 6 12 12 8 12 10 9 12 10 1 13 9 2 13 12 4 13 9 6 13 9 8 13 11 9 13 9 1 14 7 2 14 13 4 14 8 6 14 12 8 14 11 9 14 10 1 15 10 2 15 10 4 15 9 6 15 11 8 15 10 9 15 11 1 16 10 2 16 12 4 16 12 6 16 10 8 16 11 9 16 10 1 17 12 2 17 11 4 17 10 6 17 12 8 17 11 9 17 10 1 18 8 2 18 11 4 18 8 6 18 9 8 18 11 9 18 11 1 19 9 2 19 10 4 19 11 6 19 13 8 19 8 9 19 8
47 163 3 3 1 1 17 10 4 17 9 7 17 11
48 166 20 2 10 2 10 10 8 10 11 2 11 9 8 11 11 2 12 12 8 12 14 2 13 9 8 13 13 2 14 11 8 14 13 2 15 10 8 15 13 2 16 11 8 16 12 2 17 10 8 17 9 2 18 8 8 18 14 2 19 12 8 19 9
49 167 6 6 1 0 15 6 2 15 9 3 15 12 5 15 5 6 15 13 8 15 12
