20 50
0 0 8 4 3 2 14 9 5 14 13 8 14 15 0 15 13 2 15 12 5 15 10 0 17 11 8 17 11
1 2 12 4 5 9 11 12 1 13 8 5 13 11 9 13 14 1 16 13 5 16 10 8 16 11 1 17 10 8 17 14 5 18 10 8 18 7 9 18 8
2 4 10 1 10 2 10 11 2 11 10 2 12 9 2 13 10 2 14 13 2 15 10 2 16 10 2 17 11 2 18 12 2 19 11
3 8 12 6 4 0 10 11 2 10 7 3 10 8 3 11 11 4 11 11 1 14 13 5 14 13 0 19 11 1 19 11 2 19 10 4 19 10 5 19 11
4 10 3 3 1 0 10 10 8 10 11 9 10 13
5 11 6 6 2 0 11 10 5 11 9 6 11 11 7 11 11 1 18 7 2 18 13
6 13 12 6 3 1 12 12 6 12 9 7 12 11 8 12 11 9 12 10 1 14 13 2 14 13 6 14 11 7 14 11 9 14 12 2 18 9 8 18 9
7 14 6 6 1 0 10 10 1 10 12 4 10 9 6 10 13 7 10 15 8 10 10
8 17 12 6 3 0 10 10 3 10 8 5 10 8 8 10 13 0 12 9 6 12 8 7 12 12 3 19 7 5 19 10 6 19 11 7 19 10 8 19 13
9 20 3 3 1 5 18 12 7 18 10 9 18 10
10 24 24 6 8 3 10 9 0 11 9 3 11 10 5 11 15 0 12 7 4 12 13 7 12 13 3 13 9 4 13 8 5 13 10 8 13 13 0 14 12 7 14 11 8 14 11 0 15 13 5 15 10 7 15 10 8 15 12 3 18 13 4 18 8 7 18 9 8 18 11 4 19 13 5 19 11
11 27 2 2 1 0 15 8 2 15 13
12 28 2 2 1 3 16 10 5 16 9
13 42 6 6 1 0 11 10 2 11 12 3 11 8 4 11 7 6 11 15 8 11 11
14 43 3 3 1 0 18 12 1 18 14 7 18 7
15 45 6 6 1 0 12 9 2 12 11 3 12 8 4 12 6 5 12 13 6 12 10
16 46 2 2 1 6 11 11 8 11 11
17 47 1 1 1 4 14 12
18 52 18 6 5 3 11 13 4 11 7 6 11 9 7 11 11 9 11 8 3 12 10 4 12 11 5 12 14 9 12 12 6 13 10 7 13 12 3 15 13 5 15 11 6 15 11 9 15 8 4 19 13 5 19 9 7 19 7
19 57 12 6 3 0 13 10 4 13 14 6 13 13 8 13 6 9 13 8 0 14 7 3 14 6 4 14 11 6 14 11 8 14 10 9 14 7 3 16 11
20 59 2 2 1 2 16 10 3 16 9
21 67 5 5 1 0 19 13 3 19 13 5 19 10 8 19 8 9 19 8
22 68 10 5 4 3 12 10 8 12 8 1 14 14 8 14 9 2 17 13 6 17 12 1 19 8 2 19 12 3 19 11 6 19 11
23 71 18 6 5 1 11 13 2 11 7 3 11 12 6 11 12 8 11 13 1 12 8 4 12 10 6 12 12 8 12 13 2 15 12 3 15 7 4 15 10 6 17 13 8 17 12 1 19 10 2 19 12 3 19 7 4 19 11
24 80 3 3 1 6 13 13 8 13 12 9 13 10
25 86 60 6 10 1 10 9 2 10 10 3 10 10 5 10 11 7 10 12 9 10 10 1 11 13 2 11 8 3 11 12 5 11 8 7 11 11 9 11 10 1 12 11 2 12 12 3 12 11 5 12 12 7 12 13 9 12 9 1 13 9 2 13 10 3 13 9 5 13 11 7 13 12 9 13 8 1 14 13 2 14 11 3 14 11 5 14 10 7 14 10 9 14 12 1 15 11 2 15 10 3 15 11 5 15 12 7 15 8 9 15 13 1 16 10 2 16 11 3 16 9 5 16 16 7 16 8 9 16 11 1 17 12 2 17 13 3 17 10 5 17 8 7 17 10 9 17 12 1 18 12 2 18 11 3 18 11 5 18 8 7 18 9 9 18 13 1 19 11 2 19 8 3 19 8 5 19 10 7 19 11 9 19 10
26 89 24 6 7 6 10 10 7 10 10 9 10 12 3 11 12 4 11 10 6 11 10 7 11 14 8 11 12 3 12 8 4 12 10 7 12 8 6 13 11 7 13 9 8 13 10 9 13 12 3 15 8 4 15 11 8 15 10 3 17 13 6 17 11 8 17 9 9 17 13 4 18 8 9 18 10
27 90 6 6 1 0 12 10 2 12 9 3 12 10 4 12 11 6 12 8 9 12 12
28 91 1 1 1 3 13 8
29 95 60 6 10 1 10 8 2 10 15 3 10 12 5 10 9 7 10 13 8 10 10 1 11 5 2 11 11 3 11 8 5 11 14 7 11 13 8 11 12 1 12 11 2 12 11 3 12 12 5 12 12 7 12 13 8 12 11 1 13 15 2 13 7 3 13 11 5 13 11 7 13 13 8 13 13 1 14 10 2 14 8 3 14 14 5 14 10 7 14 9 8 14 12 1 15 11 2 15 12 3 15 12 5 15 13 7 15 12 8 15 8 1 16 10 2 16 12 3 16 14 5 16 9 7 16 12 8 16 10 1 17 8 2 17 13 3 17 8 5 17 9 7 17 9 8 17 13 1 18 11 2 18 14 3 18 11 5 18 9 7 18 11 8 18 13 1 19 15 2 19 9 3 19 10 5 19 11 7 19 8 8 19 13
30 101 6 6 1 0 14 15 1 14 8 4 14 7 7 14 10 8 14 9 9 14 8
31 107 8 4 4 2 14 12 1 15 11 4 15 11 9 15 11 4 16 13 1 17 11 2 17 13 9 17 11
32 114 12 6 3 0 11 10 2 11 10 3 11 9 4 11 10 8 11 13 0 12 9 3 12 10 9 12 11 2 18 11 4 18 11 8 18 12 9 18 11
33 120 3 3 1 1 19 11 4 19 11 7 19 12
34 125 3 3 1 4 17 12 7 17 6 8 17 12
35 127 1 1 1 0 14 10
36 132 6 6 1 0 11 11 4 11 13 5 11 11 6 11 12 8 11 12 9 11 14
37 135 18 6 5 0 10 7 3 10 8 7 10 11 0 12 10 2 12 11 3 12 8 1 13 9 7 13 13 9 13 13 1 16 14 2 16 13 3 16 9 9 16 9 0 17 12 1 17 9 2 17 11 7 17 10 9 17 8
38 137 1 1 1 2 13 9
39 140 6 6 1 0 19 11 1 19 13 2 19 9 5 19 10 7 19 12 8 19 12
40 146 24 6 8 0 10 13 2 10 9 9 10 10 2 11 10 7 11 11 0 13 11 1 13 11 5 13 12 7 13 11 9 13 10 0 14 12 1 14 12 2 15 8 1 16 5 5 16 13 7 16 9 9 16 9 5 17 7 9 17 8 0 18 11 1 18 11 2 18 13 5 18 10 7 18 12
41 149 6 6 2 0 13 13 4 13 10 6 13 13 1 14 13 2 14 8 3 14 12
42 155 8 4 3 1 13 8 2 13 10 0 18 11 8 18 8 0 19 9 1 19 8 2 19 8 8 19 7
43 156 10 1 10 8 10 8 8 11 7 8 12 10 8 13 13 8 14 7 8 15 9 8 16 10 8 17 12 8 18 12 8 19 7
44 159 6 3 3 1 13 11 2 13 9 4 13 10 1 14 13 4 14 10 2 15 7
45 160 4 4 2 9 10 8 2 13 10 4 13 10 5 13 12
46 161 1 1 1 4 11 10
47 163 60 6 10 0 10 11 2 10 13 4 10 11 6 10 10 7 10 13 9 10 11 0 11 8 2 11 14 4 11 8 6 11 12 7 11 8 9 11 11 0 12 8 2 12 9 4 12 12 6 12 9 7 12 9 9 12 12 0 13 11 2 13 7 4 13 11 6 13 7 7 13 11 9 13 10 0 14 11 2 14 13 4 14 10 6 14 10 7 14 8 9 14 10 0 15 10 2 15 13 4 15 11 6 15 12 7 15 12 9 15 11 0 16 12 2 16 11 4 16 6 6 16 13 7 16 10 9 16 9 0 17 13 2 17 12 4 17 9 6 17 13 7 17 11 9 17 8 0 18 10 2 18 8 4 18 8 6 18 12 7 18 12 9 18 8 0 19 9 2 19 10 4 19 10 6 19 11 7 19 8 9 19 10
48 166 1 1 1 8 15 11
49 167 20 2 10 8 10 7 9 10 12 8 11 10 9 11 10 8 12 13 9 12 10 8 13 9 9 13 9 8 14 6 9 14 10 8 15 9 9 15 6 8 16 14 9 16 13 8 17 11 9 17 10 8 18 12 9 18 10 8 19 12 9 19 12
