20 50
0 0 20 2 10 2 10 11 7 10 10 2 11 10 7 11 15 2 12 11 7 12 9 2 13 16 7 13 12 2 14 9 7 14 9 2 15 12 7 15 8 2 16 10 7 16 13 2 17 13 7 17 11 2 18 8 7 18 10 2 19 7 7 19 11
1 2 3 3 1 0 14 13 1 14 13 3 14 9
2 4 8 4 3 0 13 9 6 13 11 7 13 11 0 16 10 4 16 11 4 17 7 6 17 16 7 17 11
3 8 60 6 10 1 10 10 3 10 11 5 10 7 6 10 10 7 10 10 9 10 14 1 11 10 3 11 11 5 11 5 6 11 11 7 11 11 9 11 15 1 12 11 3 12 12 5 12 12 6 12 10 7 12 14 9 12 10 1 13 9 3 13 6 5 13 11 6 13 13 7 13 14 9 13 9 1 14 14 3 14 14 5 14 14 6 14 9 7 14 13 9 14 10 1 15 11 3 15 9 5 15 13 6 15 9 7 15 9 9 15 8 1 16 12 3 16 8 5 16 12 6 16 6 7 16 15 9 16 13 1 17 13 3 17 9 5 17 8 6 17 14 7 17 9 9 17 11 1 18 9 3 18 9 5 18 11 6 18 10 7 18 13 9 18 12 1 19 6 3 19 7 5 19 14 6 19 12 7 19 7 9 19 11
4 10 4 4 1 1 13 12 2 13 9 4 13 9 8 13 10
5 11 2 2 1 3 11 10 8 11 9
6 13 6 6 1 2 15 10 3 15 8 4 15 12 5 15 7 8 15 8 9 15 9
7 14 18 6 6 1 10 10 3 10 12 4 10 10 1 11 11 2 11 8 3 11 8 4 11 12 2 13 11 4 13 6 9 13 8 5 15 8 1 16 10 3 16 9 5 16 9 9 16 16 2 19 10 5 19 10 9 19 11
8 17 6 6 2 6 17 12 9 17 13 1 18 10 4 18 10 5 18 13 7 18 10
9 20 40 4 10 4 10 13 5 10 9 6 10 14 7 10 9 4 11 11 5 11 11 6 11 6 7 11 11 4 12 8 5 12 9 6 12 11 7 12 14 4 13 7 5 13 10 6 13 12 7 13 13 4 14 13 5 14 12 6 14 11 7 14 9 4 15 8 5 15 8 6 15 10 7 15 9 4 16 14 5 16 10 6 16 9 7 16 10 4 17 16 5 17 9 6 17 9 7 17 8 4 18 8 5 18 15 6 18 10 7 18 9 4 19 9 5 19 13 6 19 8 7 19 11
10 24 8 4 3 1 13 10 4 13 10 7 13 11 9 13 12 1 14 9 4 14 7 7 16 9 9 16 14
11 27 6 6 2 3 17 9 4 17 12 5 17 7 6 17 10 8 17 9 9 18 11
12 28 24 6 7 0 10 10 2 10 14 5 10 12 7 10 11 8 10 11 0 13 10 2 13 12 5 13 12 7 13 9 8 13 12 0 14 10 8 14 13 9 14 8 0 16 9 8 16 11 9 16 10 2 17 10 5 17 8 9 17 11 2 18 13 5 18 12 7 18 11 7 19 11 9 19 14
13 42 50 5 10 0 10 12 2 10 9 4 10 11 5 10 14 6 10 6 0 11 11 2 11 9 4 11 11 5 11 11 6 11 9 0 12 9 2 12 13 4 12 12 5 12 12 6 12 8 0 13 10 2 13 10 4 13 11 5 13 12 6 13 11 0 14 12 2 14 11 4 14 12 5 14 11 6 14 7 0 15 8 2 15 11 4 15 9 5 15 12 6 15 6 0 16 11 2 16 13 4 16 12 5 16 8 6 16 9 0 17 13 2 17 10 4 17 11 5 17 10 6 17 8 0 18 14 2 18 13 4 18 12 5 18 11 6 18 8 0 19 9 2 19 10 4 19 7 5 19 12 6 19 12
14 43 1 1 1 3 11 9
15 45 6 6 1 1 11 12 2 11 14 4 11 6 6 11 11 8 11 8 9 11 10
16 46 24 4 10 2 10 11 5 10 14 6 10 9 9 10 15 2 11 14 5 11 11 6 11 9 9 11 12 2 12 13 6 12 14 2 13 15 5 13 10 2 14 14 5 14 9 9 14 12 5 15 13 9 15 11 6 16 11 2 17 13 9 17 13 6 18 10 9 18 11 5 19 8 6 19 10
17 47 12 6 3 3 14 14 8 14 9 1 17 14 2 17 13 3 17 9 6 17 10 7 17 10 8 17 13 1 19 8 2 19 12 6 19 11 7 19 10
18 52 18 6 6 6 12 10 8 12 14 0 13 13 7 13 9 8 13 12 1 14 11 7 14 8 0 16 10 1 16 10 5 16 11 6 16 6 8 16 10 5 17 11 7 17 11 0 19 10 1 19 9 5 19 13 6 19 9
19 57 4 4 1 3 15 9 4 15 13 7 15 4 8 15 8
20 59 6 6 1 1 16 12 2 16 6 4 16 8 5 16 7 8 16 12 9 16 13
21 67 6 6 1 2 13 11 4 13 11 6 13 11 7 13 15 8 13 12 9 13 10
22 68 1 1 1 7 17 11
23 71 18 6 6 4 10 10 6 10 13 7 10 10 9 10 12 5 12 10 8 12 12 6 15 9 7 15 14 9 15 10 4 16 9 5 16 9 6 16 9 7 16 8 8 16 15 5 17 14 8 17 9 9 17 10 4 19 11
24 80 4 4 2 2 11 9 9 11 12 0 16 12 1 16 12
25 86 3 3 1 5 18 12 8 18 10 9 18 9
26 89 1 1 1 8 10 12
27 90 3 3 1 0 13 7 5 13 10 6 13 12
28 91 6 6 1 2 16 12 3 16 13 5 16 13 7 16 14 8 16 7 9 16 9
29 95 6 6 1 0 11 9 1 11 11 3 11 8 4 11 12 6 11 13 7 11 8
30 101 10 1 10 6 10 13 6 11 8 6 12 11 6 13 11 6 14 13 6 15 12 6 16 13 6 17 10 6 18 13 6 19 8
31 107 3 3 2 3 12 10 4 15 9 5 15 9
32 114 1 1 1 4 19 11
33 120 12 6 4 1 11 11 3 11 8 7 11 11 3 14 9 5 14 11 8 14 9 9 14 13 5 16 10 8 16 11 9 16 12 1 18 8 7 18 11
34 125 2 2 1 0 12 12 5 12 14
35 127 1 1 1 4 14 13
36 132 1 1 1 3 16 12
37 135 12 6 3 2 12 9 7 12 10 9 12 9 0 13 12 2 13 14 3 13 10 7 13 8 8 13 11 9 13 10 0 18 13 3 18 9 8 18 14
38 137 1 1 1 0 11 12
39 140 2 2 1 0 10 13 1 10 8
40 146 4 4 1 0 16 13 1 16 10 3 16 8 4 16 10
41 149 8 4 3 2 14 13 5 14 10 9 14 11 2 16 7 4 16 12 9 16 15 4 19 11 5 19 10
42 155 6 6 1 2 11 12 3 11 10 4 11 9 6 11 10 7 11 11 8 11 11
43 156 12 6 5 2 10 8 8 10 9 6 11 6 9 11 10 2 13 10 5 13 13 8 13 10 9 13 10 0 15 10 6 15 10 0 19 8 5 19 9
44 159 60 6 10 0 10 7 1 10 15 4 10 6 6 10 9 7 10 14 8 10 12 0 11 10 1 11 10 4 11 12 6 11 13 7 11 14 8 11 10 0 12 9 1 12 10 4 12 10 6 12 12 7 12 13 8 12 8 0 13 10 1 13 6 4 13 13 6 13 10 7 13 10 8 13 9 0 14 11 1 14 11 4 14 8 6 14 15 7 14 10 8 14 7 0 15 10 1 15 11 4 15 11 6 15 11 7 15 15 8 15 8 0 16 12 1 16 11 4 16 9 6 16 7 7 16 10 8 16 11 0 17 8 1 17 12 4 17 13 6 17 10 7 17 11 8 17 9 0 18 12 1 18 12 4 18 12 6 18 9 7 18 8 8 18 9 0 19 10 1 19 9 4 19 8 6 19 10 7 19 10 8 19 9
45 160 4 4 2 2 13 11 3 13 13 0 17 10 4 17 9
46 161 8 4 4 3 10 10 4 10 10 0 11 8 3 11 10 9 17 8 0 19 9 4 19 9 9 19 12
47 163 1 1 1 1 14 10
48 166 2 2 1 4 16 10 6 16 11
49 167 6 6 2 3 10 9 9 10 13 2 13 14 4 13 14 5 13 8 7 13 9
