20 50
0 0 6 6 1 0 16 10 3 16 7 4 16 11 6 16 12 8 16 15 9 16 10
1 2 1 1 1 5 15 11
2 4 2 2 1 6 14 8 7 14 8
3 8 6 6 1 0 14 7 2 14 11 3 14 11 6 14 8 7 14 13 8 14 12
4 10 6 6 2 1 10 9 6 10 9 0 18 12 2 18 8 3 18 11 7 18 11
5 11 3 3 1 2 14 12 3 14 11 8 14 11
6 13 3 3 1 0 19 11 4 19 11 5 19 12
7 14 30 3 10 0 10 13 5 10 14 9 10 10 0 11 10 5 11 12 9 11 8 0 12 6 5 12 9 9 12 11 0 13 11 5 13 12 9 13 12 0 14 10 5 14 11 9 14 12 0 15 10 5 15 13 9 15 13 0 16 8 5 16 11 9 16 12 0 17 12 5 17 11 9 17 13 0 18 13 5 18 14 9 18 10 0 19 11 5 19 11 9 19 12
8 17 6 6 1 0 15 9 3 15 7 4 15 12 5 15 13 7 15 12 9 15 9
9 20 3 3 1 5 18 11 6 18 13 8 18 11
10 24 60 6 10 1 10 7 2 10 11 4 10 15 5 10 8 6 10 8 8 10 11 1 11 7 2 11 9 4 11 14 5 11 8 6 11 7 8 11 8 1 12 12 2 12 10 4 12 10 5 12 10 6 12 12 8 12 9 1 13 7 2 13 12 4 13 12 5 13 5 6 13 11 8 13 11 1 14 10 2 14 10 4 14 9 5 14 11 6 14 7 8 14 12 1 15 10 2 15 9 4 15 12 5 15 8 6 15 11 8 15 12 1 16 11 2 16 13 4 16 10 5 16 12 6 16 11 8 16 14 1 17 12 2 17 8 4 17 10 5 17 14 6 17 10 8 17 11 1 18 8 2 18 10 4 18 9 5 18 9 6 18 15 8 18 10 1 19 9 2 19 9 4 19 10 5 19 12 6 19 9 8 19 12
11 27 12 6 4 3 11 8 4 11 9 1 12 9 3 12 10 4 12 12 6 12 11 2 17 10 5 17 11 6 17 8 1 19 11 2 19 14 5 19 8
12 28 3 3 1 0 17 8 1 17 12 2 17 12
13 42 5 5 2 7 11 9 8 11 11 9 11 10 3 15 8 4 15 10
14 43 12 6 4 3 11 8 5 11 6 0 16 15 3 16 12 4 16 14 0 17 6 1 17 10 5 17 10 7 17 8 1 19 9 4 19 13 7 19 14
15 45 6 3 3 2 10 12 2 13 13 7 13 9 8 13 10 7 14 11 8 14 13
16 46 3 3 1 2 10 6 3 10 10 9 10 13
17 47 2 2 2 6 11 9 9 16 10
18 52 18 6 5 2 10 10 7 10 11 9 10 10 0 11 7 1 11 12 7 11 7 8 11 9 9 11 11 0 17 11 1 17 15 8 17 13 9 17 12 0 18 10 1 18 9 2 18 13 8 18 12 2 19 10 7 19 10
19 57 1 1 1 3 14 11
20 59 20 2 10 1 10 8 4 10 10 1 11 12 4 11 11 1 12 7 4 12 14 1 13 12 4 13 8 1 14 10 4 14 9 1 15 9 4 15 11 1 16 11 4 16 13 1 17 10 4 17 9 1 18 10 4 18 13 1 19 12 4 19 11
21 67 12 6 4 2 11 11 3 11 11 7 11 14 8 11 12 2 14 12 8 14 8 9 14 10 3 18 11 5 18 8 7 18 13 9 18 10 5 19 13
22 68 1 1 1 9 10 9
23 71 10 5 4 1 14 10 9 14 9 0 15 12 2 15 9 5 15 8 1 16 9 2 16 11 0 18 7 5 18 11 9 18 10
24 80 24 6 7 6 10 6 7 10 7 8 10 11 4 12 11 5 12 11 6 12 9 8 12 13 9 12 12 4 14 11 5 14 12 6 14 13 7 14 13 9 14 10 7 15 9 9 15 9 4 16 9 5 16 10 8 16 11 4 17 9 7 17 7 9 17 12 5 19 11 6 19 8 8 19 11
25 86 2 2 1 0 15 10 1 15 9
26 89 3 3 1 0 11 7 4 11 12 5 11 9
27 90 12 6 5 0 10 10 2 10 11 0 11 11 1 11 10 1 12 6 3 12 15 4 12 11 3 13 14 9 13 11 2 18 13 4 18 11 9 18 9
28 91 21 3 10 5 10 11 6 10 12 6 11 7 7 11 8 5 12 11 6 12 12 5 13 4 6 13 13 7 13 12 7 14 10 5 15 11 7 15 9 5 16 11 7 16 10 5 17 7 6 17 10 7 17 8 5 18 11 6 18 12 6 19 11 7 19 9
29 95 2 2 1 0 13 9 1 13 10
30 101 20 2 10 0 10 11 5 10 11 0 11 11 5 11 8 0 12 13 5 12 11 0 13 12 5 13 8 0 14 11 5 14 13 0 15 7 5 15 14 0 16 10 5 16 13 0 17 11 5 17 10 0 18 11 5 18 10 0 19 11 5 19 11
31 107 2 2 1 2 17 10 9 17 11
32 114 24 6 7 0 10 13 2 10 12 5 10 10 7 10 12 3 11 9 5 11 4 8 11 12 0 13 9 3 13 10 2 14 9 3 14 10 5 14 7 2 15 11 7 15 12 8 15 10 0 16 8 7 16 11 8 16 15 0 18 10 2 18 11 3 18 12 5 18 11 7 18 13 8 18 9
33 120 2 2 1 1 12 8 3 12 10
34 125 24 6 7 4 11 10 6 11 8 0 13 12 5 13 8 7 13 10 4 14 13 7 14 12 9 14 6 4 15 12 5 15 8 6 15 12 9 15 10 0 17 10 5 17 11 6 17 12 0 18 11 4 18 13 6 18 11 7 18 9 9 18 7 0 19 9 5 19 7 7 19 11 9 19 8
35 127 12 4 4 2 10 10 3 10 9 6 10 14 8 10 11 2 13 10 6 13 10 2 14 9 3 14 13 8 14 10 3 16 7 6 16 10 8 16 15
36 132 20 2 10 0 10 8 5 10 12 0 11 12 5 11 10 0 12 11 5 12 11 0 13 10 5 13 10 0 14 12 5 14 11 0 15 12 5 15 12 0 16 12 5 16 12 0 17 12 5 17 10 0 18 12 5 18 11 0 19 9 5 19 10
37 135 20 2 10 4 10 9 8 10 15 4 11 12 8 11 12 4 12 9 8 12 11 4 13 9 8 13 12 4 14 10 8 14 14 4 15 10 8 15 10 4 16 10 8 16 11 4 17 6 8 17 10 4 18 12 8 18 12 4 19 9 8 19 11
38 137 6 6 2 3 12 15 5 12 9 9 12 11 4 13 7 6 13 14 8 13 9
39 140 24 6 7 2 10 9 3 10 9 6 10 6 9 10 11 3 12 11 8 12 7 0 14 9 2 14 7 3 14 4 6 14 13 8 14 8 0 15 7 3 15 8 6 15 12 8 15 13 9 15 10 0 17 9 2 17 8 9 17 13 2 18 9 6 18 11 0 19 8 8 19 8 9 19 8
40 146 1 1 1 0 13 11
41 149 6 6 3 6 15 7 9 15 10 2 16 13 4 16 13 0 17 11 8 17 10
42 155 2 2 1 0 12 12 7 12 12
43 156 4 4 1 3 15 11 5 15 13 8 15 9 9 15 10
44 159 3 3 1 0 15 9 4 15 9 7 15 9
45 160 20 2 10 4 10 8 8 10 9 4 11 10 8 11 10 4 12 9 8 12 10 4 13 10 8 13 13 4 14 12 8 14 10 4 15 9 8 15 9 4 16 12 8 16 10 4 17 14 8 17 11 4 18 9 8 18 11 4 19 11 8 19 10
46 161 20 2 10 5 10 11 6 10 8 5 11 8 6 11 11 5 12 11 6 12 11 5 13 11 6 13 13 5 14 13 6 14 9 5 15 12 6 15 10 5 16 9 6 16 14 5 17 10 6 17 9 5 18 10 6 18 14 5 19 10 6 19 11
47 163 5 5 1 1 15 10 5 15 9 6 15 15 7 15 11 9 15 12
48 166 12 6 4 2 11 9 4 11 12 6 11 10 8 11 11 0 12 10 2 12 10 3 12 9 6 12 11 8 12 9 0 13 9 4 13 9 3 14 14
49 167 1 1 1 7 11 8
