20 50
0 0 60 6 10 0 10 13 2 10 12 5 10 9 6 10 10 8 10 12 9 10 12 0 11 11 2 11 10 5 11 12 6 11 14 8 11 9 9 11 12 0 12 8 2 12 14 5 12 12 6 12 11 8 12 8 9 12 12 0 13 9 2 13 10 5 13 8 6 13 13 8 13 12 9 13 11 0 14 14 2 14 10 5 14 9 6 14 9 8 14 9 9 14 9 0 15 7 2 15 11 5 15 9 6 15 9 8 15 10 9 15 9 0 16 10 2 16 10 5 16 16 6 16 14 8 16 13 9 16 9 0 17 15 2 17 11 5 17 10 6 17 10 8 17 11 9 17 10 0 18 14 2 18 9 5 18 8 6 18 11 8 18 11 9 18 9 0 19 15 2 19 13 5 19 8 6 19 8 8 19 12 9 19 13
1 2 15 5 6 4 12 9 8 12 9 2 14 15 7 14 8 8 14 10 4 15 10 5 15 10 8 15 8 2 16 10 7 16 11 4 18 11 5 18 10 7 18 11 2 19 8 5 19 13
2 4 6 3 3 2 10 9 4 10 9 5 10 10 2 16 10 4 16 12 5 18 9
3 8 3 3 1 5 10 10 6 10 15 7 10 11
4 10 2 2 1 1 10 11 8 10 11
5 11 60 6 10 2 10 10 3 10 10 5 10 9 6 10 10 8 10 12 9 10 10 2 11 12 3 11 13 5 11 10 6 11 8 8 11 13 9 11 11 2 12 11 3 12 12 5 12 9 6 12 11 8 12 8 9 12 12 2 13 13 3 13 10 5 13 10 6 13 12 8 13 9 9 13 9 2 14 11 3 14 11 5 14 13 6 14 10 8 14 9 9 14 15 2 15 10 3 15 11 5 15 7 6 15 10 8 15 14 9 15 8 2 16 12 3 16 12 5 16 9 6 16 11 8 16 13 9 16 12 2 17 10 3 17 12 5 17 9 6 17 10 8 17 10 9 17 8 2 18 11 3 18 9 5 18 11 6 18 10 8 18 10 9 18 9 2 19 12 3 19 9 5 19 5 6 19 10 8 19 11 9 19 10
6 13 4 4 1 0 18 10 2 18 16 3 18 11 8 18 7
7 14 6 6 1 0 10 9 3 10 11 5 10 12 7 10 7 8 10 12 9 10 7
8 17 3 3 1 0 13 9 2 13 12 4 13 10
9 20 6 6 1 0 15 12 2 15 7 3 15 9 5 15 10 6 15 12 7 15 10
10 24 20 2 10 6 10 10 7 10 11 6 11 12 7 11 13 6 12 8 7 12 9 6 13 9 7 13 11 6 14 12 7 14 9 6 15 11 7 15 11 6 16 11 7 16 12 6 17 13 7 17 9 6 18 12 7 18 11 6 19 10 7 19 10
11 27 24 6 7 1 11 11 4 11 9 0 12 12 1 12 9 7 12 5 9 12 11 0 15 11 5 15 11 9 15 10 0 16 6 5 16 11 7 16 9 9 16 11 1 17 11 4 17 9 5 17 7 7 17 11 4 18 12 0 19 10 1 19 10 4 19 9 5 19 12 7 19 7 9 19 10
12 28 6 3 3 1 15 7 5 16 13 9 16 12 1 18 10 5 18 16 9 18 12
13 42 3 3 2 2 14 13 3 14 10 5 15 10
14 43 3 3 1 1 14 10 6 14 9 8 14 14
15 45 3 3 1 2 13 11 4 13 8 5 13 10
16 46 8 4 4 4 12 7 9 12 10 1 15 13 7 15 10 4 16 13 7 16 12 9 16 10 1 19 14
17 47 30 3 10 1 10 7 8 10 9 9 10 9 1 11 11 8 11 9 9 11 10 1 12 9 8 12 12 9 12 12 1 13 10 8 13 13 9 13 9 1 14 11 8 14 10 9 14 11 1 15 10 8 15 9 9 15 9 1 16 10 8 16 9 9 16 13 1 17 9 8 17 12 9 17 13 1 18 16 8 18 14 9 18 13 1 19 13 8 19 11 9 19 11
18 52 2 2 1 0 13 13 5 13 11
19 57 12 6 3 0 11 10 3 11 12 4 11 12 7 11 6 1 15 12 4 15 9 5 15 12 0 19 12 1 19 9 3 19 10 5 19 13 7 19 11
20 59 1 1 1 6 11 10
21 67 2 2 1 3 18 8 5 18 11
22 68 12 4 5 3 10 10 3 11 10 0 12 12 3 12 10 6 12 13 8 12 10 0 14 10 6 14 10 8 14 9 0 16 11 6 16 11 8 16 13
23 71 2 2 1 7 12 9 8 12 10
24 80 2 2 1 3 11 11 4 11 10
25 86 2 2 1 0 10 10 2 10 11
26 89 60 6 10 0 10 12 2 10 12 3 10 7 4 10 10 5 10 12 8 10 8 0 11 13 2 11 11 3 11 7 4 11 14 5 11 9 8 11 12 0 12 8 2 12 11 3 12 9 4 12 11 5 12 11 8 12 10 0 13 11 2 13 8 3 13 9 4 13 12 5 13 12 8 13 12 0 14 10 2 14 7 3 14 8 4 14 11 5 14 8 8 14 8 0 15 14 2 15 11 3 15 8 4 15 11 5 15 9 8 15 8 0 16 8 2 16 10 3 16 10 4 16 12 5 16 10 8 16 6 0 17 10 2 17 12 3 17 12 4 17 13 5 17 13 8 17 11 0 18 11 2 18 10 3 18 9 4 18 8 5 18 13 8 18 13 0 19 13 2 19 13 3 19 9 4 19 10 5 19 10 8 19 8
27 90 18 6 5 0 11 9 2 11 9 3 11 12 7 11 13 9 11 9 0 12 11 2 12 13 3 12 11 5 14 12 7 14 8 9 14 10 2 17 11 3 17 11 5 17 11 0 18 11 5 18 8 7 18 12 9 18 8
28 91 2 2 1 3 19 8 6 19 10
29 95 18 6 5 0 12 7 3 12 8 6 12 12 8 12 11 0 13 11 3 13 9 4 13 12 5 13 10 8 13 9 5 15 10 8 15 12 3 16 11 4 16 11 6 16 11 0 19 12 4 19 13 5 19 11 6 19 10
30 101 3 3 2 4 11 10 5 11 13 0 14 8
31 107 2 2 1 5 11 15 9 11 15
32 114 18 6 6 1 10 9 9 10 9 0 11 10 1 11 8 7 11 11 8 11 11 9 11 11 5 14 9 8 14 13 0 15 9 5 15 8 7 15 15 0 17 11 1 17 10 5 17 13 7 17 11 8 17 13 9 18 9
33 120 1 1 1 5 14 12
34 125 6 6 1 0 11 12 1 11 12 3 11 13 5 11 11 6 11 8 8 11 11
35 127 2 2 2 8 16 13 4 17 12
36 132 6 6 1 2 12 10 3 12 9 4 12 11 5 12 10 7 12 14 8 12 14
37 135 1 1 1 2 16 11
38 137 6 6 3 0 11 9 1 11 12 8 11 12 9 11 9 7 13 11 4 18 9
39 140 2 2 1 3 15 13 9 15 13
40 146 1 1 1 7 13 11
41 149 20 2 10 4 10 12 6 10 11 4 11 13 6 11 13 4 12 12 6 12 10 4 13 11 6 13 8 4 14 9 6 14 12 4 15 14 6 15 10 4 16 9 6 16 6 4 17 12 6 17 12 4 18 8 6 18 11 4 19 9 6 19 14
42 155 6 6 1 2 12 9 3 12 9 6 12 11 7 12 11 8 12 8 9 12 11
43 156 24 6 7 3 10 12 5 10 10 6 10 10 9 10 13 0 11 9 3 11 13 5 11 9 6 11 11 9 11 12 3 13 8 2 14 10 5 14 10 6 14 9 0 17 9 2 17 11 6 17 10 0 18 11 2 18 10 3 18 9 5 18 7 9 18 10 0 19 12 2 19 9 9 19 8
44 159 3 3 2 4 17 13 0 19 10 1 19 15
45 160 2 2 1 1 11 11 6 11 8
46 161 6 6 2 2 10 7 3 13 10 4 13 9 7 13 7 8 13 9 9 13 8
47 163 18 6 5 0 11 10 4 11 10 6 11 9 1 12 13 4 12 11 6 12 10 9 12 6 0 14 10 1 14 11 3 14 10 9 14 8 1 18 10 3 18 8 4 18 13 6 18 11 9 18 12 0 19 9 3 19 10
48 166 1 1 1 6 16 8
49 167 18 6 6 2 11 11 6 11 7 8 11 13 9 11 9 0 12 14 2 12 11 9 12 11 0 13 10 1 13 10 6 13 8 8 13 9 1 15 12 2 15 10 9 16 11 0 19 11 1 19 11 6 19 13 8 19 12
