20 50
0 0 1 1 1 3 16 9
1 2 24 6 7 0 10 7 1 10 7 7 10 11 1 11 13 2 11 11 7 11 8 8 11 7 0 12 9 1 12 10 7 12 12 0 15 9 6 15 9 8 15 13 2 16 12 6 16 11 7 16 9 2 17 10 6 17 14 8 17 12 0 19 10 1 19 9 2 19 8 6 19 7 8 19 8
2 4 2 2 1 4 15 12 9 15 10
3 8 60 6 10 1 10 13 3 10 7 4 10 12 5 10 13 6 10 13 8 10 8 1 11 10 3 11 9 4 11 12 5 11 10 6 11 10 8 11 12 1 12 11 3 12 11 4 12 11 5 12 10 6 12 10 8 12 11 1 13 8 3 13 13 4 13 15 5 13 10 6 13 9 8 13 12 1 14 8 3 14 13 4 14 12 5 14 11 6 14 9 8 14 7 1 15 13 3 15 12 4 15 7 5 15 11 6 15 11 8 15 13 1 16 12 3 16 8 4 16 12 5 16 11 6 16 12 8 16 11 1 17 8 3 17 14 4 17 11 5 17 7 6 17 11 8 17 9 1 18 9 3 18 11 4 18 14 5 18 12 6 18 12 8 18 11 1 19 11 3 19 12 4 19 16 5 19 6 6 19 14 8 19 13
4 10 2 2 1 6 14 11 7 14 12
5 11 3 3 1 3 10 10 4 10 10 6 10 10
6 13 12 6 3 0 13 9 1 13 12 3 13 10 7 13 13 2 14 10 8 14 11 0 17 9 1 17 10 2 17 9 3 17 10 7 17 11 8 17 10
7 14 2 2 1 3 11 9 8 11 14
8 17 2 2 1 0 19 11 6 19 8
9 20 48 6 10 0 10 12 2 10 12 5 10 15 6 10 12 8 10 10 9 10 13 0 11 10 2 11 13 5 11 10 0 12 11 2 12 11 6 12 11 8 12 12 9 12 8 0 13 8 5 13 16 8 13 7 9 13 10 0 14 7 2 14 8 5 14 11 6 14 17 8 14 12 0 15 10 2 15 10 6 15 6 9 15 9 2 16 9 5 16 13 6 16 11 8 16 8 9 16 11 0 17 10 2 17 12 5 17 10 6 17 15 8 17 12 9 17 13 2 18 9 5 18 11 6 18 14 8 18 10 9 18 10 0 19 11 5 19 7 6 19 10 8 19 9 9 19 13
10 24 6 6 2 1 15 13 2 15 12 3 15 8 6 15 12 7 15 12 4 17 13
11 27 60 6 10 0 10 9 1 10 9 3 10 8 4 10 7 5 10 12 7 10 11 0 11 9 1 11 10 3 11 11 4 11 12 5 11 10 7 11 9 0 12 10 1 12 12 3 12 12 4 12 10 5 12 14 7 12 12 0 13 9 1 13 7 3 13 10 4 13 10 5 13 9 7 13 10 0 14 11 1 14 10 3 14 9 4 14 10 5 14 11 7 14 13 0 15 10 1 15 10 3 15 9 4 15 11 5 15 11 7 15 13 0 16 10 1 16 9 3 16 9 4 16 13 5 16 12 7 16 11 0 17 10 1 17 7 3 17 12 4 17 12 5 17 13 7 17 14 0 18 12 1 18 10 3 18 10 4 18 10 5 18 11 7 18 11 0 19 10 1 19 10 3 19 14 4 19 10 5 19 11 7 19 10
12 28 6 3 3 2 11 12 0 16 10 8 16 10 0 18 7 2 18 14 8 18 9
13 42 24 6 7 0 10 9 5 10 11 6 10 9 9 10 12 0 12 11 2 12 9 3 12 11 6 12 14 5 13 12 6 13 17 9 13 12 0 14 14 2 14 11 3 14 12 2 15 8 3 15 12 5 15 10 9 15 8 2 17 7 3 17 12 6 17 13 0 19 12 5 19 6 9 19 13
14 43 6 3 3 2 10 11 8 10 12 5 12 9 2 15 10 5 15 10 8 15 11
15 45 2 2 1 2 18 8 5 18 10
16 46 3 3 2 2 14 12 1 15 11 5 15 10
17 47 50 5 10 1 10 12 4 10 10 5 10 7 8 10 8 9 10 9 1 11 12 4 11 7 5 11 9 8 11 10 9 11 6 1 12 10 4 12 10 5 12 13 8 12 13 9 12 12 1 13 11 4 13 14 5 13 10 8 13 9 9 13 9 1 14 6 4 14 11 5 14 12 8 14 8 9 14 13 1 15 11 4 15 10 5 15 11 8 15 12 9 15 13 1 16 13 4 16 14 5 16 9 8 16 13 9 16 10 1 17 13 4 17 9 5 17 10 8 17 9 9 17 12 1 18 10 4 18 10 5 18 12 8 18 9 9 18 11 1 19 10 4 19 9 5 19 11 8 19 8 9 19 8
18 52 8 4 4 6 10 11 9 10 10 1 11 11 6 11 11 1 12 9 7 12 9 7 17 12 9 17 9
19 57 5 5 3 3 11 10 7 11 7 4 12 13 6 12 10 1 14 11
20 59 1 1 1 3 19 10
21 67 5 5 1 0 11 10 1 11 7 2 11 12 3 11 8 4 11 10
22 68 5 5 1 5 18 9 6 18 11 7 18 11 8 18 13 9 18 13
23 71 12 6 4 0 10 9 5 10 15 2 13 11 9 13 10 0 15 9 3 15 11 4 15 13 2 16 8 3 16 13 4 16 10 5 16 8 9 16 6
24 80 2 2 1 0 13 9 8 13 13
25 86 12 4 4 0 10 11 1 10 10 3 10 13 6 10 8 0 13 13 1 13 8 3 13 10 1 15 15 3 15 9 6 15 16 0 16 9 6 16 12
26 89 1 1 1 8 12 12
27 90 30 3 10 2 10 15 5 10 7 6 10 14 2 11 13 5 11 9 6 11 11 2 12 8 5 12 10 6 12 10 2 13 9 5 13 10 6 13 11 2 14 13 5 14 10 6 14 11 2 15 7 5 15 15 6 15 9 2 16 12 5 16 8 6 16 12 2 17 9 5 17 13 6 17 10 2 18 11 5 18 12 6 18 9 2 19 13 5 19 12 6 19 8
28 91 20 2 10 4 10 7 8 10 11 4 11 12 8 11 12 4 12 11 8 12 12 4 13 12 8 13 13 4 14 7 8 14 10 4 15 14 8 15 9 4 16 10 8 16 9 4 17 12 8 17 10 4 18 8 8 18 8 4 19 11 8 19 14
29 95 12 6 3 0 12 9 1 12 10 2 12 11 3 12 10 6 12 10 9 12 12 0 16 10 2 16 11 3 16 9 9 16 13 1 19 11 6 19 13
30 101 1 1 1 6 15 11
31 107 3 3 1 2 16 10 3 16 12 5 16 11
32 114 3 3 1 1 14 14 2 14 11 3 14 10
33 120 18 6 5 2 10 14 4 10 11 5 10 11 6 10 7 7 10 12 2 11 12 3 11 10 4 11 9 5 11 7 7 11 11 2 12 11 3 12 8 5 12 14 3 14 10 6 14 9 7 14 12 4 16 12 6 16 15
34 125 2 2 2 8 15 14 1 18 12
35 127 9 3 5 4 10 12 9 10 8 7 11 10 9 11 11 7 12 12 4 15 10 7 15 11 4 16 10 9 16 11
36 132 3 3 1 2 11 13 6 11 11 8 11 11
37 135 12 6 4 0 12 12 2 12 14 3 12 7 1 13 11 4 13 9 8 13 12 0 14 9 2 14 8 1 16 8 3 16 11 4 16 9 8 16 13
38 137 6 6 1 0 17 13 2 17 8 4 17 12 5 17 10 6 17 11 8 17 9
39 140 12 6 4 1 10 11 0 15 12 2 15 13 3 15 10 6 15 10 0 17 12 1 17 12 2 17 14 7 17 11 3 19 9 6 19 8 7 19 9
40 146 12 6 4 1 11 15 3 11 13 7 11 10 0 13 11 1 13 14 2 13 6 0 15 10 2 15 13 5 15 10 3 19 12 5 19 14 7 19 8
41 149 18 6 6 1 11 10 7 11 11 8 11 10 3 12 8 4 12 10 5 12 10 7 12 9 1 13 9 3 13 12 4 13 13 8 13 11 5 14 9 7 14 11 3 15 9 4 15 10 5 15 11 8 15 11 1 17 10
42 155 3 3 2 3 11 11 2 15 9 8 15 14
43 156 24 6 7 2 10 11 1 12 12 2 12 10 6 12 8 7 12 11 8 12 10 1 13 13 3 13 10 6 13 8 7 13 10 1 15 13 7 15 11 1 17 15 3 17 8 6 17 10 7 17 13 8 17 12 2 18 10 3 18 11 8 18 13 2 19 8 3 19 12 6 19 12 8 19 9
44 159 50 5 10 0 10 11 1 10 11 2 10 12 3 10 9 5 10 10 0 11 6 1 11 12 2 11 12 3 11 9 5 11 6 0 12 10 1 12 10 2 12 12 3 12 11 5 12 11 0 13 12 1 13 8 2 13 12 3 13 12 5 13 12 0 14 10 1 14 14 2 14 12 3 14 13 5 14 9 0 15 12 1 15 12 2 15 10 3 15 8 5 15 5 0 16 6 1 16 8 2 16 13 3 16 12 5 16 14 0 17 12 1 17 12 2 17 12 3 17 11 5 17 11 0 18 12 1 18 13 2 18 13 3 18 14 5 18 9 0 19 11 1 19 10 2 19 13 3 19 8 5 19 14
45 160 6 3 2 1 12 14 2 12 8 4 12 14 1 18 13 2 18 10 4 18 10
46 161 4 4 2 0 12 13 9 12 12 1 19 7 6 19 14
47 163 24 6 7 3 11 7 8 11 10 9 11 9 2 13 12 6 13 9 8 13 11 0 14 10 6 14 10 8 14 13 2 16 10 3 16 12 9 16 11 0 17 10 2 17 10 3 17 10 8 17 12 9 17 10 0 18 12 6 18 15 0 19 5 2 19 12 3 19 11 6 19 7 9 19 11
48 166 1 1 1 4 13 13
49 167 20 2 10 7 10 12 8 10 8 7 11 10 8 11 13 7 12 12 8 12 11 7 13 14 8 13 6 7 14 14 8 14 8 7 15 11 8 15 12 7 16 9 8 16 11 7 17 9 8 17 11 7 18 9 8 18 14 7 19 11 8 19 9
