20 50
0 0 60 6 10 1 10 13 2 10 10 3 10 10 5 10 7 7 10 13 9 10 8 1 11 10 2 11 12 3 11 8 5 11 10 7 11 11 9 11 14 1 12 10 2 12 10 3 12 9 5 12 9 7 12 13 9 12 11 1 13 6 2 13 8 3 13 8 5 13 9 7 13 10 9 13 11 1 14 11 2 14 8 3 14 10 5 14 13 7 14 9 9 14 10 1 15 9 2 15 6 3 15 8 5 15 11 7 15 13 9 15 8 1 16 12 2 16 11 3 16 7 5 16 10 7 16 9 9 16 13 1 17 11 2 17 10 3 17 9 5 17 9 7 17 12 9 17 12 1 18 11 2 18 14 3 18 14 5 18 10 7 18 10 9 18 11 1 19 6 2 19 8 3 19 10 5 19 10 7 19 8 9 19 8
1 2 1 1 1 3 19 11
2 4 18 6 5 1 15 10 9 15 12 0 16 14 1 16 9 6 16 12 8 16 12 9 16 11 4 17 11 6 17 11 8 17 11 0 18 8 4 18 9 6 18 10 8 18 12 9 18 11 0 19 10 1 19 10 4 19 11
3 8 3 3 1 1 15 9 3 15 11 6 15 13
4 10 4 4 1 1 12 10 3 12 12 6 12 14 7 12 8
5 11 24 6 7 1 10 11 6 10 11 1 11 7 5 11 16 6 11 13 8 11 15 9 11 10 1 12 12 5 12 12 8 12 14 9 12 10 0 16 8 5 16 11 6 16 7 9 16 11 0 17 8 1 17 11 8 17 12 0 18 12 6 18 10 9 18 14 0 19 5 5 19 9 8 19 8
6 13 3 3 1 2 10 11 3 10 7 5 10 11
7 14 18 6 5 0 11 9 4 11 10 9 11 12 3 12 13 1 14 9 3 14 11 4 14 11 5 14 14 0 16 12 1 16 12 5 16 10 9 16 9 0 17 12 1 17 8 3 17 12 4 17 8 5 17 9 9 17 12
8 17 1 1 1 9 17 8
9 20 5 5 3 9 13 13 1 15 8 2 15 11 0 16 12 7 16 12
10 24 4 4 2 1 12 7 0 19 8 5 19 12 7 19 10
11 27 60 6 10 1 10 9 2 10 10 4 10 12 5 10 7 6 10 13 7 10 12 1 11 12 2 11 9 4 11 12 5 11 13 6 11 12 7 11 8 1 12 11 2 12 12 4 12 14 5 12 7 6 12 11 7 12 9 1 13 11 2 13 11 4 13 8 5 13 11 6 13 10 7 13 13 1 14 10 2 14 12 4 14 11 5 14 9 6 14 13 7 14 9 1 15 9 2 15 8 4 15 8 5 15 12 6 15 9 7 15 10 1 16 12 2 16 13 4 16 8 5 16 7 6 16 12 7 16 10 1 17 12 2 17 12 4 17 12 5 17 7 6 17 7 7 17 12 1 18 11 2 18 13 4 18 10 5 18 9 6 18 12 7 18 11 1 19 12 2 19 10 4 19 12 5 19 12 6 19 11 7 19 12
12 28 6 6 1 0 18 11 1 18 12 2 18 11 4 18 8 8 18 12 9 18 12
13 42 1 1 1 0 13 12
14 43 6 6 3 0 12 11 6 12 13 1 16 9 5 16 11 3 17 11 8 17 10
15 45 24 6 8 1 10 9 4 10 9 8 12 8 2 13 8 3 13 12 4 13 12 6 13 11 8 13 11 2 14 8 3 14 11 4 14 14 6 14 12 8 14 7 1 15 10 6 15 8 8 15 10 1 16 6 3 16 11 1 17 9 2 17 10 3 17 11 2 18 12 4 18 10 6 18 12
16 46 18 6 6 2 10 9 3 10 11 7 10 8 2 12 10 7 12 10 9 12 8 1 13 9 2 13 12 3 13 9 8 13 11 3 14 14 7 14 8 8 14 13 9 14 11 1 16 9 8 16 10 9 16 10 1 19 9
17 47 50 5 10 1 10 9 3 10 9 5 10 9 7 10 12 8 10 10 1 11 7 3 11 13 5 11 11 7 11 10 8 11 12 1 12 10 3 12 10 5 12 8 7 12 12 8 12 8 1 13 8 3 13 12 5 13 7 7 13 15 8 13 10 1 14 12 3 14 10 5 14 9 7 14 11 8 14 5 1 15 14 3 15 12 5 15 13 7 15 9 8 15 12 1 16 10 3 16 10 5 16 9 7 16 11 8 16 11 1 17 11 3 17 9 5 17 13 7 17 10 8 17 7 1 18 7 3 18 11 5 18 11 7 18 11 8 18 12 1 19 15 3 19 10 5 19 10 7 19 11 8 19 6
18 52 6 6 2 0 12 12 4 12 11 5 12 13 9 12 10 3 14 13 6 14 12
19 57 12 6 4 8 12 10 3 13 10 7 13 12 8 13 11 0 15 11 2 15 8 4 15 11 7 15 14 0 17 12 2 17 13 3 17 13 4 17 9
20 59 6 6 1 0 19 10 1 19 9 2 19 9 5 19 15 7 19 10 9 19 10
21 67 3 3 1 0 13 16 4 13 8 6 13 8
22 68 24 6 7 0 10 11 4 10 10 5 10 15 6 10 10 9 10 15 0 11 13 6 11 11 8 11 8 4 12 8 0 14 8 5 14 8 8 14 12 5 17 11 6 17 10 9 17 9 4 18 12 6 18 12 8 18 15 9 18 10 0 19 10 4 19 12 5 19 10 8 19 9 9 19 10
23 71 2 2 2 6 10 14 4 19 8
24 80 3 3 1 1 11 13 7 11 9 9 11 7
25 86 18 6 6 2 10 8 5 10 8 7 10 12 3 11 11 9 11 6 2 13 11 3 13 12 6 13 12 7 13 10 9 13 11 3 17 12 5 17 14 6 17 11 2 18 15 6 18 13 5 19 11 7 19 9 9 19 14
26 89 24 6 7 2 10 9 4 10 10 5 10 12 9 10 10 2 12 9 4 12 13 5 12 13 8 12 12 3 13 9 4 13 13 8 13 9 5 14 11 9 14 12 3 15 9 5 15 10 8 15 11 9 15 11 2 18 9 3 18 10 4 18 9 8 18 10 2 19 10 3 19 11 9 19 10
27 90 60 6 10 1 10 10 3 10 11 5 10 10 6 10 10 8 10 11 9 10 9 1 11 9 3 11 9 5 11 10 6 11 10 8 11 10 9 11 13 1 12 9 3 12 10 5 12 10 6 12 3 8 12 9 9 12 9 1 13 12 3 13 9 5 13 9 6 13 6 8 13 11 9 13 7 1 14 13 3 14 8 5 14 12 6 14 12 8 14 11 9 14 11 1 15 12 3 15 10 5 15 10 6 15 8 8 15 11 9 15 8 1 16 9 3 16 13 5 16 5 6 16 9 8 16 11 9 16 12 1 17 9 3 17 8 5 17 16 6 17 8 8 17 10 9 17 10 1 18 7 3 18 11 5 18 10 6 18 13 8 18 6 9 18 9 1 19 9 3 19 10 5 19 11 6 19 13 8 19 10 9 19 9
28 91 3 3 2 4 11 14 6 15 12 8 15 12
29 95 12 6 4 0 15 12 3 15 11 8 15 9 9 15 14 0 17 11 3 17 9 5 17 9 2 18 9 5 18 10 9 18 12 2 19 10 8 19 10
30 101 12 6 4 1 11 12 0 13 10 3 13 10 6 13 13 8 13 14 0 15 9 2 15 13 3 15 11 8 15 15 1 18 11 2 18 12 6 18 12
31 107 60 6 10 1 10 9 2 10 10 3 10 5 6 10 11 7 10 10 8 10 8 1 11 9 2 11 10 3 11 10 6 11 6 7 11 8 8 11 10 1 12 11 2 12 10 3 12 9 6 12 11 7 12 10 8 12 13 1 13 10 2 13 12 3 13 11 6 13 10 7 13 14 8 13 8 1 14 10 2 14 9 3 14 13 6 14 12 7 14 10 8 14 9 1 15 9 2 15 11 3 15 8 6 15 13 7 15 10 8 15 10 1 16 11 2 16 10 3 16 11 6 16 11 7 16 10 8 16 9 1 17 14 2 17 9 3 17 8 6 17 9 7 17 9 8 17 8 1 18 11 2 18 9 3 18 13 6 18 6 7 18 9 8 18 12 1 19 14 2 19 10 3 19 9 6 19 10 7 19 12 8 19 10
32 114 3 3 1 4 10 10 7 10 8 8 10 7
33 120 2 2 1 3 18 8 6 18 12
34 125 3 3 1 2 10 13 5 10 11 8 10 9
35 127 60 6 10 1 10 12 2 10 6 3 10 13 6 10 9 7 10 7 9 10 9 1 11 11 2 11 8 3 11 10 6 11 13 7 11 10 9 11 10 1 12 10 2 12 11 3 12 12 6 12 10 7 12 9 9 12 11 1 13 12 2 13 10 3 13 11 6 13 8 7 13 12 9 13 6 1 14 12 2 14 10 3 14 9 6 14 14 7 14 9 9 14 12 1 15 10 2 15 12 3 15 11 6 15 12 7 15 10 9 15 10 1 16 10 2 16 10 3 16 13 6 16 13 7 16 13 9 16 15 1 17 13 2 17 12 3 17 9 6 17 9 7 17 11 9 17 10 1 18 8 2 18 12 3 18 9 6 18 10 7 18 10 9 18 9 1 19 13 2 19 8 3 19 13 6 19 11 7 19 12 9 19 11
36 132 6 6 1 2 10 10 3 10 11 4 10 9 6 10 10 7 10 8 9 10 11
37 135 1 1 1 3 12 8
38 137 6 2 3 3 11 13 6 11 10 3 17 12 6 17 11 3 18 12 6 18 7
39 140 24 6 7 2 10 11 4 10 7 8 10 12 4 11 8 5 11 10 7 11 9 8 11 9 2 12 11 4 12 9 7 12 10 4 13 10 7 13 6 8 13 11 9 13 7 2 15 10 5 15 14 8 15 9 9 15 9 5 16 10 9 16 11 2 19 11 5 19 12 7 19 8 9 19 9
40 146 1 1 1 0 14 9
41 149 1 1 1 0 19 8
42 155 6 6 1 2 14 11 3 14 10 4 14 12 6 14 10 8 14 14 9 14 13
43 156 24 6 8 0 10 13 4 10 10 9 10 12 3 12 12 6 12 11 7 12 8 0 14 6 9 14 10 0 15 12 3 15 11 7 15 11 4 16 9 6 16 10 9 16 11 4 17 10 3 18 12 4 18 10 6 18 10 7 18 9 0 19 11 3 19 10 6 19 9 7 19 13 9 19 8
44 159 10 5 4 0 12 10 6 12 9 3 13 11 6 13 11 7 13 10 8 14 8 0 17 12 3 17 6 7 17 11 8 17 12
45 160 2 2 1 2 12 15 6 12 12
46 161 60 6 10 0 10 7 1 10 9 3 10 10 4 10 11 6 10 9 8 10 11 0 11 10 1 11 10 3 11 13 4 11 7 6 11 13 8 11 11 0 12 15 1 12 6 3 12 10 4 12 9 6 12 11 8 12 12 0 13 12 1 13 12 3 13 14 4 13 13 6 13 12 8 13 12 0 14 10 1 14 9 3 14 11 4 14 13 6 14 12 8 14 10 0 15 10 1 15 12 3 15 13 4 15 7 6 15 11 8 15 11 0 16 12 1 16 9 3 16 13 4 16 10 6 16 6 8 16 6 0 17 12 1 17 14 3 17 12 4 17 4 6 17 9 8 17 11 0 18 9 1 18 9 3 18 11 4 18 9 6 18 11 8 18 11 0 19 12 1 19 9 3 19 12 4 19 10 6 19 13 8 19 12
47 163 3 3 1 0 19 16 7 19 7 8 19 9
48 166 60 6 10 2 10 10 3 10 9 5 10 11 6 10 9 7 10 10 9 10 12 2 11 10 3 11 10 5 11 9 6 11 12 7 11 12 9 11 12 2 12 10 3 12 9 5 12 10 6 12 8 7 12 10 9 12 10 2 13 9 3 13 11 5 13 10 6 13 10 7 13 11 9 13 9 2 14 12 3 14 9 5 14 9 6 14 9 7 14 12 9 14 12 2 15 10 3 15 11 5 15 11 6 15 13 7 15 11 9 15 15 2 16 10 3 16 12 5 16 12 6 16 10 7 16 14 9 16 7 2 17 13 3 17 11 5 17 11 6 17 10 7 17 12 9 17 8 2 18 8 3 18 10 5 18 9 6 18 10 7 18 10 9 18 8 2 19 9 3 19 8 5 19 11 6 19 12 7 19 8 9 19 16
49 167 6 3 3 1 10 10 7 10 9 2 14 9 1 15 14 2 15 9 7 15 11
