20 50
0 0 10 1 10 1 10 10 1 11 11 1 12 10 1 13 10 1 14 9 1 15 7 1 16 12 1 17 11 1 18 7 1 19 9
1 2 1 1 1 9 10 10
2 4 60 6 10 0 10 8 3 10 15 4 10 7 5 10 11 7 10 12 8 10 9 0 11 13 3 11 8 4 11 9 5 11 11 7 11 9 8 11 12 0 12 7 3 12 10 4 12 9 5 12 13 7 12 10 8 12 13 0 13 9 3 13 13 4 13 7 5 13 10 7 13 8 8 13 15 0 14 11 3 14 12 4 14 14 5 14 12 7 14 11 8 14 13 0 15 9 3 15 9 4 15 9 5 15 11 7 15 11 8 15 12 0 16 10 3 16 12 4 16 8 5 16 14 7 16 6 8 16 9 0 17 10 3 17 11 4 17 8 5 17 11 7 17 9 8 17 12 0 18 12 3 18 11 4 18 12 5 18 12 7 18 11 8 18 10 0 19 9 3 19 10 4 19 12 5 19 9 7 19 11 8 19 11
3 8 24 6 7 1 11 9 2 11 11 1 14 7 7 14 7 8 14 14 2 15 12 5 15 10 6 15 8 1 16 11 6 16 10 2 17 12 5 17 10 7 17 6 8 17 13 1 18 9 2 18 11 5 18 10 6 18 12 7 18 9 8 18 8 5 19 11 6 19 10 7 19 12 8 19 12
4 10 60 6 10 0 10 10 1 10 11 2 10 13 6 10 10 7 10 14 9 10 11 0 11 12 1 11 10 2 11 9 6 11 8 7 11 12 9 11 10 0 12 11 1 12 9 2 12 15 6 12 11 7 12 13 9 12 12 0 13 7 1 13 10 2 13 12 6 13 10 7 13 9 9 13 11 0 14 9 1 14 10 2 14 12 6 14 14 7 14 9 9 14 9 0 15 10 1 15 9 2 15 12 6 15 12 7 15 15 9 15 10 0 16 12 1 16 10 2 16 12 6 16 10 7 16 9 9 16 11 0 17 10 1 17 12 2 17 12 6 17 15 7 17 9 9 17 13 0 18 9 1 18 13 2 18 9 6 18 9 7 18 10 9 18 11 0 19 10 1 19 7 2 19 9 6 19 9 7 19 9 9 19 11
5 11 12 6 5 3 10 12 7 10 12 1 11 8 7 11 11 3 15 8 5 15 12 9 15 14 1 18 8 6 18 7 9 18 13 5 19 8 6 19 11
6 13 2 2 1 0 12 15 2 12 9
7 14 4 4 1 2 11 12 4 11 14 5 11 12 7 11 9
8 17 12 6 4 3 11 10 5 11 10 9 11 9 1 14 8 4 14 11 5 14 9 8 14 9 3 16 10 8 16 11 9 16 11 1 18 13 4 18 11
9 20 2 2 1 3 13 11 9 13 11
10 24 8 4 3 0 10 8 4 10 9 7 10 8 8 10 8 0 14 12 7 14 10 8 14 8 4 18 13
11 27 2 2 1 4 14 9 7 14 10
12 28 2 2 1 2 17 8 6 17 9
13 42 2 2 2 1 11 11 3 19 12
14 43 2 2 1 5 19 11 9 19 10
15 45 2 2 1 5 18 12 9 18 11
16 46 60 6 10 1 10 13 2 10 9 3 10 12 4 10 13 5 10 11 7 10 12 1 11 15 2 11 7 3 11 10 4 11 6 5 11 12 7 11 11 1 12 11 2 12 10 3 12 8 4 12 11 5 12 10 7 12 10 1 13 10 2 13 8 3 13 10 4 13 8 5 13 11 7 13 13 1 14 12 2 14 10 3 14 8 4 14 7 5 14 8 7 14 9 1 15 14 2 15 13 3 15 13 4 15 12 5 15 9 7 15 11 1 16 9 2 16 8 3 16 11 4 16 10 5 16 13 7 16 10 1 17 8 2 17 12 3 17 10 4 17 7 5 17 12 7 17 8 1 18 14 2 18 11 3 18 9 4 18 10 5 18 10 7 18 9 1 19 10 2 19 7 3 19 14 4 19 10 5 19 10 7 19 9
17 47 6 3 3 4 10 14 9 10 12 1 11 11 1 18 13 4 18 11 9 18 10
18 52 18 6 5 1 10 11 6 10 9 9 10 12 1 11 11 2 11 11 6 11 11 9 11 11 3 13 8 4 13 12 6 13 12 2 15 9 3 15 11 4 15 15 9 15 10 1 16 11 2 16 11 3 16 13 4 16 11
19 57 6 6 1 1 18 7 2 18 9 5 18 9 6 18 10 7 18 8 9 18 10
20 59 1 1 1 3 15 12
21 67 2 2 1 0 16 8 5 16 10
22 68 5 5 3 2 10 7 0 11 9 6 11 10 9 11 11 3 19 8
23 71 24 6 7 4 12 9 5 12 9 0 13 13 1 13 10 4 13 13 7 13 10 1 14 12 5 14 15 0 15 6 1 15 8 8 15 12 4 16 11 5 16 8 7 16 9 8 16 10 0 17 9 1 17 13 5 17 8 7 17 8 8 17 10 0 18 13 4 18 12 7 18 6 8 18 8
24 80 1 1 1 1 12 9
25 86 40 4 10 0 10 11 5 10 13 6 10 11 9 10 15 0 11 11 5 11 9 6 11 11 9 11 11 0 12 12 5 12 9 6 12 9 9 12 14 0 13 12 5 13 11 6 13 8 9 13 7 0 14 8 5 14 9 6 14 8 9 14 13 0 15 8 5 15 8 6 15 10 9 15 7 0 16 11 5 16 9 6 16 10 9 16 13 0 17 12 5 17 15 6 17 9 9 17 9 0 18 12 5 18 13 6 18 9 9 18 9 0 19 14 5 19 12 6 19 12 9 19 14
26 89 12 6 4 5 10 9 6 10 8 8 10 9 4 12 10 6 12 9 2 13 11 3 13 9 8 13 13 2 15 12 3 15 12 4 15 10 5 15 15
27 90 3 3 2 8 14 12 5 19 8 9 19 10
28 91 6 6 1 1 19 12 2 19 12 3 19 10 4 19 11 6 19 13 9 19 9
29 95 6 6 1 0 12 10 1 12 10 4 12 9 7 12 11 8 12 11 9 12 11
30 101 2 2 2 1 10 13 0 16 7
31 107 1 1 1 7 18 10
32 114 6 6 1 3 15 11 4 15 13 5 15 8 6 15 12 8 15 9 9 15 11
33 120 24 6 7 1 10 9 6 10 8 9 10 10 2 13 11 5 13 8 6 13 7 7 13 10 1 14 10 2 14 10 5 14 9 6 14 10 7 14 10 9 15 11 1 16 10 2 16 10 5 16 6 5 17 11 7 17 10 9 17 13 1 18 11 2 18 11 6 18 10 7 18 12 9 18 11
34 125 12 4 5 0 12 8 7 12 13 0 15 9 5 15 11 9 15 10 0 16 14 7 16 12 5 18 9 9 18 12 5 19 11 7 19 10 9 19 11
35 127 60 6 10 0 10 12 4 10 10 5 10 6 6 10 13 8 10 9 9 10 7 0 11 12 4 11 12 5 11 13 6 11 11 8 11 11 9 11 10 0 12 12 4 12 10 5 12 13 6 12 9 8 12 11 9 12 11 0 13 11 4 13 12 5 13 10 6 13 13 8 13 13 9 13 10 0 14 14 4 14 7 5 14 12 6 14 9 8 14 9 9 14 11 0 15 10 4 15 9 5 15 14 6 15 12 8 15 11 9 15 8 0 16 12 4 16 9 5 16 13 6 16 11 8 16 10 9 16 11 0 17 12 4 17 13 5 17 12 6 17 11 8 17 10 9 17 9 0 18 11 4 18 11 5 18 9 6 18 12 8 18 10 9 18 9 0 19 9 4 19 8 5 19 8 6 19 12 8 19 15 9 19 12
36 132 3 3 1 5 14 10 6 14 10 9 14 11
37 135 1 1 1 8 14 10
38 137 10 1 10 7 10 13 7 11 13 7 12 10 7 13 8 7 14 11 7 15 11 7 16 9 7 17 10 7 18 11 7 19 7
39 140 12 6 4 4 12 11 5 12 13 6 12 11 7 12 13 5 15 8 6 15 8 8 15 13 0 17 9 0 19 8 4 19 12 7 19 9 8 19 13
40 146 1 1 1 4 17 9
41 149 6 6 1 0 18 12 1 18 15 3 18 11 4 18 11 5 18 8 7 18 13
42 155 40 4 10 1 10 12 3 10 8 6 10 8 9 10 10 1 11 6 3 11 10 6 11 12 9 11 9 1 12 10 3 12 13 6 12 12 9 12 13 1 13 11 3 13 13 6 13 9 9 13 7 1 14 12 3 14 11 6 14 15 9 14 9 1 15 13 3 15 10 6 15 10 9 15 9 1 16 8 3 16 12 6 16 7 9 16 8 1 17 11 3 17 9 6 17 13 9 17 5 1 18 11 3 18 11 6 18 9 9 18 10 1 19 10 3 19 13 6 19 14 9 19 10
43 156 20 4 8 7 10 11 9 10 11 2 11 10 6 11 14 7 11 11 2 12 9 9 12 10 2 13 12 6 13 12 7 13 12 6 14 11 7 14 11 9 14 11 2 15 14 7 15 11 2 16 11 6 16 10 9 16 9 6 18 13 9 18 9
44 159 3 3 1 0 17 9 1 17 10 5 17 11
45 160 12 6 4 1 11 8 8 11 11 9 11 12 2 12 11 6 12 14 8 12 8 5 14 10 6 14 11 9 14 12 1 17 8 2 17 12 5 17 9
46 161 3 3 1 4 15 9 8 15 10 9 15 10
47 163 18 6 5 0 10 13 1 10 11 2 10 9 3 10 12 4 10 14 2 14 12 4 14 10 7 14 13 0 15 11 1 15 9 3 15 11 7 15 13 3 16 13 4 16 9 0 17 9 1 17 7 2 17 8 7 17 12
48 166 6 6 2 0 16 11 3 16 11 7 16 11 9 16 7 1 17 9 4 17 11
49 167 4 4 1 2 16 14 3 16 12 7 16 9 9 16 7
