20 50
0 0 2 2 1 6 17 11 7 17 12
1 2 3 3 2 4 11 12 1 14 9 5 14 11
2 4 3 3 1 3 19 10 4 19 9 7 19 9
3 8 12 6 3 0 13 10 2 13 9 3 13 11 4 13 7 6 13 11 8 13 10 0 14 12 4 14 10 6 14 10 2 15 8 3 15 8 8 15 13
4 10 4 2 3 2 13 11 3 13 10 2 16 11 3 17 9
5 11 18 6 5 2 11 7 6 11 14 8 11 10 9 11 11 1 12 11 2 12 7 4 12 9 9 12 9 1 13 10 4 13 11 6 13 13 8 13 14 2 16 17 9 16 11 1 19 14 4 19 11 6 19 10 8 19 11
6 13 60 6 10 0 10 10 2 10 13 4 10 13 5 10 9 6 10 9 8 10 12 0 11 10 2 11 10 4 11 12 5 11 13 6 11 10 8 11 12 0 12 11 2 12 8 4 12 9 5 12 12 6 12 14 8 12 11 0 13 8 2 13 8 4 13 10 5 13 11 6 13 10 8 13 10 0 14 6 2 14 9 4 14 10 5 14 10 6 14 8 8 14 16 0 15 10 2 15 9 4 15 12 5 15 8 6 15 12 8 15 9 0 16 13 2 16 9 4 16 10 5 16 11 6 16 12 8 16 10 0 17 9 2 17 11 4 17 9 5 17 12 6 17 11 8 17 12 0 18 11 2 18 14 4 18 11 5 18 15 6 18 10 8 18 12 0 19 12 2 19 10 4 19 8 5 19 10 6 19 14 8 19 10
7 14 36 6 10 6 10 9 7 10 9 9 10 10 6 11 10 7 11 12 8 11 7 2 12 10 8 12 11 9 12 10 2 13 13 4 13 9 6 13 6 8 13 14 2 14 10 4 14 10 7 14 12 8 14 9 9 14 7 2 15 12 4 15 8 9 15 12 6 16 10 7 16 8 8 16 12 2 17 9 4 17 11 6 17 10 7 17 12 2 18 6 4 18 12 8 18 11 9 18 8 4 19 10 6 19 10 7 19 9 9 19 9
8 17 2 2 1 0 16 14 8 16 9
9 20 6 6 1 1 10 11 2 10 9 3 10 9 4 10 11 5 10 8 6 10 14
10 24 10 5 4 4 12 13 7 12 9 1 14 9 6 14 11 0 15 12 6 15 12 7 15 12 0 18 9 1 18 8 4 18 13
11 27 12 6 4 3 12 13 5 12 8 0 17 14 7 17 12 8 17 9 9 17 7 3 18 11 5 18 11 0 19 10 7 19 10 8 19 10 9 19 12
12 28 2 2 1 3 17 10 5 17 7
13 42 18 6 6 4 12 12 5 12 10 6 12 8 9 12 9 2 14 7 4 14 12 0 15 9 2 15 14 5 15 12 6 15 9 9 15 8 0 16 7 2 16 10 0 17 6 4 17 6 5 17 8 6 17 9 9 18 8
14 43 30 3 10 2 10 12 7 10 7 8 10 8 2 11 12 7 11 12 8 11 8 2 12 9 7 12 12 8 12 9 2 13 10 7 13 14 8 13 13 2 14 11 7 14 13 8 14 10 2 15 14 7 15 11 8 15 7 2 16 10 7 16 8 8 16 10 2 17 9 7 17 12 8 17 12 2 18 9 7 18 10 8 18 7 2 19 12 7 19 11 8 19 8
15 45 60 6 10 0 10 11 1 10 12 2 10 8 3 10 7 5 10 11 9 10 8 0 11 10 1 11 8 2 11 10 3 11 13 5 11 11 9 11 11 0 12 7 1 12 12 2 12 14 3 12 13 5 12 8 9 12 10 0 13 12 1 13 8 2 13 13 3 13 9 5 13 12 9 13 14 0 14 7 1 14 15 2 14 8 3 14 16 5 14 13 9 14 12 0 15 8 1 15 10 2 15 10 3 15 10 5 15 11 9 15 13 0 16 13 1 16 8 2 16 13 3 16 9 5 16 10 9 16 7 0 17 12 1 17 13 2 17 9 3 17 11 5 17 13 9 17 12 0 18 13 1 18 7 2 18 8 3 18 11 5 18 10 9 18 12 0 19 8 1 19 11 2 19 8 3 19 10 5 19 10 9 19 9
16 46 6 3 3 8 10 5 6 14 9 7 14 5 6 15 12 7 15 8 8 15 14
17 47 6 6 1 0 11 11 1 11 12 3 11 13 4 11 10 8 11 13 9 11 10
18 52 24 6 7 0 10 6 3 10 12 4 10 9 7 10 9 0 12 15 2 12 9 6 12 12 7 12 10 2 13 12 3 13 8 6 13 11 7 13 17 2 14 14 3 14 12 4 14 10 6 14 13 4 15 14 0 16 12 3 16 12 4 16 8 7 16 14 0 18 14 2 18 11 6 18 12
19 57 60 6 10 1 10 10 2 10 8 3 10 9 4 10 12 5 10 9 9 10 11 1 11 9 2 11 10 3 11 11 4 11 10 5 11 11 9 11 5 1 12 10 2 12 10 3 12 13 4 12 8 5 12 14 9 12 13 1 13 11 2 13 10 3 13 12 4 13 7 5 13 8 9 13 12 1 14 11 2 14 11 3 14 13 4 14 10 5 14 13 9 14 13 1 15 11 2 15 12 3 15 12 4 15 10 5 15 13 9 15 9 1 16 11 2 16 13 3 16 10 4 16 13 5 16 12 9 16 9 1 17 10 2 17 11 3 17 11 4 17 13 5 17 9 9 17 13 1 18 12 2 18 11 3 18 12 4 18 12 5 18 10 9 18 11 1 19 10 2 19 8 3 19 9 4 19 7 5 19 11 9 19 11
20 59 3 3 1 0 18 10 4 18 13 9 18 14
21 67 10 1 10 4 10 15 4 11 9 4 12 12 4 13 10 4 14 8 4 15 12 4 16 11 4 17 9 4 18 10 4 19 11
22 68 6 6 2 5 11 14 7 11 13 8 11 14 0 14 8 1 14 13 3 14 11
23 71 1 1 1 0 19 10
24 80 60 6 10 1 10 9 2 10 13 4 10 10 6 10 9 7 10 11 9 10 13 1 11 15 2 11 11 4 11 11 6 11 8 7 11 8 9 11 12 1 12 13 2 12 13 4 12 11 6 12 9 7 12 8 9 12 14 1 13 9 2 13 13 4 13 10 6 13 10 7 13 9 9 13 10 1 14 9 2 14 9 4 14 11 6 14 12 7 14 12 9 14 8 1 15 9 2 15 10 4 15 13 6 15 10 7 15 10 9 15 8 1 16 12 2 16 8 4 16 11 6 16 9 7 16 10 9 16 8 1 17 14 2 17 14 4 17 11 6 17 15 7 17 11 9 17 15 1 18 13 2 18 11 4 18 11 6 18 10 7 18 12 9 18 9 1 19 13 2 19 11 4 19 10 6 19 12 7 19 11 9 19 8
25 86 6 3 3 0 10 11 8 10 11 0 11 8 1 11 7 8 11 11 1 12 7
26 89 15 5 5 3 14 8 8 14 12 0 15 10 1 15 11 3 15 12 9 15 10 3 16 14 0 18 9 1 18 13 8 18 7 9 18 13 0 19 9 1 19 11 8 19 10 9 19 11
27 90 6 6 3 3 14 9 6 14 11 0 17 12 2 17 12 9 17 12 5 19 10
28 91 1 1 1 5 19 10
29 95 2 2 2 2 17 13 4 19 12
30 101 1 1 1 3 18 10
31 107 18 6 5 0 10 13 1 10 13 2 10 8 5 10 9 8 10 7 2 11 13 3 11 9 8 11 11 0 15 12 1 15 12 3 15 10 5 15 10 8 15 9 0 16 8 3 16 11 5 16 10 1 17 8 2 17 10
32 114 18 6 6 0 10 11 1 10 9 2 10 11 8 10 10 1 14 10 4 14 6 7 14 12 1 15 8 4 15 9 2 16 8 7 16 16 8 16 10 0 17 8 0 18 11 2 18 10 4 18 12 7 18 12 8 18 7
33 120 3 3 1 1 16 8 2 16 9 6 16 10
34 125 6 6 2 0 16 12 1 16 10 8 16 10 5 17 12 7 17 11 9 17 11
35 127 10 1 10 1 10 9 1 11 8 1 12 14 1 13 9 1 14 6 1 15 11 1 16 10 1 17 10 1 18 12 1 19 12
36 132 3 3 1 0 16 9 1 16 6 9 16 14
37 135 24 6 6 0 10 9 4 10 11 5 10 9 0 12 12 3 12 10 4 12 11 5 12 11 7 12 8 8 12 11 0 13 8 3 13 9 4 13 11 5 13 9 0 15 10 5 15 9 7 15 12 8 15 13 3 17 11 4 17 8 7 17 11 8 17 11 3 18 9 7 18 11 8 18 13
38 137 6 6 2 8 14 9 0 17 10 3 17 12 6 17 10 7 17 11 9 17 9
39 140 48 6 10 1 10 10 3 10 12 4 10 7 6 10 12 0 11 13 1 11 9 3 11 10 6 11 7 9 11 10 0 12 9 3 12 8 4 12 15 6 12 9 9 12 10 0 13 8 1 13 9 3 13 6 4 13 10 6 13 9 9 13 9 0 14 10 1 14 7 9 14 10 0 15 14 1 15 10 3 15 11 4 15 10 6 15 10 9 15 8 0 16 11 1 16 5 3 16 10 4 16 9 6 16 9 0 17 9 1 17 13 3 17 10 4 17 8 6 17 9 9 17 8 0 18 8 4 18 10 9 18 11 1 19 11 3 19 10 4 19 8 6 19 10 9 19 7
40 146 5 5 1 1 10 10 3 10 8 4 10 10 6 10 12 7 10 10
41 149 5 5 1 1 18 9 2 18 10 4 18 10 6 18 13 8 18 10
42 155 30 3 10 2 10 13 3 10 8 8 10 13 2 11 11 3 11 9 8 11 9 2 12 14 3 12 12 8 12 8 2 13 9 3 13 11 8 13 8 2 14 8 3 14 11 8 14 11 2 15 9 3 15 8 8 15 13 2 16 13 3 16 13 8 16 13 2 17 11 3 17 12 8 17 10 2 18 7 3 18 11 8 18 9 2 19 10 3 19 11 8 19 12
43 156 8 4 3 1 14 13 5 14 10 3 16 9 9 16 13 1 19 10 3 19 8 5 19 8 9 19 9
44 159 6 6 2 0 16 13 4 16 10 7 16 15 6 18 11 8 18 11 9 18 8
45 160 7 1 7 8 10 9 8 12 9 8 13 15 8 14 11 8 15 8 8 17 11 8 18 10
46 161 20 2 10 6 10 13 9 10 16 6 11 8 9 11 10 6 12 13 9 12 9 6 13 6 9 13 10 6 14 14 9 14 11 6 15 9 9 15 11 6 16 9 9 16 8 6 17 9 9 17 13 6 18 15 9 18 5 6 19 10 9 19 12
47 163 24 6 7 0 13 10 9 13 12 1 14 9 2 14 12 6 14 10 7 14 11 0 15 8 1 15 13 6 15 11 1 16 8 2 16 12 6 16 11 7 16 10 9 16 11 7 17 9 9 17 10 0 18 11 2 18 15 7 18 9 9 18 13 0 19 8 1 19 12 2 19 12 6 19 12
48 166 6 6 2 0 16 12 4 16 10 9 16 8 1 18 9 3 18 12 5 18 8
49 167 1 1 1 3 18 8
