20 50
0 0 20 2 10 5 10 8 6 10 12 5 11 11 6 11 14 5 12 11 6 12 14 5 13 12 6 13 10 5 14 8 6 14 11 5 15 11 6 15 7 5 16 13 6 16 9 5 17 13 6 17 10 5 18 12 6 18 11 5 19 14 6 19 8
1 2 4 2 2 6 17 11 7 17 9 6 19 12 7 19 9
2 4 1 1 1 7 16 9
3 8 12 6 4 0 10 12 4 10 12 7 10 9 9 10 11 0 11 9 4 11 9 1 14 11 2 14 9 7 14 12 1 17 12 2 17 10 9 17 11
4 10 24 6 7 2 10 11 4 10 11 6 10 11 7 10 10 1 11 10 7 11 12 8 11 9 6 13 13 8 15 11 1 16 13 2 16 9 4 16 10 6 16 11 7 16 11 8 16 10 1 18 12 2 18 11 4 18 12 1 19 7 2 19 9 4 19 12 6 19 11 7 19 10 8 19 12
5 11 6 6 1 1 16 12 2 16 12 3 16 8 4 16 12 7 16 7 8 16 12
6 13 40 4 10 0 10 9 1 10 8 4 10 12 6 10 9 0 11 9 1 11 11 4 11 10 6 11 13 0 12 11 1 12 8 4 12 9 6 12 8 0 13 10 1 13 11 4 13 16 6 13 11 0 14 11 1 14 10 4 14 9 6 14 9 0 15 15 1 15 9 4 15 10 6 15 9 0 16 14 1 16 8 4 16 11 6 16 9 0 17 9 1 17 12 4 17 12 6 17 10 0 18 10 1 18 12 4 18 10 6 18 12 0 19 9 1 19 11 4 19 14 6 19 11
7 14 6 6 1 4 18 10 5 18 8 6 18 8 7 18 11 8 18 10 9 18 14
8 17 1 1 1 1 15 9
9 20 6 3 3 1 13 6 4 13 10 1 15 12 4 15 12 6 15 11 6 19 12
10 24 2 2 1 7 12 13 9 12 11
11 27 2 2 1 0 14 7 2 14 11
12 28 24 6 7 4 11 8 6 11 10 1 12 11 2 12 13 4 12 9 6 12 14 1 13 10 2 13 9 3 13 11 6 13 11 1 14 8 2 14 12 3 14 9 4 14 11 7 14 9 1 17 11 2 17 9 3 17 11 6 17 13 7 17 12 3 18 11 7 18 12 4 19 10 7 19 9
13 42 3 3 1 3 16 11 5 16 14 8 16 9
14 43 30 3 10 6 10 10 8 10 12 9 10 9 6 11 14 8 11 12 9 11 10 6 12 13 8 12 10 9 12 10 6 13 10 8 13 11 9 13 7 6 14 10 8 14 12 9 14 11 6 15 12 8 15 9 9 15 14 6 16 10 8 16 8 9 16 11 6 17 7 8 17 11 9 17 11 6 18 8 8 18 7 9 18 12 6 19 9 8 19 11 9 19 9
15 45 18 6 5 2 10 10 7 10 7 8 10 6 2 14 10 5 14 10 7 14 9 3 15 6 4 15 12 5 15 13 8 15 9 2 16 14 3 16 11 4 16 12 7 16 12 8 16 10 3 17 8 4 17 13 5 17 15
16 46 8 4 3 1 11 9 3 11 11 6 11 7 9 11 11 3 15 7 6 15 13 9 15 9 1 18 10
17 47 24 6 8 1 10 14 3 10 9 4 10 11 4 11 11 6 11 9 0 14 7 1 14 11 3 14 15 6 14 8 9 14 13 0 15 9 3 15 10 9 15 13 0 16 9 1 16 12 4 16 7 9 16 9 1 17 9 6 17 11 9 17 9 0 18 12 3 18 8 6 18 7 4 19 15
18 52 4 4 1 0 17 13 1 17 8 3 17 11 8 17 11
19 57 18 6 5 1 11 9 2 11 13 6 11 9 8 11 11 9 11 10 1 13 9 4 13 10 8 13 7 9 13 11 2 16 8 4 16 11 6 16 14 8 16 11 2 18 12 4 18 13 9 18 11 1 19 11 6 19 14
20 59 3 3 1 4 14 9 7 14 12 9 14 11
21 67 1 1 1 5 13 10
22 68 1 1 1 0 11 11
23 71 6 6 2 0 15 13 3 15 10 1 17 12 5 17 13 7 17 11 9 17 15
24 80 15 5 6 0 10 12 7 10 10 8 10 9 2 11 11 4 11 14 8 11 10 0 12 10 4 12 12 7 12 11 2 14 10 0 15 7 4 15 9 2 16 11 7 16 12 8 16 12
25 86 6 6 1 2 10 11 5 10 11 6 10 11 7 10 8 8 10 11 9 10 10
26 89 20 2 10 1 10 12 7 10 12 1 11 7 7 11 7 1 12 10 7 12 12 1 13 7 7 13 9 1 14 15 7 14 9 1 15 14 7 15 12 1 16 8 7 16 14 1 17 11 7 17 11 1 18 11 7 18 11 1 19 11 7 19 8
27 90 2 2 2 3 12 8 7 16 13
28 91 3 3 1 2 14 10 8 14 7 9 14 14
29 95 1 1 1 4 10 11
30 101 1 1 1 8 18 14
31 107 18 6 5 7 10 8 0 12 10 4 12 8 5 12 7 7 12 14 9 12 10 0 14 12 3 14 11 4 14 11 5 14 14 0 16 14 3 16 10 4 16 9 5 16 11 7 16 11 9 16 16 3 18 9 9 18 10
32 114 2 2 2 7 13 12 8 17 8
33 120 30 6 9 0 10 15 1 10 11 3 10 10 4 10 11 8 10 14 3 11 11 6 11 11 8 11 10 0 12 5 1 12 10 1 14 9 4 14 10 6 14 11 8 14 10 0 15 12 3 15 10 4 15 10 6 15 11 8 15 12 0 16 12 1 16 10 3 16 9 6 17 8 0 18 9 1 18 11 3 18 11 4 18 10 4 19 11 6 19 10 8 19 14
34 125 60 6 10 0 10 12 2 10 9 3 10 11 5 10 9 7 10 11 9 10 11 0 11 13 2 11 7 3 11 11 5 11 12 7 11 8 9 11 11 0 12 12 2 12 8 3 12 11 5 12 10 7 12 9 9 12 15 0 13 9 2 13 11 3 13 9 5 13 10 7 13 10 9 13 8 0 14 10 2 14 10 3 14 10 5 14 11 7 14 12 9 14 10 0 15 8 2 15 13 3 15 13 5 15 13 7 15 9 9 15 11 0 16 11 2 16 10 3 16 15 5 16 10 7 16 14 9 16 10 0 17 11 2 17 10 3 17 12 5 17 12 7 17 11 9 17 10 0 18 11 2 18 14 3 18 12 5 18 10 7 18 14 9 18 13 0 19 12 2 19 12 3 19 10 5 19 12 7 19 10 9 19 8
35 127 1 1 1 6 13 10
36 132 12 6 4 0 13 13 8 13 11 5 14 13 6 14 13 7 14 11 8 14 14 9 14 12 0 17 8 5 17 7 9 17 9 6 19 9 7 19 12
37 135 1 1 1 4 15 11
38 137 2 2 1 4 10 13 7 10 9
39 140 8 4 4 3 11 11 5 11 11 2 15 7 3 15 12 2 16 8 9 16 12 5 17 14 9 17 11
40 146 3 3 2 3 10 9 8 10 10 9 17 10
41 149 6 6 1 2 12 14 3 12 12 5 12 12 6 12 13 8 12 7 9 12 11
42 155 6 6 1 0 15 13 2 15 11 3 15 12 5 15 13 6 15 10 8 15 12
43 156 10 1 10 5 10 9 5 11 12 5 12 7 5 13 10 5 14 10 5 15 13 5 16 6 5 17 11 5 18 8 5 19 13
44 159 15 5 6 4 13 10 5 13 12 7 13 9 4 14 11 7 14 9 9 14 11 4 15 11 5 15 13 8 15 7 9 15 10 5 16 8 8 16 6 9 16 12 8 17 10 7 19 11
45 160 24 6 7 1 10 13 2 10 13 3 10 12 4 10 9 7 10 12 0 11 12 1 11 7 7 11 8 3 12 12 1 13 13 3 13 12 4 13 13 0 16 11 2 16 7 0 17 11 2 17 12 3 17 9 4 17 13 7 17 11 0 19 15 1 19 10 2 19 13 4 19 10 7 19 13
46 161 1 1 1 4 14 9
47 163 50 5 10 0 10 10 3 10 9 6 10 12 7 10 15 9 10 9 0 11 12 3 11 12 6 11 12 7 11 10 9 11 11 0 12 11 3 12 9 6 12 12 7 12 10 9 12 7 0 13 11 3 13 8 6 13 7 7 13 12 9 13 10 0 14 12 3 14 11 6 14 11 7 14 10 9 14 9 0 15 9 3 15 11 6 15 9 7 15 10 9 15 9 0 16 10 3 16 10 6 16 8 7 16 12 9 16 13 0 17 10 3 17 7 6 17 8 7 17 7 9 17 10 0 18 10 3 18 14 6 18 7 7 18 8 9 18 13 0 19 9 3 19 10 6 19 14 7 19 9 9 19 10
48 166 6 6 1 0 14 14 3 14 8 5 14 11 6 14 9 7 14 11 8 14 10
49 167 6 6 1 0 10 10 1 10 11 2 10 8 6 10 11 7 10 12 9 10 12
