20 50
0 0 12 6 4 0 10 5 5 10 9 6 10 8 9 10 12 4 13 11 3 16 12 4 16 9 9 16 10 0 17 13 3 17 10 5 17 9 6 17 11
1 2 5 5 1 0 17 12 2 17 9 3 17 11 5 17 9 7 17 12
2 4 4 4 1 1 11 14 5 11 9 6 11 12 9 11 15
3 8 2 2 1 3 17 6 6 17 10
4 10 2 2 1 0 10 12 5 10 9
5 11 10 1 10 7 10 10 7 11 12 7 12 13 7 13 12 7 14 10 7 15 12 7 16 8 7 17 10 7 18 11 7 19 10
6 13 1 1 1 3 13 10
7 14 20 2 10 1 10 11 8 10 8 1 11 9 8 11 14 1 12 11 8 12 8 1 13 8 8 13 10 1 14 10 8 14 12 1 15 12 8 15 13 1 16 14 8 16 7 1 17 8 8 17 14 1 18 6 8 18 6 1 19 12 8 19 12
8 17 6 6 3 0 12 11 3 12 8 4 12 11 5 13 12 9 13 12 2 15 12
9 20 20 2 10 2 10 7 7 10 15 2 11 11 7 11 11 2 12 10 7 12 7 2 13 11 7 13 12 2 14 13 7 14 9 2 15 9 7 15 13 2 16 10 7 16 9 2 17 9 7 17 11 2 18 9 7 18 11 2 19 10 7 19 9
10 24 3 3 2 5 13 10 9 13 13 7 17 13
11 27 30 3 10 4 10 11 5 10 13 8 10 10 4 11 13 5 11 10 8 11 13 4 12 13 5 12 10 8 12 12 4 13 9 5 13 12 8 13 11 4 14 9 5 14 11 8 14 13 4 15 9 5 15 14 8 15 11 4 16 11 5 16 13 8 16 8 4 17 10 5 17 12 8 17 10 4 18 10 5 18 10 8 18 14 4 19 13 5 19 10 8 19 9
12 28 1 1 1 4 15 5
13 42 1 1 1 9 18 11
14 43 6 6 2 0 14 10 3 14 12 1 18 9 2 18 11 4 18 12 8 18 11
15 45 50 5 10 0 10 12 5 10 11 6 10 7 8 10 10 9 10 11 0 11 9 5 11 10 6 11 11 8 11 9 9 11 10 0 12 12 5 12 10 6 12 9 8 12 12 9 12 10 0 13 13 5 13 14 6 13 12 8 13 10 9 13 6 0 14 7 5 14 10 6 14 8 8 14 10 9 14 14 0 15 11 5 15 12 6 15 8 8 15 11 9 15 9 0 16 10 5 16 11 6 16 9 8 16 12 9 16 13 0 17 12 5 17 11 6 17 13 8 17 11 9 17 9 0 18 8 5 18 12 6 18 11 8 18 12 9 18 7 0 19 8 5 19 12 6 19 10 8 19 7 9 19 11
16 46 6 3 3 7 10 12 8 10 9 4 11 16 4 12 11 7 12 9 8 12 11
17 47 2 2 1 0 17 12 6 17 10
18 52 6 6 1 1 16 12 2 16 10 3 16 11 4 16 10 5 16 10 6 16 11
19 57 60 6 10 2 10 12 3 10 10 5 10 11 6 10 11 8 10 11 9 10 9 2 11 13 3 11 9 5 11 12 6 11 13 8 11 12 9 11 9 2 12 11 3 12 13 5 12 12 6 12 8 8 12 11 9 12 11 2 13 13 3 13 10 5 13 9 6 13 12 8 13 14 9 13 14 2 14 10 3 14 12 5 14 6 6 14 10 8 14 9 9 14 11 2 15 10 3 15 11 5 15 9 6 15 9 8 15 7 9 15 12 2 16 11 3 16 12 5 16 10 6 16 12 8 16 11 9 16 11 2 17 8 3 17 9 5 17 14 6 17 12 8 17 13 9 17 12 2 18 10 3 18 10 5 18 10 6 18 10 8 18 9 9 18 12 2 19 9 3 19 11 5 19 9 6 19 11 8 19 12 9 19 11
20 59 1 1 1 8 18 11
21 67 6 6 2 4 11 9 5 11 9 6 11 11 8 11 8 2 12 13 9 12 11
22 68 2 2 1 0 15 13 6 15 13
23 71 1 1 1 8 13 11
24 80 12 6 3 8 14 11 9 14 12 0 15 12 1 15 10 4 15 8 6 15 11 8 15 11 9 15 13 0 17 9 1 17 10 4 17 9 6 17 12
25 86 6 6 1 0 11 12 1 11 10 2 11 12 3 11 8 4 11 10 7 11 11
26 89 60 6 10 0 10 8 3 10 8 4 10 12 5 10 10 6 10 14 9 10 9 0 11 7 3 11 11 4 11 9 5 11 9 6 11 10 9 11 8 0 12 11 3 12 8 4 12 12 5 12 11 6 12 11 9 12 13 0 13 7 3 13 7 4 13 7 5 13 14 6 13 11 9 13 10 0 14 14 3 14 9 4 14 10 5 14 9 6 14 6 9 14 11 0 15 10 3 15 7 4 15 12 5 15 13 6 15 8 9 15 12 0 16 6 3 16 11 4 16 4 5 16 10 6 16 8 9 16 11 0 17 12 3 17 14 4 17 9 5 17 13 6 17 11 9 17 8 0 18 13 3 18 10 4 18 11 5 18 10 6 18 8 9 18 11 0 19 10 3 19 12 4 19 5 5 19 10 6 19 11 9 19 11
27 90 2 2 1 3 15 8 8 15 8
28 91 1 1 1 2 11 12
29 95 10 1 10 2 10 13 2 11 9 2 12 7 2 13 10 2 14 11 2 15 9 2 16 9 2 17 3 2 18 9 2 19 14
30 101 12 6 4 1 11 13 3 11 12 5 11 7 6 11 10 8 11 8 5 15 10 6 15 9 8 15 7 9 15 8 9 16 10 1 17 13 3 17 10
31 107 6 6 1 0 10 8 1 10 13 2 10 11 5 10 8 6 10 6 9 10 13
32 114 24 6 7 2 10 9 5 10 12 6 10 9 2 12 12 5 12 10 6 12 14 7 12 9 8 12 10 1 13 10 2 13 13 8 13 11 1 14 8 2 14 10 5 14 12 1 16 11 5 16 12 7 16 13 8 16 9 6 18 15 7 18 9 1 19 7 6 19 8 7 19 12 8 19 12
33 120 6 6 1 0 17 11 1 17 10 3 17 8 4 17 11 8 17 10 9 17 10
34 125 3 3 1 0 10 12 1 10 12 7 10 11
35 127 12 6 4 1 11 12 4 11 14 5 11 12 6 11 6 3 12 8 7 12 12 3 18 10 6 18 8 1 19 8 4 19 7 5 19 9 7 19 10
36 132 20 2 10 2 10 11 5 10 13 2 11 8 5 11 11 2 12 12 5 12 12 2 13 13 5 13 10 2 14 11 5 14 12 2 15 9 5 15 13 2 16 11 5 16 11 2 17 9 5 17 10 2 18 12 5 18 13 2 19 10 5 19 9
37 135 12 6 4 0 13 9 5 13 9 6 13 15 9 13 10 1 15 12 5 15 11 9 15 10 0 16 10 4 16 10 6 16 11 1 19 11 4 19 12
38 137 4 4 1 2 17 11 3 17 10 6 17 12 8 17 10
39 140 1 1 1 7 10 12
40 146 24 6 7 4 10 10 5 10 9 2 11 12 3 11 10 4 11 12 5 11 8 7 11 11 9 11 11 3 12 10 4 12 12 5 12 11 9 12 11 3 13 11 7 13 12 2 15 10 4 15 13 5 15 12 9 15 12 2 17 8 3 17 10 7 17 12 9 17 14 2 19 11 7 19 11
41 149 18 6 6 2 10 9 3 10 11 4 10 12 6 10 11 2 11 11 5 11 13 3 14 10 4 14 10 5 14 8 6 14 9 7 14 12 2 15 10 4 15 11 5 15 7 6 15 10 7 15 13 7 17 10 3 19 12
42 155 18 6 6 3 10 12 4 10 11 5 10 13 6 10 8 7 10 10 9 10 10 3 12 8 6 14 12 7 14 7 9 14 10 4 16 12 5 16 11 7 17 10 3 18 9 4 18 11 5 18 10 6 18 12 9 18 11
43 156 8 4 3 6 11 13 8 11 9 9 11 10 2 15 13 6 15 11 9 15 10 2 18 8 8 18 10
44 159 24 6 7 1 10 9 3 10 14 9 10 12 0 11 13 1 11 9 2 11 9 9 11 13 0 13 10 2 14 11 3 14 11 7 14 14 0 17 9 1 17 11 2 17 13 3 17 9 7 17 9 9 17 12 7 18 11 9 18 10 0 19 11 1 19 9 2 19 8 3 19 7 7 19 11
45 160 10 5 4 1 12 8 4 12 13 4 13 10 1 15 11 6 15 16 8 15 12 9 15 10 6 18 9 8 18 11 9 18 13
46 161 18 6 5 2 10 9 5 10 11 8 10 9 6 11 13 1 12 9 2 12 11 5 12 6 6 12 10 7 12 10 1 14 13 2 14 13 5 14 10 6 14 5 7 14 9 8 14 7 1 15 11 7 15 10 8 15 12
47 163 1 1 1 1 14 10
48 166 60 6 10 2 10 8 3 10 12 5 10 9 6 10 11 8 10 10 9 10 11 2 11 7 3 11 9 5 11 12 6 11 14 8 11 7 9 11 7 2 12 15 3 12 14 5 12 13 6 12 9 8 12 9 9 12 12 2 13 15 3 13 10 5 13 13 6 13 12 8 13 14 9 13 7 2 14 11 3 14 10 5 14 9 6 14 11 8 14 11 9 14 12 2 15 8 3 15 9 5 15 8 6 15 11 8 15 14 9 15 11 2 16 12 3 16 11 5 16 11 6 16 11 8 16 8 9 16 10 2 17 8 3 17 11 5 17 10 6 17 10 8 17 10 9 17 7 2 18 13 3 18 12 5 18 11 6 18 10 8 18 12 9 18 11 2 19 12 3 19 13 5 19 11 6 19 12 8 19 9 9 19 11
49 167 12 6 3 0 14 8 1 14 9 2 14 12 4 14 8 5 14 9 2 17 9 5 17 13 8 17 12 0 18 11 1 18 10 4 18 9 8 18 8
