20 50
0 0 1 1 1 0 10 13
1 2 2 2 2 2 14 11 6 15 9
2 4 6 6 1 0 11 15 1 11 10 2 11 12 6 11 11 7 11 9 8 11 14
3 8 12 6 4 1 10 12 4 10 11 7 10 9 9 10 10 0 11 10 1 11 7 4 11 9 8 11 12 9 11 11 7 13 12 8 13 11 0 15 9
4 10 18 6 6 7 10 12 9 10 12 5 11 8 8 11 11 0 12 9 5 12 10 6 12 10 9 12 7 0 16 12 5 16 9 7 16 9 6 17 11 7 17 17 8 17 10 9 17 9 0 18 8 6 18 10 8 18 7
5 11 30 3 10 3 10 11 4 10 12 6 10 14 3 11 16 4 11 11 6 11 12 3 12 10 4 12 8 6 12 9 3 13 9 4 13 14 6 13 12 3 14 10 4 14 11 6 14 13 3 15 11 4 15 10 6 15 10 3 16 13 4 16 10 6 16 9 3 17 14 4 17 9 6 17 9 3 18 11 4 18 8 6 18 8 3 19 12 4 19 10 6 19 10
6 13 5 5 1 0 18 12 2 18 11 4 18 12 6 18 9 9 18 10
7 14 30 3 10 0 10 11 6 10 10 8 10 11 0 11 6 6 11 10 8 11 11 0 12 10 6 12 14 8 12 11 0 13 10 6 13 12 8 13 11 0 14 12 6 14 10 8 14 12 0 15 6 6 15 8 8 15 13 0 16 12 6 16 10 8 16 9 0 17 13 6 17 11 8 17 10 0 18 12 6 18 11 8 18 11 0 19 12 6 19 12 8 19 8
8 17 18 6 6 5 12 14 6 12 14 7 12 8 6 13 12 7 13 12 8 13 11 1 14 11 1 16 11 3 16 12 5 16 9 8 16 9 3 17 10 5 17 12 6 17 10 7 17 9 8 17 13 1 18 12 3 18 15
9 20 18 6 6 7 10 11 9 10 13 0 14 9 1 14 10 4 14 11 7 14 12 9 14 9 4 15 14 0 16 11 1 16 14 3 16 6 0 17 10 1 17 8 3 17 14 3 19 10 4 19 11 7 19 14 9 19 10
10 24 18 6 6 4 10 11 4 11 7 7 11 8 8 11 10 0 14 12 4 14 11 5 14 7 6 14 12 7 14 12 8 14 12 0 16 8 5 16 8 6 16 8 6 17 14 0 19 10 5 19 14 7 19 14 8 19 15
11 27 40 4 10 1 10 14 3 10 11 5 10 11 9 10 11 1 11 11 3 11 11 5 11 12 9 11 16 1 12 10 3 12 10 5 12 10 9 12 9 1 13 9 3 13 7 5 13 6 9 13 11 1 14 9 3 14 9 5 14 11 9 14 9 1 15 10 3 15 12 5 15 12 9 15 12 1 16 11 3 16 11 5 16 12 9 16 10 1 17 12 3 17 12 5 17 10 9 17 11 1 18 13 3 18 9 5 18 10 9 18 10 1 19 13 3 19 9 5 19 11 9 19 9
12 28 1 1 1 1 10 8
13 42 4 4 1 0 16 8 3 16 9 4 16 12 6 16 11
14 43 12 6 4 3 10 10 7 10 13 8 10 9 9 10 12 6 11 10 7 11 6 9 11 8 2 13 11 3 13 11 2 16 9 6 16 14 8 16 13
15 45 4 4 2 0 10 13 4 10 16 9 10 8 8 12 9
16 46 18 6 6 3 10 13 7 10 11 8 10 9 2 11 10 3 11 13 3 13 11 6 13 12 7 13 11 8 13 9 0 14 11 0 16 9 2 16 8 6 16 11 7 16 10 8 16 13 0 19 14 2 19 10 6 19 12
17 47 2 2 2 8 11 11 9 17 11
18 52 60 6 10 0 10 9 2 10 12 4 10 10 6 10 17 8 10 14 9 10 10 0 11 9 2 11 10 4 11 12 6 11 12 8 11 11 9 11 12 0 12 9 2 12 11 4 12 9 6 12 9 8 12 10 9 12 8 0 13 14 2 13 7 4 13 8 6 13 11 8 13 12 9 13 10 0 14 14 2 14 10 4 14 10 6 14 7 8 14 9 9 14 11 0 15 12 2 15 11 4 15 9 6 15 8 8 15 8 9 15 8 0 16 10 2 16 9 4 16 10 6 16 11 8 16 13 9 16 9 0 17 8 2 17 10 4 17 12 6 17 7 8 17 10 9 17 9 0 18 8 2 18 11 4 18 13 6 18 13 8 18 10 9 18 9 0 19 11 2 19 10 4 19 9 6 19 11 8 19 13 9 19 8
19 57 5 5 1 1 12 10 3 12 13 5 12 7 7 12 14 8 12 10
20 59 6 6 1 2 13 13 3 13 7 4 13 10 5 13 9 7 13 7 9 13 9
21 67 60 6 10 1 10 10 2 10 10 3 10 12 5 10 12 6 10 12 9 10 11 1 11 13 2 11 8 3 11 11 5 11 9 6 11 13 9 11 11 1 12 10 2 12 14 3 12 12 5 12 11 6 12 14 9 12 10 1 13 7 2 13 11 3 13 8 5 13 9 6 13 9 9 13 9 1 14 9 2 14 13 3 14 10 5 14 7 6 14 12 9 14 8 1 15 11 2 15 11 3 15 10 5 15 8 6 15 6 9 15 10 1 16 13 2 16 11 3 16 12 5 16 12 6 16 11 9 16 11 1 17 7 2 17 12 3 17 12 5 17 10 6 17 10 9 17 12 1 18 10 2 18 9 3 18 8 5 18 9 6 18 12 9 18 11 1 19 9 2 19 11 3 19 11 5 19 10 6 19 9 9 19 9
22 68 4 2 3 5 10 8 7 12 9 5 16 14 7 16 7
23 71 2 2 1 6 12 8 8 12 11
24 80 3 3 1 4 10 9 5 10 10 8 10 9
25 86 12 6 4 1 10 5 4 10 11 1 12 12 6 12 9 7 12 10 8 12 11 2 16 11 4 16 12 6 16 10 8 16 10 2 19 10 7 19 11
26 89 3 3 2 1 13 9 7 13 10 2 14 12
27 90 3 3 1 2 16 12 4 16 13 9 16 11
28 91 4 4 1 2 11 13 3 11 14 6 11 11 8 11 14
29 95 24 6 6 2 10 12 6 10 12 7 10 10 8 10 13 9 10 12 5 11 8 6 11 9 7 11 13 8 11 12 9 11 9 2 13 9 6 13 10 7 13 12 2 16 9 5 16 17 8 16 15 5 17 11 6 17 10 9 17 12 2 18 12 5 18 10 7 18 11 8 18 10 9 18 7
30 101 10 1 10 6 10 10 6 11 11 6 12 10 6 13 13 6 14 11 6 15 12 6 16 11 6 17 10 6 18 14 6 19 6
31 107 1 1 1 4 15 9
32 114 30 3 10 2 10 10 6 10 10 7 10 12 2 11 12 6 11 15 7 11 12 2 12 8 6 12 15 7 12 8 2 13 12 6 13 10 7 13 10 2 14 12 6 14 14 7 14 10 2 15 9 6 15 12 7 15 7 2 16 11 6 16 9 7 16 11 2 17 9 6 17 10 7 17 10 2 18 9 6 18 10 7 18 10 2 19 11 6 19 10 7 19 11
33 120 6 6 1 0 19 8 2 19 11 5 19 11 7 19 12 8 19 8 9 19 11
34 125 20 2 10 3 10 11 7 10 11 3 11 10 7 11 13 3 12 12 7 12 11 3 13 8 7 13 9 3 14 10 7 14 10 3 15 12 7 15 11 3 16 13 7 16 13 3 17 11 7 17 14 3 18 10 7 18 10 3 19 10 7 19 11
35 127 1 1 1 8 19 9
36 132 60 6 10 0 10 6 2 10 7 6 10 15 7 10 8 8 10 12 9 10 12 0 11 10 2 11 13 6 11 11 7 11 12 8 11 10 9 11 11 0 12 13 2 12 11 6 12 9 7 12 11 8 12 8 9 12 12 0 13 10 2 13 12 6 13 7 7 13 11 8 13 11 9 13 9 0 14 10 2 14 10 6 14 9 7 14 10 8 14 12 9 14 8 0 15 14 2 15 10 6 15 9 7 15 11 8 15 7 9 15 9 0 16 10 2 16 10 6 16 12 7 16 8 8 16 12 9 16 11 0 17 11 2 17 11 6 17 10 7 17 12 8 17 12 9 17 10 0 18 11 2 18 15 6 18 9 7 18 12 8 18 12 9 18 11 0 19 11 2 19 12 6 19 13 7 19 13 8 19 9 9 19 11
37 135 12 4 5 2 11 11 6 11 10 0 13 9 6 13 11 0 15 12 1 15 9 2 15 11 6 15 9 1 16 11 2 16 9 0 19 9 1 19 9
38 137 18 6 5 5 10 14 6 10 11 7 10 8 3 11 12 7 11 12 8 11 8 4 15 11 5 15 10 6 15 9 8 15 11 3 17 12 4 17 7 5 17 7 7 17 12 8 17 10 3 19 9 4 19 10 6 19 11
39 140 6 3 3 0 11 11 8 11 14 9 11 12 8 12 10 0 13 11 9 13 8
40 146 2 2 1 0 18 8 6 18 6
41 149 12 6 4 0 10 8 1 10 13 4 10 13 5 10 12 6 10 13 5 11 12 6 11 10 8 16 10 0 18 11 1 18 10 4 18 11 8 18 10
42 155 10 5 4 0 10 9 2 10 10 4 11 13 6 11 10 0 12 11 3 12 15 6 12 12 2 18 12 3 18 11 4 18 10
43 156 4 4 1 0 15 8 1 15 9 3 15 10 4 15 13
44 159 60 6 10 1 10 12 2 10 10 3 10 9 5 10 11 6 10 14 9 10 10 1 11 8 2 11 12 3 11 9 5 11 10 6 11 12 9 11 10 1 12 12 2 12 10 3 12 9 5 12 10 6 12 10 9 12 10 1 13 10 2 13 8 3 13 13 5 13 7 6 13 9 9 13 13 1 14 12 2 14 11 3 14 9 5 14 13 6 14 12 9 14 8 1 15 8 2 15 13 3 15 14 5 15 11 6 15 9 9 15 9 1 16 9 2 16 10 3 16 14 5 16 9 6 16 13 9 16 9 1 17 9 2 17 12 3 17 10 5 17 9 6 17 10 9 17 15 1 18 11 2 18 14 3 18 8 5 18 14 6 18 11 9 18 14 1 19 13 2 19 14 3 19 11 5 19 10 6 19 11 9 19 8
45 160 4 2 2 1 13 11 7 13 13 1 19 5 7 19 10
46 161 18 6 5 1 10 11 3 10 11 4 10 10 9 10 9 1 11 11 5 11 11 8 11 6 9 11 15 1 13 8 3 13 11 4 13 11 5 13 10 3 14 13 8 14 10 9 14 11 4 16 11 5 16 12 8 16 11
47 163 3 3 1 0 16 10 3 16 11 6 16 11
48 166 40 4 10 2 10 6 4 10 12 8 10 10 9 10 9 2 11 13 4 11 12 8 11 10 9 11 12 2 12 12 4 12 11 8 12 10 9 12 12 2 13 14 4 13 14 8 13 10 9 13 9 2 14 13 4 14 11 8 14 8 9 14 9 2 15 10 4 15 12 8 15 10 9 15 10 2 16 9 4 16 10 8 16 10 9 16 13 2 17 12 4 17 9 8 17 13 9 17 11 2 18 9 4 18 9 8 18 13 9 18 11 2 19 12 4 19 11 8 19 10 9 19 12
49 167 12 6 4 2 13 10 7 13 12 4 15 12 5 15 14 0 16 11 2 16 9 4 16 12 7 16 10 8 16 13 0 19 12 5 19 9 8 19 12
