20 50
0 0 30 3 10 0 10 15 4 10 12 9 10 10 0 11 10 4 11 12 9 11 9 0 12 13 4 12 9 9 12 14 0 13 9 4 13 12 9 13 5 0 14 8 4 14 11 9 14 13 0 15 12 4 15 12 9 15 10 0 16 12 4 16 6 9 16 9 0 17 10 4 17 9 9 17 3 0 18 10 4 18 8 9 18 7 0 19 9 4 19 11 9 19 12
1 2 1 1 1 3 18 11
2 4 3 1 3 9 13 8 9 18 5 9 19 11
3 8 24 6 7 0 11 15 1 11 11 2 11 7 1 12 10 2 12 11 5 12 9 8 12 9 9 12 9 0 13 13 1 13 10 5 13 9 8 13 13 0 14 11 5 14 11 8 14 13 9 14 7 2 15 11 0 17 8 2 17 10 8 17 12 9 17 9 1 18 9 5 18 13 9 18 11
4 10 1 1 1 4 11 12
5 11 2 2 1 3 11 8 9 11 13
6 13 60 6 10 1 10 12 2 10 11 3 10 8 4 10 8 7 10 11 9 10 9 1 11 14 2 11 10 3 11 11 4 11 9 7 11 8 9 11 8 1 12 11 2 12 9 3 12 13 4 12 14 7 12 11 9 12 15 1 13 12 2 13 8 3 13 6 4 13 12 7 13 11 9 13 8 1 14 9 2 14 12 3 14 9 4 14 13 7 14 10 9 14 12 1 15 9 2 15 11 3 15 14 4 15 9 7 15 10 9 15 13 1 16 10 2 16 16 3 16 11 4 16 12 7 16 11 9 16 7 1 17 9 2 17 10 3 17 13 4 17 13 7 17 12 9 17 9 1 18 8 2 18 7 3 18 12 4 18 11 7 18 10 9 18 13 1 19 12 2 19 10 3 19 13 4 19 8 7 19 10 9 19 13
7 14 4 4 2 0 14 11 5 14 9 1 18 11 4 18 8
8 17 2 2 2 5 11 9 9 15 9
9 20 12 6 4 2 10 10 7 10 11 2 12 18 6 12 11 9 12 15 5 17 13 6 17 13 8 17 11 5 19 13 7 19 9 8 19 10 9 19 7
10 24 6 6 1 0 18 11 1 18 8 3 18 10 5 18 11 7 18 10 8 18 14
11 27 18 6 5 3 11 10 4 11 10 5 11 8 8 11 13 3 14 11 5 14 14 1 16 11 2 16 10 3 16 14 8 16 10 1 18 13 2 18 12 4 18 9 8 18 12 1 19 11 2 19 16 4 19 7 5 19 14
12 28 3 3 1 0 12 12 2 12 13 4 12 10
13 42 3 3 1 3 11 9 4 11 12 9 11 11
14 43 1 1 1 3 10 9
15 45 60 6 10 1 10 12 2 10 12 4 10 12 7 10 13 8 10 13 9 10 10 1 11 10 2 11 13 4 11 11 7 11 11 8 11 8 9 11 10 1 12 12 2 12 11 4 12 8 7 12 13 8 12 9 9 12 6 1 13 7 2 13 9 4 13 9 7 13 13 8 13 10 9 13 12 1 14 11 2 14 10 4 14 11 7 14 12 8 14 10 9 14 7 1 15 9 2 15 12 4 15 10 7 15 11 8 15 11 9 15 7 1 16 8 2 16 10 4 16 8 7 16 12 8 16 6 9 16 11 1 17 11 2 17 11 4 17 10 7 17 5 8 17 11 9 17 6 1 18 10 2 18 11 4 18 12 7 18 10 8 18 8 9 18 5 1 19 13 2 19 10 4 19 11 7 19 11 8 19 9 9 19 10
16 46 6 3 3 4 10 10 6 10 13 9 11 13 4 12 11 6 12 9 9 12 12
17 47 5 5 1 1 11 12 3 11 12 4 11 14 5 11 10 7 11 10
18 52 1 1 1 9 19 14
19 57 2 2 1 2 10 12 7 10 8
20 59 4 4 2 3 13 9 4 13 8 5 18 11 9 18 8
21 67 20 2 10 8 10 8 9 10 12 8 11 11 9 11 10 8 12 8 9 12 10 8 13 9 9 13 9 8 14 10 9 14 12 8 15 12 9 15 12 8 16 9 9 16 12 8 17 10 9 17 9 8 18 11 9 18 10 8 19 12 9 19 14
22 68 2 2 1 1 18 10 2 18 11
23 71 1 1 1 6 12 11
24 80 5 5 1 0 19 8 1 19 14 3 19 13 6 19 12 7 19 12
25 86 3 3 1 0 19 13 1 19 14 9 19 11
26 89 3 3 1 2 19 12 3 19 11 4 19 9
27 90 24 6 7 4 11 12 5 11 14 7 11 11 1 12 13 3 12 12 5 12 11 7 12 11 8 12 9 1 13 10 3 13 11 4 13 9 5 13 9 1 15 11 4 15 10 7 15 11 8 15 12 5 16 10 7 16 10 8 16 9 3 17 10 1 19 12 3 19 8 4 19 12 8 19 11
28 91 24 6 7 0 10 8 2 10 13 4 10 9 6 10 12 7 10 11 9 10 10 0 11 11 2 11 9 9 11 8 0 12 9 2 12 10 4 12 10 9 12 10 2 13 11 4 14 13 6 14 8 7 14 13 0 17 8 6 17 13 7 17 10 9 17 9 4 18 12 6 18 10 7 18 10
29 95 60 6 10 0 10 11 1 10 8 2 10 11 5 10 11 6 10 7 9 10 10 0 11 9 1 11 12 2 11 12 5 11 7 6 11 11 9 11 11 0 12 12 1 12 9 2 12 9 5 12 11 6 12 11 9 12 9 0 13 10 1 13 13 2 13 10 5 13 8 6 13 10 9 13 7 0 14 14 1 14 12 2 14 13 5 14 13 6 14 14 9 14 8 0 15 10 1 15 11 2 15 9 5 15 12 6 15 13 9 15 13 0 16 11 1 16 9 2 16 9 5 16 11 6 16 7 9 16 10 0 17 10 1 17 12 2 17 13 5 17 10 6 17 11 9 17 11 0 18 10 1 18 11 2 18 10 5 18 12 6 18 11 9 18 11 0 19 13 1 19 10 2 19 7 5 19 12 6 19 11 9 19 10
30 101 18 6 5 2 11 10 5 11 14 8 11 6 3 12 8 6 12 10 0 14 12 3 14 9 6 14 11 8 14 10 0 16 12 2 16 13 5 16 12 8 16 8 0 17 15 2 17 12 3 17 11 5 17 10 6 17 11
31 107 15 5 6 6 10 9 7 10 10 8 10 12 2 12 11 8 12 12 0 14 12 2 14 10 6 14 11 2 15 8 7 15 9 0 17 7 6 17 15 7 17 14 0 18 10 8 18 13
32 114 1 1 1 2 18 12
33 120 2 2 1 3 14 14 8 14 12
34 125 6 6 1 0 16 7 2 16 13 4 16 12 5 16 10 6 16 10 9 16 8
35 127 6 6 1 2 10 13 3 10 14 4 10 13 6 10 7 7 10 10 8 10 11
36 132 2 2 2 6 15 10 1 19 11
37 135 4 4 1 1 17 9 4 17 11 6 17 8 7 17 11
38 137 30 3 10 1 10 12 3 10 8 7 10 9 1 11 7 3 11 9 7 11 12 1 12 9 3 12 10 7 12 11 1 13 11 3 13 9 7 13 12 1 14 11 3 14 8 7 14 15 1 15 10 3 15 10 7 15 13 1 16 15 3 16 13 7 16 11 1 17 14 3 17 11 7 17 12 1 18 10 3 18 9 7 18 8 1 19 7 3 19 8 7 19 7
39 140 40 4 10 0 10 13 2 10 10 3 10 12 7 10 4 0 11 11 2 11 13 3 11 14 7 11 10 0 12 11 2 12 11 3 12 9 7 12 12 0 13 12 2 13 12 3 13 9 7 13 9 0 14 11 2 14 11 3 14 8 7 14 10 0 15 8 2 15 16 3 15 8 7 15 13 0 16 9 2 16 11 3 16 12 7 16 10 0 17 13 2 17 8 3 17 12 7 17 13 0 18 11 2 18 14 3 18 13 7 18 14 0 19 11 2 19 8 3 19 10 7 19 11
40 146 5 5 2 2 16 9 5 16 7 1 18 12 4 18 8 7 18 8
41 149 12 6 4 1 10 12 5 10 11 7 10 10 8 10 11 8 14 6 2 17 14 5 17 9 6 17 10 7 17 11 1 19 10 2 19 8 6 19 11
42 155 18 6 5 0 11 13 1 11 6 4 11 11 7 11 10 0 12 8 1 12 12 3 12 10 4 12 13 5 12 8 7 12 12 4 15 9 3 16 8 5 16 16 0 18 11 1 18 15 3 18 8 5 18 12 7 18 10
43 156 20 2 10 5 10 12 8 10 5 5 11 8 8 11 12 5 12 12 8 12 10 5 13 10 8 13 12 5 14 12 8 14 11 5 15 9 8 15 9 5 16 10 8 16 10 5 17 7 8 17 13 5 18 9 8 18 9 5 19 10 8 19 12
44 159 4 4 1 2 14 11 4 14 13 8 14 7 9 14 10
45 160 4 4 2 6 10 11 8 10 9 2 16 7 7 16 14
46 161 20 2 10 6 10 12 7 10 12 6 11 11 7 11 8 6 12 7 7 12 7 6 13 10 7 13 9 6 14 9 7 14 12 6 15 12 7 15 9 6 16 9 7 16 11 6 17 9 7 17 12 6 18 13 7 18 14 6 19 9 7 19 11
47 163 12 6 3 7 10 12 1 14 12 2 14 12 3 14 12 5 14 15 9 14 10 1 18 11 2 18 11 3 18 10 5 18 11 7 18 10 9 18 12
48 166 18 6 5 5 10 11 6 10 8 7 10 7 9 10 12 0 13 12 5 13 13 9 13 12 4 16 10 5 16 11 6 16 11 7 16 8 0 18 10 4 18 12 0 19 12 4 19 16 6 19 14 7 19 10 9 19 12
49 167 40 4 10 0 10 8 5 10 9 7 10 9 9 10 11 0 11 9 5 11 9 7 11 10 9 11 10 0 12 13 5 12 11 7 12 9 9 12 7 0 13 9 5 13 13 7 13 11 9 13 13 0 14 11 5 14 8 7 14 11 9 14 7 0 15 11 5 15 11 7 15 10 9 15 10 0 16 13 5 16 11 7 16 12 9 16 7 0 17 11 5 17 10 7 17 12 9 17 10 0 18 11 5 18 10 7 18 11 9 18 6 0 19 12 5 19 12 7 19 12 9 19 9
