20 50
0 0 50 5 10 0 10 4 2 10 11 4 10 11 6 10 11 9 10 10 0 11 10 2 11 10 4 11 10 6 11 10 9 11 14 0 12 11 2 12 10 4 12 13 6 12 11 9 12 10 0 13 10 2 13 10 4 13 7 6 13 11 9 13 8 0 14 10 2 14 11 4 14 13 6 14 10 9 14 13 0 15 8 2 15 10 4 15 8 6 15 8 9 15 8 0 16 15 2 16 11 4 16 10 6 16 12 9 16 10 0 17 13 2 17 10 4 17 8 6 17 7 9 17 13 0 18 11 2 18 8 4 18 8 6 18 9 9 18 11 0 19 10 2 19 8 4 19 9 6 19 10 9 19 15
1 2 24 6 7 1 11 7 4 11 12 5 11 10 6 11 11 7 11 13 9 11 7 4 12 10 7 12 12 4 13 11 6 13 7 1 14 12 5 14 11 7 14 10 9 14 8 1 15 11 9 15 13 5 16 11 6 16 15 1 18 10 4 18 10 5 18 11 6 18 12 7 18 7 9 18 9
2 4 12 6 4 1 11 10 2 11 7 3 11 13 9 11 9 0 14 14 6 14 11 1 15 8 3 15 10 6 15 10 9 15 11 0 19 15 2 19 13
3 8 18 6 5 0 10 12 3 10 14 4 10 10 6 10 13 1 11 10 4 11 9 6 11 10 9 11 12 0 13 6 1 13 8 3 13 8 6 13 10 9 13 9 0 15 10 3 15 13 4 15 10 1 16 10 9 16 10
4 10 24 6 7 2 10 14 6 10 7 7 10 11 0 12 10 9 12 10 0 14 8 7 14 14 8 14 13 9 14 12 0 15 8 2 15 13 6 15 12 8 15 12 6 16 10 7 16 11 8 16 10 9 16 17 0 17 13 2 17 9 7 17 8 2 19 12 6 19 10 8 19 13 9 19 10
5 11 1 1 1 2 10 11
6 13 12 6 4 0 10 10 1 10 7 5 10 11 4 16 11 6 16 10 0 17 10 3 17 8 4 17 13 1 18 12 3 18 9 5 18 8 6 18 14
7 14 6 3 3 2 14 13 4 14 11 3 18 8 2 19 12 3 19 11 4 19 10
8 17 20 2 10 1 10 9 8 10 11 1 11 15 8 11 10 1 12 12 8 12 10 1 13 10 8 13 14 1 14 12 8 14 12 1 15 14 8 15 15 1 16 13 8 16 11 1 17 9 8 17 8 1 18 12 8 18 10 1 19 13 8 19 14
9 20 1 1 1 7 12 12
10 24 4 4 1 3 13 9 4 13 15 5 13 10 8 13 6
11 27 12 6 3 0 14 11 1 14 9 5 14 12 6 14 8 9 14 8 0 15 10 1 15 8 5 15 9 6 15 7 7 15 9 7 16 12 9 16 12
12 28 1 1 1 9 16 9
13 42 3 3 1 1 12 14 4 12 12 5 12 8
14 43 5 5 2 1 10 9 6 10 11 4 17 10 7 17 15 8 17 8
15 45 3 3 1 0 19 8 5 19 13 8 19 12
16 46 60 6 10 2 10 12 3 10 10 4 10 13 5 10 5 6 10 8 8 10 12 2 11 10 3 11 11 4 11 15 5 11 13 6 11 7 8 11 10 2 12 10 3 12 10 4 12 12 5 12 12 6 12 13 8 12 14 2 13 10 3 13 12 4 13 13 5 13 9 6 13 9 8 13 8 2 14 12 3 14 12 4 14 7 5 14 10 6 14 11 8 14 8 2 15 9 3 15 9 4 15 8 5 15 12 6 15 12 8 15 11 2 16 9 3 16 10 4 16 13 5 16 8 6 16 13 8 16 12 2 17 13 3 17 9 4 17 7 5 17 11 6 17 13 8 17 13 2 18 9 3 18 13 4 18 12 5 18 12 6 18 12 8 18 10 2 19 8 3 19 14 4 19 13 5 19 8 6 19 11 8 19 13
17 47 6 6 1 1 12 11 2 12 11 3 12 9 4 12 11 8 12 10 9 12 11
18 52 30 3 10 0 10 9 7 10 11 9 10 10 0 11 10 7 11 12 9 11 6 0 12 11 7 12 12 9 12 10 0 13 11 7 13 9 9 13 14 0 14 10 7 14 14 9 14 6 0 15 15 7 15 11 9 15 11 0 16 8 7 16 12 9 16 9 0 17 11 7 17 13 9 17 11 0 18 12 7 18 10 9 18 7 0 19 12 7 19 12 9 19 9
19 57 6 6 2 2 11 10 4 11 14 6 11 11 1 14 14 3 14 10 5 14 10
20 59 2 2 1 0 12 9 5 12 12
21 67 12 6 4 0 11 10 2 11 12 4 11 10 5 11 7 0 12 11 3 12 14 7 12 10 2 16 12 3 16 17 4 16 11 7 16 12 5 18 12
22 68 4 4 1 4 11 12 6 11 11 8 11 10 9 11 11
23 71 20 2 10 2 10 12 6 10 15 2 11 9 6 11 9 2 12 10 6 12 11 2 13 9 6 13 8 2 14 7 6 14 10 2 15 10 6 15 9 2 16 11 6 16 6 2 17 11 6 17 11 2 18 13 6 18 5 2 19 7 6 19 11
24 80 2 2 1 2 10 12 5 10 9
25 86 6 6 1 1 18 13 3 18 11 4 18 7 7 18 6 8 18 9 9 18 8
26 89 8 4 3 2 11 7 3 11 11 9 11 13 2 12 15 3 12 12 8 12 9 8 19 12 9 19 12
27 90 3 3 2 9 16 9 3 18 10 6 18 9
28 91 1 1 1 7 10 14
29 95 8 4 4 7 10 12 4 14 7 9 14 9 4 15 9 5 15 6 7 15 13 9 15 11 5 19 12
30 101 12 6 4 9 12 10 1 13 12 2 13 9 3 13 10 5 13 11 0 15 11 1 15 15 2 15 9 5 15 10 0 19 11 3 19 9 9 19 11
31 107 3 3 1 0 10 10 3 10 10 6 10 12
32 114 6 3 3 1 12 11 2 12 12 2 13 9 3 13 10 1 16 12 3 16 8
33 120 2 2 1 1 17 12 5 17 11
34 125 6 6 1 0 16 6 3 16 10 4 16 9 5 16 12 6 16 12 9 16 10
35 127 30 3 10 1 10 10 5 10 9 9 10 13 1 11 9 5 11 12 9 11 9 1 12 8 5 12 11 9 12 9 1 13 9 5 13 12 9 13 14 1 14 11 5 14 10 9 14 7 1 15 12 5 15 10 9 15 9 1 16 9 5 16 8 9 16 9 1 17 9 5 17 11 9 17 13 1 18 12 5 18 8 9 18 12 1 19 11 5 19 12 9 19 12
36 132 12 6 4 1 10 8 4 10 10 5 10 12 6 10 8 1 12 9 3 12 9 4 12 8 6 12 13 8 12 11 3 13 10 8 13 14 5 16 13
37 135 3 3 2 0 11 11 7 11 8 5 17 12
38 137 2 2 1 2 11 11 5 11 9
39 140 4 4 2 4 10 9 5 10 8 7 11 10 8 11 8
40 146 18 6 6 5 13 11 8 13 12 9 13 10 4 14 11 7 14 12 4 15 5 5 15 11 7 15 11 3 16 9 4 16 13 5 16 8 8 16 7 9 16 9 3 17 12 7 17 7 9 17 11 3 19 9 8 19 14
41 149 1 1 1 8 15 12
42 155 1 1 1 0 13 9
43 156 12 6 4 1 11 13 0 13 9 4 13 8 7 13 8 8 13 11 9 13 9 0 17 8 1 17 8 4 17 11 7 17 11 9 17 9 8 18 14
44 159 6 6 2 8 10 10 0 12 8 1 12 12 3 12 15 5 12 11 7 12 13
45 160 24 6 7 1 11 8 2 11 10 5 11 12 9 12 13 1 13 10 2 13 5 4 13 10 5 13 10 7 13 12 9 13 10 1 15 12 4 15 8 5 15 8 7 15 8 1 17 10 4 17 8 7 17 9 9 17 11 2 18 14 2 19 7 4 19 9 5 19 12 7 19 9 9 19 8
46 161 30 3 10 1 10 12 7 10 12 8 10 13 1 11 11 7 11 13 8 11 7 1 12 8 7 12 15 8 12 12 1 13 8 7 13 8 8 13 7 1 14 9 7 14 8 8 14 10 1 15 12 7 15 9 8 15 14 1 16 12 7 16 10 8 16 14 1 17 10 7 17 11 8 17 11 1 18 12 7 18 12 8 18 14 1 19 8 7 19 13 8 19 12
47 163 2 2 2 0 11 13 5 13 9
48 166 4 4 1 3 17 13 6 17 11 8 17 11 9 17 10
49 167 2 2 1 4 19 11 8 19 12
