20 50
0 0 24 6 7 1 12 15 6 12 15 9 12 10 0 13 9 1 13 8 4 13 7 9 13 10 4 14 12 8 14 10 9 14 10 4 16 10 6 16 10 8 16 9 0 17 8 1 17 8 4 17 12 8 17 8 9 17 9 0 18 12 1 18 9 6 18 13 0 19 8 6 19 13 8 19 10
1 2 3 3 1 0 17 11 2 17 11 7 17 14
2 4 1 1 1 5 11 7
3 8 2 2 1 2 19 10 9 19 13
4 10 2 2 1 7 19 14 8 19 7
5 11 6 6 1 0 10 8 3 10 15 5 10 14 6 10 13 8 10 11 9 10 9
6 13 2 2 1 0 18 9 2 18 10
7 14 6 3 3 0 15 11 3 16 8 9 16 10 0 17 8 3 17 9 9 17 9
8 17 3 3 1 3 12 8 7 12 12 8 12 10
9 20 2 2 2 0 10 11 3 17 7
10 24 24 6 8 8 10 15 0 11 10 1 11 10 7 11 10 8 11 10 9 11 11 0 13 6 5 13 9 0 14 12 1 14 12 5 14 9 7 14 12 8 14 13 7 15 6 0 16 10 5 16 11 7 16 10 8 16 6 9 16 10 1 18 13 9 18 11 1 19 11 5 19 12 9 19 12
11 27 2 2 1 1 16 8 3 16 12
12 28 12 6 4 1 11 13 2 11 13 3 11 13 5 11 9 7 11 12 1 12 12 2 12 8 5 12 12 0 16 5 3 16 9 7 16 11 0 18 9
13 42 4 4 2 1 11 9 5 11 11 6 14 8 9 14 10
14 43 12 6 3 3 14 9 4 14 13 6 14 8 8 14 8 2 15 10 4 15 12 6 15 9 7 15 16 8 15 9 2 17 12 3 17 13 7 17 14
15 45 4 4 1 0 15 12 3 15 9 4 15 10 5 15 11
16 46 4 4 1 0 12 11 5 12 14 8 12 12 9 12 9
17 47 18 6 6 1 12 7 2 12 8 3 12 11 6 12 13 2 14 9 3 14 11 6 14 11 9 14 10 1 15 13 2 16 11 7 16 13 9 16 7 6 17 11 7 17 13 1 18 14 3 18 16 7 18 10 9 18 13
18 52 60 6 10 1 10 12 3 10 7 5 10 11 6 10 9 8 10 11 9 10 13 1 11 12 3 11 9 5 11 10 6 11 13 8 11 9 9 11 14 1 12 11 3 12 7 5 12 9 6 12 9 8 12 8 9 12 14 1 13 8 3 13 15 5 13 10 6 13 11 8 13 13 9 13 9 1 14 10 3 14 12 5 14 10 6 14 11 8 14 13 9 14 14 1 15 10 3 15 14 5 15 8 6 15 11 8 15 9 9 15 13 1 16 12 3 16 8 5 16 11 6 16 13 8 16 14 9 16 15 1 17 8 3 17 12 5 17 13 6 17 9 8 17 9 9 17 11 1 18 9 3 18 11 5 18 9 6 18 11 8 18 11 9 18 11 1 19 10 3 19 11 5 19 11 6 19 8 8 19 12 9 19 7
19 57 30 3 10 2 10 12 7 10 13 9 10 10 2 11 10 7 11 9 9 11 9 2 12 10 7 12 9 9 12 11 2 13 9 7 13 10 9 13 13 2 14 12 7 14 12 9 14 15 2 15 9 7 15 13 9 15 9 2 16 14 7 16 16 9 16 10 2 17 7 7 17 10 9 17 9 2 18 12 7 18 11 9 18 12 2 19 14 7 19 13 9 19 7
20 59 1 1 1 2 19 10
21 67 18 6 6 0 10 15 2 10 12 6 10 10 4 12 15 7 12 10 2 13 12 4 13 12 6 13 9 0 16 10 9 16 11 2 17 8 4 17 11 7 17 16 9 17 9 0 18 10 6 18 10 7 18 10 9 18 13
22 68 24 6 7 1 10 12 5 10 7 7 10 12 9 10 11 2 11 14 5 11 11 8 11 14 1 12 10 2 12 8 7 12 10 9 12 14 1 13 8 2 13 14 7 13 8 8 13 10 5 16 8 8 16 9 9 16 12 5 17 11 7 17 12 9 17 10 1 19 10 2 19 10 8 19 16
23 71 8 4 4 0 11 11 9 11 12 4 12 12 9 12 13 0 17 10 8 17 10 4 19 7 8 19 12
24 80 6 3 3 0 16 14 4 16 12 3 18 9 0 19 12 3 19 10 4 19 8
25 86 6 6 1 0 15 13 2 15 11 5 15 11 6 15 12 7 15 8 8 15 10
26 89 12 6 4 1 10 12 5 10 11 6 10 11 9 10 11 0 12 10 1 12 8 8 12 13 0 13 9 5 13 9 8 13 12 6 16 9 9 16 15
27 90 30 3 10 6 10 11 7 10 13 8 10 9 6 11 9 7 11 11 8 11 7 6 12 11 7 12 12 8 12 10 6 13 12 7 13 11 8 13 7 6 14 12 7 14 10 8 14 12 6 15 11 7 15 11 8 15 12 6 16 10 7 16 10 8 16 10 6 17 13 7 17 11 8 17 13 6 18 9 7 18 10 8 18 13 6 19 10 7 19 10 8 19 12
28 91 6 6 1 0 12 11 1 12 9 2 12 7 5 12 14 8 12 11 9 12 10
29 95 2 2 1 2 19 5 4 19 10
30 101 3 3 2 8 10 7 9 10 8 3 14 8
31 107 1 1 1 0 14 14
32 114 18 6 5 1 11 7 6 11 10 9 11 10 0 15 12 3 15 8 6 15 9 9 15 11 1 17 11 3 17 9 7 17 10 0 18 11 1 18 8 7 18 10 9 18 10 0 19 7 3 19 11 6 19 13 7 19 13
33 120 5 5 2 2 11 9 3 11 12 1 13 13 5 13 9 8 13 12
34 125 1 1 1 8 15 10
35 127 60 6 10 1 10 10 2 10 15 4 10 9 5 10 16 7 10 10 8 10 10 1 11 12 2 11 12 4 11 6 5 11 12 7 11 5 8 11 12 1 12 9 2 12 11 4 12 7 5 12 10 7 12 14 8 12 13 1 13 9 2 13 12 4 13 10 5 13 9 7 13 10 8 13 7 1 14 13 2 14 9 4 14 14 5 14 11 7 14 9 8 14 12 1 15 10 2 15 12 4 15 8 5 15 11 7 15 10 8 15 9 1 16 10 2 16 10 4 16 9 5 16 12 7 16 11 8 16 13 1 17 11 2 17 12 4 17 11 5 17 10 7 17 10 8 17 15 1 18 10 2 18 9 4 18 12 5 18 12 7 18 12 8 18 10 1 19 10 2 19 13 4 19 14 5 19 13 7 19 10 8 19 10
36 132 4 4 1 0 16 11 2 16 9 3 16 12 4 16 11
37 135 6 6 2 6 11 9 8 11 7 9 11 10 0 14 12 3 14 11 4 14 8
38 137 24 6 6 0 10 12 1 10 7 9 10 13 0 11 12 1 11 9 5 11 12 6 11 10 9 11 13 1 12 12 4 12 12 5 12 7 0 16 9 1 16 13 4 16 12 5 16 8 6 16 8 9 16 13 0 17 10 4 17 13 5 17 11 6 17 9 4 19 14 6 19 10 9 19 11
39 140 12 6 3 0 15 13 5 15 11 6 15 9 7 15 11 0 17 8 1 17 10 2 17 5 1 18 10 2 18 8 5 18 10 6 18 8 7 18 14
40 146 10 1 10 4 10 12 4 11 10 4 12 9 4 13 9 4 14 12 4 15 8 4 16 11 4 17 10 4 18 15 4 19 11
41 149 4 4 2 4 13 11 6 13 11 5 14 12 7 14 14
42 155 6 6 2 1 13 9 2 13 12 3 13 9 4 13 11 7 13 12 9 17 9
43 156 2 2 1 4 12 10 9 12 9
44 159 12 6 4 2 10 10 6 10 12 7 10 12 2 12 13 5 12 6 6 12 7 7 12 11 0 16 13 5 16 9 8 16 7 0 18 7 8 18 13
45 160 60 6 10 1 10 8 3 10 13 5 10 10 6 10 4 7 10 13 8 10 10 1 11 9 3 11 10 5 11 13 6 11 11 7 11 6 8 11 9 1 12 10 3 12 8 5 12 9 6 12 14 7 12 9 8 12 13 1 13 12 3 13 9 5 13 13 6 13 12 7 13 12 8 13 10 1 14 8 3 14 7 5 14 9 6 14 9 7 14 11 8 14 12 1 15 9 3 15 5 5 15 9 6 15 11 7 15 11 8 15 9 1 16 5 3 16 11 5 16 13 6 16 7 7 16 8 8 16 10 1 17 9 3 17 13 5 17 9 6 17 9 7 17 11 8 17 11 1 18 10 3 18 13 5 18 12 6 18 6 7 18 10 8 18 9 1 19 12 3 19 14 5 19 9 6 19 13 7 19 9 8 19 15
46 161 1 1 1 0 17 9
47 163 15 5 5 2 13 6 6 13 10 8 13 7 0 14 11 2 14 14 3 14 10 3 17 12 6 17 9 8 17 10 0 18 7 3 18 12 6 18 9 0 19 13 2 19 11 8 19 8
48 166 24 6 6 2 10 12 3 10 7 4 10 9 5 10 10 9 10 10 0 11 8 4 11 12 5 11 9 9 11 9 0 12 13 3 12 9 4 12 9 5 12 13 9 12 10 0 13 10 2 13 9 5 13 8 9 13 13 2 15 11 3 15 13 4 15 14 0 16 11 2 16 8 3 16 15
49 167 2 2 1 1 14 14 6 14 11
