20 50
0 0 3 3 2 1 11 9 7 12 10 9 12 13
1 2 2 2 2 6 14 9 3 18 9
2 4 10 1 10 6 10 11 6 11 11 6 12 9 6 13 10 6 14 12 6 15 7 6 16 7 6 17 6 6 18 12 6 19 13
3 8 18 6 5 0 10 9 2 10 10 3 10 7 6 10 14 2 13 12 9 13 10 0 15 12 2 15 12 4 15 10 9 15 15 0 17 9 3 17 11 4 17 11 6 17 12 3 19 9 4 19 14 6 19 9 9 19 9
4 10 6 6 1 0 19 11 1 19 11 2 19 14 6 19 12 7 19 6 8 19 12
5 11 6 6 1 0 13 10 2 13 9 4 13 8 5 13 11 6 13 11 8 13 9
6 13 10 1 10 5 10 11 5 11 13 5 12 13 5 13 11 5 14 13 5 15 12 5 16 9 5 17 9 5 18 8 5 19 9
7 14 3 3 1 0 15 9 1 15 11 9 15 8
8 17 10 5 4 1 12 11 4 12 9 7 12 8 8 13 9 9 13 11 8 16 11 1 19 12 4 19 9 7 19 11 9 19 10
9 20 3 3 1 5 15 10 6 15 9 7 15 10
10 24 2 2 1 3 11 11 9 11 8
11 27 1 1 1 1 17 8
12 28 6 6 3 2 12 10 3 15 11 5 15 9 6 15 14 7 19 7 8 19 10
13 42 18 6 5 0 10 13 3 10 11 4 10 10 1 11 15 3 11 12 4 11 12 5 11 10 8 11 10 0 12 10 1 12 8 0 15 13 4 15 12 5 15 9 8 15 11 1 16 10 3 16 11 5 16 8 8 16 7
14 43 6 6 1 1 15 7 2 15 8 3 15 10 4 15 11 6 15 13 7 15 9
15 45 60 6 10 0 10 11 1 10 10 6 10 10 7 10 8 8 10 8 9 10 8 0 11 13 1 11 11 6 11 13 7 11 12 8 11 10 9 11 7 0 12 10 1 12 12 6 12 9 7 12 14 8 12 12 9 12 13 0 13 10 1 13 8 6 13 10 7 13 6 8 13 12 9 13 8 0 14 10 1 14 13 6 14 12 7 14 12 8 14 10 9 14 11 0 15 8 1 15 7 6 15 7 7 15 12 8 15 8 9 15 11 0 16 12 1 16 7 6 16 7 7 16 8 8 16 13 9 16 8 0 17 14 1 17 12 6 17 9 7 17 15 8 17 10 9 17 9 0 18 10 1 18 12 6 18 7 7 18 10 8 18 11 9 18 10 0 19 12 1 19 12 6 19 8 7 19 11 8 19 11 9 19 9
16 46 24 6 6 0 12 12 1 12 12 3 12 12 4 12 13 5 12 16 9 12 12 1 13 11 3 13 8 4 13 9 5 13 9 9 13 8 0 14 10 1 14 8 3 14 11 5 14 12 0 15 8 1 15 13 9 15 10 4 16 9 5 16 11 9 16 13 0 17 10 3 17 8 4 17 8
17 47 12 3 6 0 10 9 4 10 8 0 11 12 4 11 10 7 11 12 7 13 10 0 14 14 4 14 11 0 15 11 7 15 10 4 17 11 7 17 10
18 52 6 3 3 4 14 10 7 14 9 4 15 10 6 15 13 6 16 9 7 16 10
19 57 24 6 7 3 10 10 4 10 12 5 10 16 8 10 12 9 10 10 4 11 15 8 11 11 9 11 10 2 12 11 3 12 7 9 12 13 2 14 13 3 14 11 4 14 7 5 14 10 8 14 7 2 15 8 5 15 8 9 15 12 4 16 8 8 16 11 2 19 14 3 19 6 5 19 9
20 59 6 6 2 1 12 9 9 12 12 3 14 9 5 14 14 7 14 14 8 14 8
21 67 2 2 1 8 17 11 9 17 11
22 68 12 6 3 6 10 9 8 10 9 9 10 9 2 14 8 5 14 8 7 14 10 9 14 8 2 19 10 5 19 11 6 19 10 7 19 7 8 19 11
23 71 2 2 1 1 15 9 5 15 11
24 80 1 1 1 5 18 11
25 86 12 6 3 2 15 11 4 15 12 9 15 12 0 16 8 4 16 11 6 16 10 7 16 9 0 19 10 2 19 12 6 19 13 7 19 9 9 19 12
26 89 12 6 4 3 10 13 6 10 11 8 10 9 1 11 14 1 12 12 2 12 8 4 12 9 6 12 14 2 16 11 3 16 14 4 16 9 8 16 12
27 90 10 1 10 4 10 10 4 11 11 4 12 8 4 13 10 4 14 5 4 15 10 4 16 5 4 17 8 4 18 11 4 19 10
28 91 2 2 1 6 16 8 7 16 13
29 95 3 3 1 0 14 12 4 14 6 8 14 7
30 101 3 3 1 1 18 13 2 18 10 3 18 12
31 107 50 5 10 2 10 9 5 10 8 6 10 5 8 10 10 9 10 9 2 11 6 5 11 10 6 11 12 8 11 12 9 11 13 2 12 8 5 12 10 6 12 13 8 12 10 9 12 12 2 13 10 5 13 10 6 13 12 8 13 8 9 13 13 2 14 11 5 14 15 6 14 10 8 14 9 9 14 10 2 15 12 5 15 10 6 15 6 8 15 10 9 15 14 2 16 11 5 16 14 6 16 12 8 16 13 9 16 13 2 17 8 5 17 7 6 17 17 8 17 8 9 17 15 2 18 13 5 18 10 6 18 8 8 18 9 9 18 9 2 19 13 5 19 10 6 19 12 8 19 11 9 19 11
32 114 1 1 1 3 15 15
33 120 1 1 1 9 13 13
34 125 10 5 4 6 10 12 9 10 11 0 12 11 3 12 11 0 13 11 1 13 12 3 13 9 6 13 10 1 15 11 9 15 11
35 127 60 6 10 1 10 11 3 10 8 4 10 7 6 10 10 7 10 10 8 10 13 1 11 10 3 11 14 4 11 10 6 11 11 7 11 7 8 11 12 1 12 12 3 12 8 4 12 11 6 12 9 7 12 10 8 12 8 1 13 12 3 13 12 4 13 13 6 13 9 7 13 12 8 13 12 1 14 10 3 14 8 4 14 12 6 14 9 7 14 12 8 14 9 1 15 9 3 15 15 4 15 7 6 15 12 7 15 6 8 15 10 1 16 10 3 16 9 4 16 9 6 16 10 7 16 10 8 16 6 1 17 10 3 17 10 4 17 11 6 17 12 7 17 9 8 17 6 1 18 10 3 18 11 4 18 13 6 18 10 7 18 12 8 18 12 1 19 10 3 19 12 4 19 10 6 19 12 7 19 10 8 19 10
36 132 12 6 4 3 12 11 0 15 11 1 15 7 2 15 4 5 15 12 0 17 11 1 17 12 6 17 12 2 18 9 3 18 9 5 18 11 6 18 10
37 135 6 6 1 0 19 8 1 19 9 2 19 8 3 19 12 7 19 9 9 19 9
38 137 1 1 1 1 12 9
39 140 20 2 10 5 10 8 6 10 14 5 11 13 6 11 11 5 12 9 6 12 8 5 13 13 6 13 14 5 14 13 6 14 6 5 15 11 6 15 12 5 16 10 6 16 9 5 17 10 6 17 9 5 18 13 6 18 15 5 19 11 6 19 12
40 146 6 6 1 0 11 10 1 11 13 2 11 10 4 11 10 5 11 11 7 11 11
41 149 2 2 1 2 17 12 3 17 12
42 155 12 6 3 4 15 9 8 15 11 9 15 9 0 16 7 5 16 8 6 16 14 8 16 12 9 16 12 0 18 11 4 18 10 5 18 13 6 18 13
43 156 30 3 10 1 10 16 6 10 8 9 10 11 1 11 10 6 11 10 9 11 11 1 12 11 6 12 10 9 12 12 1 13 7 6 13 13 9 13 10 1 14 9 6 14 9 9 14 10 1 15 11 6 15 10 9 15 11 1 16 10 6 16 11 9 16 9 1 17 10 6 17 9 9 17 11 1 18 8 6 18 9 9 18 12 1 19 11 6 19 12 9 19 12
44 159 12 6 4 2 11 11 4 11 13 8 11 14 9 11 10 0 13 8 0 15 13 1 15 12 2 15 11 8 15 5 1 18 7 4 18 11 9 18 10
45 160 24 6 7 1 10 8 5 10 8 1 11 10 3 11 7 5 11 9 7 11 11 1 14 11 3 14 11 4 14 11 8 14 10 3 15 11 7 15 8 1 17 12 4 17 12 5 17 12 7 17 12 8 17 12 4 18 10 7 18 7 8 18 14 3 19 9 4 19 9 5 19 10 8 19 11
46 161 1 1 1 6 18 6
47 163 6 6 1 0 12 10 1 12 8 2 12 9 5 12 9 6 12 7 8 12 9
48 166 1 1 1 5 10 8
49 167 24 6 7 2 10 9 4 10 12 5 10 10 9 10 10 5 14 9 6 14 10 7 14 7 4 15 7 7 15 9 9 15 10 2 16 11 4 16 10 5 16 9 7 16 12 2 17 11 6 17 12 9 17 14 4 18 9 5 18 12 6 18 11 7 18 11 9 18 14 2 19 11 6 19 10
