20 50
0 0 20 2 10 6 10 14 9 10 10 6 11 11 9 11 10 6 12 10 9 12 11 6 13 10 9 13 8 6 14 10 9 14 13 6 15 12 9 15 8 6 16 11 9 16 11 6 17 11 9 17 8 6 18 9 9 18 10 6 19 12 9 19 11
1 2 6 6 2 3 12 11 5 12 8 0 13 11 2 13 13 4 13 15 9 13 9
2 4 24 6 6 2 10 11 3 10 9 4 10 9 5 10 9 8 10 8 5 12 12 8 12 11 0 13 10 2 13 9 3 13 8 4 13 10 5 13 10 8 13 8 0 14 11 2 14 9 3 14 10 4 14 14 5 14 12 0 15 9 2 15 11 3 15 8 4 15 10 8 15 11 0 17 14
3 8 1 1 1 5 12 8
4 10 18 6 5 1 10 9 2 10 12 5 10 14 6 10 9 8 10 9 1 11 9 4 11 10 5 11 14 2 14 10 4 14 10 6 14 9 8 14 8 5 16 8 8 16 10 1 17 13 2 17 14 4 17 13 6 17 11
5 11 3 3 1 0 14 9 2 14 9 9 14 11
6 13 4 4 2 4 14 12 7 14 13 3 15 11 6 15 8
7 14 3 3 2 4 12 7 6 12 13 5 13 12
8 17 3 3 2 2 10 10 7 10 8 6 14 7
9 20 6 6 2 3 12 13 5 12 9 8 12 13 1 17 9 7 17 11 9 17 5
10 24 3 3 2 4 10 11 8 10 8 0 19 11
11 27 12 6 4 0 11 9 2 11 8 1 12 6 5 12 13 0 18 15 3 18 10 8 18 10 1 19 9 2 19 10 3 19 11 5 19 13 8 19 12
12 28 30 6 9 1 10 11 6 10 14 9 10 12 1 11 9 2 11 13 4 11 9 6 11 12 9 11 10 1 13 10 2 13 8 3 13 10 4 14 8 1 15 13 2 15 13 3 15 11 4 15 8 6 15 15 9 15 11 2 16 12 3 16 10 4 16 10 6 16 13 9 16 12 1 17 9 3 17 13 2 18 11 3 18 13 6 18 14 4 19 8 9 19 6
13 42 6 6 2 1 16 9 5 16 9 7 16 13 9 16 7 2 18 12 6 18 9
14 43 4 4 1 4 19 11 6 19 7 8 19 10 9 19 10
15 45 1 1 1 7 13 11
16 46 18 6 5 1 10 12 4 10 11 9 10 15 3 14 10 4 14 13 7 14 11 2 15 10 3 15 12 4 15 12 7 15 11 9 15 11 1 16 11 2 16 13 3 16 13 7 16 11 9 16 10 1 17 10 2 17 8
17 47 6 3 3 3 10 12 1 16 8 8 16 12 1 19 8 3 19 9 8 19 5
18 52 24 6 7 2 10 11 5 10 9 9 10 14 2 11 10 3 11 11 4 11 15 5 11 10 6 11 9 9 11 10 4 12 9 6 12 11 2 13 9 4 13 11 9 13 12 3 15 10 6 15 11 9 15 6 2 16 7 3 16 10 5 16 13 6 16 13 3 17 10 4 17 8 5 17 11
19 57 2 2 1 5 17 12 8 17 11
20 59 2 2 1 3 17 9 6 17 9
21 67 18 6 5 4 10 9 6 10 7 8 10 11 2 12 11 3 12 10 4 12 11 5 12 9 8 12 10 5 13 11 6 13 13 2 14 11 3 14 11 8 14 9 2 15 11 3 15 11 4 15 8 5 15 6 6 15 10
22 68 60 6 10 1 10 14 2 10 13 4 10 12 6 10 13 7 10 12 8 10 11 1 11 9 2 11 9 4 11 14 6 11 8 7 11 8 8 11 9 1 12 11 2 12 13 4 12 10 6 12 10 7 12 11 8 12 10 1 13 13 2 13 10 4 13 10 6 13 12 7 13 13 8 13 9 1 14 8 2 14 10 4 14 14 6 14 9 7 14 12 8 14 14 1 15 8 2 15 8 4 15 12 6 15 16 7 15 9 8 15 9 1 16 10 2 16 10 4 16 8 6 16 12 7 16 12 8 16 10 1 17 13 2 17 10 4 17 9 6 17 9 7 17 9 8 17 12 1 18 12 2 18 11 4 18 11 6 18 11 7 18 13 8 18 8 1 19 8 2 19 9 4 19 13 6 19 11 7 19 9 8 19 12
23 71 12 6 3 0 11 11 3 11 11 4 11 10 7 11 9 9 11 13 3 16 8 5 16 13 0 17 7 4 17 9 5 17 12 7 17 13 9 17 9
24 80 1 1 1 8 19 12
25 86 2 2 1 3 11 11 5 11 10
26 89 5 5 1 2 16 14 4 16 12 5 16 12 6 16 13 8 16 11
27 90 60 6 10 1 10 7 2 10 11 4 10 12 7 10 10 8 10 9 9 10 10 1 11 7 2 11 15 4 11 11 7 11 5 8 11 8 9 11 12 1 12 8 2 12 9 4 12 9 7 12 10 8 12 13 9 12 11 1 13 11 2 13 8 4 13 12 7 13 12 8 13 12 9 13 10 1 14 10 2 14 9 4 14 13 7 14 11 8 14 13 9 14 9 1 15 9 2 15 13 4 15 12 7 15 9 8 15 11 9 15 12 1 16 8 2 16 9 4 16 11 7 16 13 8 16 8 9 16 9 1 17 10 2 17 10 4 17 13 7 17 13 8 17 11 9 17 10 1 18 10 2 18 14 4 18 11 7 18 12 8 18 9 9 18 10 1 19 9 2 19 10 4 19 11 7 19 10 8 19 13 9 19 9
28 91 9 3 5 3 10 12 3 11 10 4 11 12 8 11 12 3 14 11 4 14 13 4 15 9 8 15 10 8 19 9
29 95 18 6 6 2 11 12 3 11 8 3 12 10 5 12 10 6 12 13 7 12 11 6 14 12 7 14 10 9 16 10 2 18 10 3 18 14 5 18 8 6 18 10 9 18 13 2 19 9 5 19 13 7 19 11 9 19 8
30 101 30 3 10 0 10 8 6 10 8 8 10 10 0 11 13 6 11 14 8 11 14 0 12 5 6 12 11 8 12 14 0 13 12 6 13 11 8 13 10 0 14 13 6 14 11 8 14 9 0 15 10 6 15 11 8 15 9 0 16 12 6 16 13 8 16 11 0 17 9 6 17 5 8 17 14 0 18 12 6 18 14 8 18 8 0 19 11 6 19 11 8 19 11
31 107 1 1 1 1 16 8
32 114 12 6 3 3 11 10 4 11 11 5 11 14 7 11 9 9 11 11 3 13 9 6 13 12 4 17 9 5 17 13 6 17 10 7 17 9 9 17 10
33 120 3 3 1 1 11 8 5 11 15 8 11 12
34 125 3 3 1 1 16 9 3 16 11 5 16 11
35 127 6 6 3 4 10 14 9 10 12 0 15 8 7 15 9 1 16 9 2 16 10
36 132 3 3 1 2 17 9 4 17 13 9 17 10
37 135 18 6 5 1 11 11 4 11 15 0 12 10 2 12 9 6 12 12 0 14 10 1 14 12 2 14 10 4 14 11 6 14 10 9 14 11 0 18 9 4 18 12 6 18 10 9 18 13 1 19 11 2 19 13 9 19 10
38 137 60 6 10 0 10 10 2 10 10 3 10 10 6 10 10 7 10 11 8 10 12 0 11 14 2 11 10 3 11 13 6 11 11 7 11 11 8 11 10 0 12 11 2 12 8 3 12 14 6 12 12 7 12 11 8 12 12 0 13 8 2 13 9 3 13 12 6 13 13 7 13 11 8 13 11 0 14 6 2 14 15 3 14 12 6 14 12 7 14 11 8 14 10 0 15 8 2 15 12 3 15 8 6 15 13 7 15 12 8 15 11 0 16 12 2 16 12 3 16 10 6 16 11 7 16 11 8 16 12 0 17 11 2 17 15 3 17 13 6 17 9 7 17 13 8 17 13 0 18 13 2 18 12 3 18 12 6 18 11 7 18 9 8 18 11 0 19 12 2 19 9 3 19 13 6 19 8 7 19 9 8 19 14
39 140 6 6 3 4 11 9 8 11 9 1 12 13 2 14 8 5 14 10 6 14 10
40 146 30 3 10 3 10 8 6 10 12 9 10 10 3 11 13 6 11 13 9 11 10 3 12 10 6 12 12 9 12 8 3 13 10 6 13 11 9 13 11 3 14 11 6 14 10 9 14 9 3 15 7 6 15 13 9 15 12 3 16 12 6 16 8 9 16 8 3 17 11 6 17 11 9 17 13 3 18 11 6 18 11 9 18 7 3 19 9 6 19 11 9 19 11
41 149 3 3 2 2 10 12 7 10 10 3 11 11
42 155 3 3 1 1 19 8 3 19 11 5 19 7
43 156 2 2 2 9 10 10 1 19 10
44 159 4 4 1 0 16 11 2 16 10 4 16 13 9 16 10
45 160 6 6 2 0 13 7 6 13 10 7 13 14 2 16 8 3 16 13 8 16 14
46 161 6 6 1 1 16 12 2 16 10 4 16 10 5 16 9 7 16 12 8 16 7
47 163 12 6 4 1 10 10 2 10 8 3 10 10 5 10 13 6 10 10 0 16 9 1 16 14 3 16 4 6 17 10 0 19 10 2 19 7 5 19 7
48 166 2 2 1 4 11 9 5 11 12
49 167 2 2 1 1 11 11 7 11 14
