20 50
0 0 2 2 1 1 13 12 3 13 7
1 2 6 3 3 4 11 7 6 11 8 8 11 14 4 13 13 6 18 9 8 18 9
2 4 3 3 1 0 15 7 2 15 8 7 15 4
3 8 6 6 3 0 16 13 8 16 6 3 18 12 4 18 9 6 18 11 1 19 8
4 10 1 1 1 7 13 10
5 11 1 1 1 4 13 13
6 13 2 2 1 1 17 9 8 17 11
7 14 12 6 4 1 10 13 3 10 7 6 13 9 7 13 14 8 13 11 9 13 8 3 16 10 7 16 9 8 16 9 9 16 11 1 19 14 6 19 14
8 17 1 1 1 4 10 9
9 20 12 4 5 2 10 10 7 10 12 9 10 10 2 11 11 8 11 11 8 13 11 7 16 10 8 16 12 9 16 11 2 18 10 7 18 11 9 18 8
10 24 3 3 2 1 15 11 4 15 10 2 18 10
11 27 2 2 1 4 14 12 5 14 14
12 28 12 6 3 0 10 11 2 10 12 6 10 11 8 10 15 0 13 11 2 13 11 5 13 8 7 13 10 5 18 11 6 18 11 7 18 15 8 18 8
13 42 30 3 10 0 10 12 6 10 10 8 10 10 0 11 9 6 11 10 8 11 6 0 12 7 6 12 11 8 12 10 0 13 11 6 13 12 8 13 11 0 14 9 6 14 13 8 14 12 0 15 8 6 15 8 8 15 10 0 16 9 6 16 9 8 16 13 0 17 12 6 17 12 8 17 15 0 18 8 6 18 10 8 18 11 0 19 10 6 19 11 8 19 10
14 43 48 6 10 3 10 8 4 10 11 5 10 7 6 10 14 8 10 14 9 10 9 3 11 12 6 11 11 9 11 10 3 12 12 4 12 11 5 12 9 6 12 14 8 12 9 9 12 12 3 13 11 4 13 11 5 13 9 6 13 12 8 13 9 9 13 8 3 14 10 5 14 9 6 14 9 8 14 9 3 15 12 4 15 13 5 15 11 6 15 9 8 15 13 9 15 9 3 16 9 4 16 7 8 16 14 4 17 10 5 17 11 8 17 14 9 17 5 3 18 12 4 18 16 5 18 8 6 18 10 9 18 10 4 19 10 5 19 8 6 19 10 8 19 13 9 19 11
15 45 1 1 1 4 19 13
16 46 1 1 1 0 13 10
17 47 1 1 1 3 18 14
18 52 3 3 1 0 16 12 5 16 7 8 16 15
19 57 24 6 7 5 11 10 7 11 7 9 11 12 1 12 12 2 12 10 3 12 12 3 13 8 7 13 11 1 14 12 2 14 12 3 14 15 5 14 15 9 14 13 1 15 11 2 15 10 5 15 11 7 15 7 1 16 11 2 16 9 3 16 11 9 16 16 5 17 13 7 17 11 9 17 9
20 59 12 6 4 2 10 11 3 10 7 5 10 7 9 10 11 3 11 7 4 11 10 0 15 16 2 15 9 5 15 10 0 17 11 4 17 14 9 17 11
21 67 10 1 10 1 10 11 1 11 9 1 12 10 1 13 9 1 14 12 1 15 13 1 16 11 1 17 12 1 18 7 1 19 7
22 68 1 1 1 6 17 11
23 71 4 4 2 5 13 9 6 13 12 9 13 10 8 18 12
24 80 1 1 1 9 19 14
25 86 6 6 1 0 15 9 1 15 10 2 15 9 4 15 9 7 15 12 9 15 10
26 89 30 3 10 0 10 10 5 10 10 9 10 11 0 11 9 5 11 14 9 11 11 0 12 10 5 12 10 9 12 6 0 13 10 5 13 15 9 13 12 0 14 9 5 14 9 9 14 10 0 15 11 5 15 10 9 15 9 0 16 12 5 16 11 9 16 11 0 17 9 5 17 11 9 17 11 0 18 5 5 18 11 9 18 9 0 19 9 5 19 6 9 19 8
27 90 12 6 4 1 12 11 5 12 11 8 12 13 1 13 11 2 13 13 3 13 8 5 13 9 7 13 16 3 15 11 8 15 9 2 19 14 7 19 11
28 91 30 3 10 0 10 10 6 10 9 8 10 15 0 11 7 6 11 11 8 11 12 0 12 11 6 12 10 8 12 8 0 13 8 6 13 10 8 13 11 0 14 9 6 14 9 8 14 15 0 15 11 6 15 12 8 15 13 0 16 9 6 16 13 8 16 11 0 17 13 6 17 10 8 17 10 0 18 9 6 18 9 8 18 7 0 19 10 6 19 12 8 19 12
29 95 4 4 2 1 10 9 6 10 9 2 13 14 3 13 12
30 101 2 2 1 0 12 8 3 12 12
31 107 12 6 4 4 10 11 5 10 9 6 10 10 8 10 8 1 14 8 8 14 11 9 14 9 4 15 11 9 15 10 1 19 7 5 19 10 6 19 11
32 114 4 4 1 3 18 8 4 18 8 6 18 10 7 18 10
33 120 20 2 10 2 10 10 3 10 10 2 11 11 3 11 10 2 12 9 3 12 9 2 13 15 3 13 9 2 14 15 3 14 9 2 15 10 3 15 9 2 16 13 3 16 10 2 17 9 3 17 11 2 18 10 3 18 12 2 19 11 3 19 8
34 125 12 6 3 0 15 9 2 15 11 4 15 13 9 15 13 2 16 11 4 16 14 5 16 13 7 16 11 9 16 13 0 19 14 5 19 17 7 19 11
35 127 3 3 1 2 16 11 3 16 10 4 16 13
36 132 1 1 1 0 19 14
37 135 24 6 8 1 10 13 3 10 10 5 10 8 7 10 13 0 11 10 2 11 14 3 11 8 5 11 11 1 12 7 3 12 10 7 12 12 1 13 11 0 14 8 1 14 7 3 14 13 5 14 10 7 14 7 0 15 10 2 15 11 2 18 8 5 18 11 0 19 12 2 19 12 7 19 10
38 137 6 3 3 0 10 12 5 10 13 1 16 13 0 17 6 1 17 11 5 17 9
39 140 18 6 5 0 11 9 2 11 9 6 11 10 8 11 13 0 14 12 2 14 12 6 14 12 8 14 11 4 15 9 7 15 11 8 15 10 4 17 12 6 17 12 7 17 11 0 19 12 2 19 9 4 19 9 7 19 11
40 146 6 3 2 1 10 9 2 10 14 4 10 12 1 16 9 2 16 11 4 16 8
41 149 6 3 3 2 11 8 9 11 7 2 15 10 5 15 7 5 16 9 9 16 8
42 155 1 1 1 7 15 9
43 156 12 6 4 3 10 8 5 10 7 7 10 11 9 10 10 8 11 10 1 15 9 3 15 11 5 15 13 7 15 10 1 17 14 8 17 12 9 17 9
44 159 3 3 1 0 18 7 6 18 12 8 18 11
45 160 18 6 5 1 10 8 4 10 10 6 10 8 7 10 9 8 10 9 3 12 11 7 12 10 3 14 11 4 14 10 7 14 15 8 14 12 1 16 8 6 16 10 1 17 9 3 17 11 4 17 10 6 17 12 8 17 11
46 161 1 1 1 8 19 10
47 163 6 6 2 2 12 11 3 12 13 5 12 11 7 12 11 0 19 11 6 19 10
48 166 2 2 1 2 10 11 6 10 6
49 167 6 6 2 0 16 12 4 16 9 7 16 12 9 16 13 2 19 11 5 19 12
