20 50
0 0 1 1 1 5 12 12
1 2 24 6 7 6 10 6 8 10 10 0 12 9 4 12 10 6 12 11 0 13 11 2 13 8 4 13 9 6 13 10 8 13 9 2 15 16 4 15 11 5 15 11 8 15 11 0 17 10 5 17 9 6 17 12 2 18 10 4 18 8 5 18 14 0 19 10 2 19 13 5 19 11 8 19 8
2 4 12 6 4 3 11 9 4 11 8 5 11 13 1 13 10 3 13 11 4 13 10 5 13 11 6 13 12 7 13 13 1 14 14 7 14 9 6 15 8
3 8 2 2 2 2 14 10 6 16 10
4 10 6 6 1 0 15 12 2 15 11 4 15 14 6 15 11 8 15 11 9 15 8
5 11 12 6 5 7 10 10 8 10 8 2 11 8 5 11 10 4 15 9 0 16 10 2 16 10 4 16 13 7 16 13 0 17 12 5 17 9 8 17 12
6 13 1 1 1 6 12 12
7 14 6 3 3 5 12 12 8 12 10 1 13 10 5 13 8 8 13 9 1 14 15
8 17 6 6 2 0 15 7 5 15 11 9 15 10 3 16 10 4 16 14 6 16 11
9 20 6 6 1 1 11 11 2 11 9 3 11 8 4 11 12 5 11 10 6 11 8
10 24 6 6 2 3 12 11 5 12 16 6 12 11 7 12 10 0 19 12 9 19 11
11 27 6 6 3 6 15 15 9 15 17 5 16 11 2 19 8 7 19 13 8 19 13
12 28 60 6 10 0 10 12 1 10 8 3 10 11 6 10 10 8 10 9 9 10 12 0 11 11 1 11 9 3 11 9 6 11 11 8 11 12 9 11 10 0 12 8 1 12 10 3 12 13 6 12 10 8 12 12 9 12 17 0 13 12 1 13 12 3 13 9 6 13 11 8 13 11 9 13 14 0 14 11 1 14 11 3 14 10 6 14 12 8 14 8 9 14 9 0 15 10 1 15 12 3 15 12 6 15 13 8 15 11 9 15 10 0 16 10 1 16 9 3 16 11 6 16 12 8 16 10 9 16 12 0 17 9 1 17 10 3 17 12 6 17 9 8 17 9 9 17 13 0 18 11 1 18 14 3 18 11 6 18 12 8 18 14 9 18 11 0 19 11 1 19 8 3 19 9 6 19 15 8 19 12 9 19 11
13 42 6 6 2 5 16 10 7 16 11 0 18 7 3 18 9 8 18 11 9 18 7
14 43 6 6 3 7 14 12 8 14 7 3 16 9 6 16 13 0 18 11 1 18 13
15 45 30 3 10 1 10 12 2 10 9 6 10 13 1 11 9 2 11 9 6 11 15 1 12 12 2 12 9 6 12 7 1 13 12 2 13 11 6 13 13 1 14 13 2 14 10 6 14 7 1 15 11 2 15 10 6 15 10 1 16 12 2 16 12 6 16 8 1 17 7 2 17 14 6 17 9 1 18 12 2 18 10 6 18 10 1 19 9 2 19 9 6 19 13
16 46 8 4 4 3 10 9 9 10 12 5 12 9 0 16 12 0 17 8 3 17 15 5 17 10 9 17 9
17 47 6 6 2 5 12 11 9 12 14 0 13 13 2 13 11 3 13 10 4 13 11
18 52 1 1 1 2 17 11
19 57 2 2 1 6 18 10 7 18 12
20 59 1 1 1 9 15 12
21 67 4 4 1 0 10 13 3 10 13 4 10 13 9 10 15
22 68 18 6 5 1 10 8 3 10 10 4 10 8 5 10 12 7 10 15 9 10 11 1 12 9 3 12 11 5 12 8 7 12 9 4 14 7 4 17 11 9 17 7 1 18 12 3 18 11 5 18 7 7 18 10 9 18 14
23 71 3 3 1 2 17 12 8 17 10 9 17 8
24 80 6 6 2 2 10 10 8 10 11 9 10 5 4 12 12 5 12 10 6 12 13
25 86 24 6 7 1 10 10 4 10 11 7 10 9 8 10 10 1 11 8 4 11 11 5 11 12 8 11 11 1 12 10 3 12 9 4 12 14 5 12 10 8 12 12 3 13 12 5 13 10 7 13 12 1 15 11 3 15 12 4 15 11 7 15 14 8 15 10 3 17 12 5 17 8 7 19 9
26 89 3 3 1 0 13 6 7 13 13 8 13 10
27 90 1 1 1 2 12 9
28 91 60 6 10 0 10 10 4 10 7 5 10 13 6 10 6 7 10 9 8 10 8 0 11 13 4 11 10 5 11 11 6 11 10 7 11 7 8 11 9 0 12 11 4 12 13 5 12 10 6 12 12 7 12 7 8 12 10 0 13 11 4 13 11 5 13 10 6 13 10 7 13 9 8 13 10 0 14 10 4 14 11 5 14 13 6 14 10 7 14 14 8 14 12 0 15 11 4 15 6 5 15 11 6 15 10 7 15 11 8 15 7 0 16 9 4 16 9 5 16 9 6 16 12 7 16 12 8 16 10 0 17 9 4 17 10 5 17 12 6 17 12 7 17 9 8 17 9 0 18 10 4 18 9 5 18 12 6 18 14 7 18 7 8 18 9 0 19 9 4 19 11 5 19 10 6 19 10 7 19 8 8 19 10
29 95 5 5 1 0 13 8 2 13 11 5 13 9 6 13 9 7 13 8
30 101 12 6 5 2 10 10 9 10 8 9 13 9 1 16 8 2 16 12 8 16 12 0 17 11 6 17 12 0 19 13 1 19 12 6 19 12 8 19 10
31 107 18 6 5 1 10 9 2 10 11 4 10 13 6 10 11 7 10 11 0 11 7 2 11 9 7 11 12 2 13 11 4 13 7 7 13 13 0 17 8 1 17 12 6 17 9 0 19 9 1 19 13 4 19 10 6 19 10
32 114 1 1 1 0 11 9
33 120 3 3 1 0 19 12 3 19 9 4 19 8
34 125 1 1 1 9 14 10
35 127 30 3 10 1 10 10 2 10 13 4 10 12 1 11 10 2 11 10 4 11 12 1 12 7 2 12 9 4 12 12 1 13 10 2 13 11 4 13 11 1 14 10 2 14 8 4 14 13 1 15 9 2 15 12 4 15 12 1 16 10 2 16 12 4 16 11 1 17 11 2 17 15 4 17 11 1 18 9 2 18 13 4 18 11 1 19 11 2 19 9 4 19 10
36 132 1 1 1 8 12 9
37 135 6 3 4 0 10 11 2 10 10 9 10 9 0 11 12 9 12 11 2 14 12
38 137 3 3 2 4 10 9 7 14 10 8 14 6
39 140 1 1 1 1 19 11
40 146 2 2 1 4 14 13 6 14 10
41 149 12 6 3 0 10 10 1 10 10 2 10 10 5 10 12 8 10 9 1 14 13 5 14 15 8 14 10 9 14 9 0 15 12 2 15 11 9 15 11
42 155 2 2 1 4 17 10 6 17 10
43 156 30 3 10 0 10 7 1 10 8 6 10 7 0 11 10 1 11 10 6 11 17 0 12 10 1 12 5 6 12 13 0 13 11 1 13 11 6 13 10 0 14 10 1 14 11 6 14 12 0 15 9 1 15 9 6 15 7 0 16 9 1 16 11 6 16 11 0 17 10 1 17 10 6 17 10 0 18 9 1 18 9 6 18 11 0 19 10 1 19 17 6 19 9
44 159 12 6 3 0 10 9 3 10 9 6 10 13 0 12 10 3 12 8 4 12 13 5 12 12 6 12 13 9 12 10 4 18 14 5 18 10 9 18 14
45 160 18 6 6 3 10 3 5 10 13 9 10 12 0 12 8 1 12 10 4 12 9 5 12 12 9 12 9 4 15 12 0 16 11 3 16 11 4 16 13 1 18 11 9 18 12 0 19 12 1 19 12 3 19 11 5 19 12
46 161 12 6 3 0 10 12 1 10 12 3 10 13 5 10 8 0 12 11 1 12 12 3 12 11 4 12 11 7 12 13 4 14 11 5 14 11 7 14 12
47 163 12 6 5 3 10 8 6 10 11 8 10 11 0 11 14 2 11 13 3 11 11 8 11 10 5 13 9 0 14 11 2 14 9 5 16 10 6 16 8
48 166 6 6 2 1 15 7 3 15 12 5 15 9 7 15 15 9 15 8 2 18 8
49 167 40 4 10 1 10 11 3 10 12 7 10 5 8 10 9 1 11 11 3 11 13 7 11 9 8 11 9 1 12 11 3 12 9 7 12 10 8 12 5 1 13 9 3 13 11 7 13 10 8 13 8 1 14 10 3 14 12 7 14 11 8 14 10 1 15 12 3 15 11 7 15 7 8 15 7 1 16 11 3 16 12 7 16 6 8 16 9 1 17 12 3 17 8 7 17 11 8 17 12 1 18 12 3 18 12 7 18 10 8 18 11 1 19 8 3 19 12 7 19 10 8 19 8
