20 50
0 0 6 6 1 2 16 10 4 16 8 5 16 12 6 16 8 7 16 10 8 16 9
1 2 6 3 3 3 12 9 4 15 8 8 15 8 3 16 11 4 16 12 8 16 11
2 4 3 3 1 0 12 9 1 12 9 3 12 13
3 8 1 1 1 1 12 10
4 10 18 6 5 2 10 11 6 10 10 0 12 15 2 12 10 5 12 10 6 12 12 8 12 11 0 14 11 2 14 13 5 14 8 6 14 10 7 14 6 8 14 10 7 15 7 0 16 8 5 16 11 7 16 11 8 16 12
5 11 1 1 1 9 13 10
6 13 2 2 1 7 13 12 9 13 11
7 14 18 6 6 1 10 10 2 10 9 3 10 8 4 10 15 0 11 14 1 11 14 3 11 9 4 11 11 7 11 13 3 12 16 2 14 10 4 14 11 7 14 16 0 16 12 2 16 11 7 16 10 0 19 14 1 19 8
8 17 6 3 3 0 17 12 2 17 7 5 17 11 0 18 12 2 18 15 5 19 8
9 20 3 3 1 4 17 11 7 17 10 8 17 10
10 24 2 2 1 1 13 6 6 13 11
11 27 3 3 1 0 16 14 5 16 10 6 16 10
12 28 3 3 1 1 11 8 4 11 11 6 11 11
13 42 6 6 1 0 17 8 3 17 11 5 17 11 6 17 10 8 17 13 9 17 9
14 43 1 1 1 2 18 12
15 45 60 6 10 1 10 11 2 10 12 4 10 10 5 10 9 6 10 10 7 10 9 1 11 7 2 11 9 4 11 13 5 11 6 6 11 11 7 11 13 1 12 9 2 12 9 4 12 9 5 12 10 6 12 7 7 12 9 1 13 10 2 13 13 4 13 11 5 13 12 6 13 13 7 13 13 1 14 10 2 14 9 4 14 8 5 14 10 6 14 10 7 14 8 1 15 10 2 15 11 4 15 11 5 15 12 6 15 10 7 15 9 1 16 10 2 16 9 4 16 10 5 16 8 6 16 9 7 16 8 1 17 12 2 17 9 4 17 11 5 17 11 6 17 12 7 17 6 1 18 10 2 18 14 4 18 8 5 18 12 6 18 9 7 18 9 1 19 11 2 19 13 4 19 9 5 19 8 6 19 12 7 19 13
16 46 12 6 4 1 10 11 2 10 9 8 10 8 0 11 11 1 11 13 4 11 12 8 11 8 0 12 10 4 12 13 7 12 9 2 14 7 7 14 9
17 47 1 1 1 5 12 9
18 52 5 5 1 1 19 8 3 19 10 5 19 7 8 19 11 9 19 12
19 57 6 6 2 2 13 9 4 13 13 6 13 9 0 15 11 3 15 7 8 15 7
20 59 6 6 1 0 16 14 1 16 7 4 16 16 5 16 11 6 16 11 7 16 13
21 67 2 2 1 0 19 9 8 19 11
22 68 20 2 10 8 10 14 9 10 9 8 11 10 9 11 11 8 12 11 9 12 9 8 13 10 9 13 10 8 14 13 9 14 14 8 15 7 9 15 10 8 16 9 9 16 8 8 17 9 9 17 12 8 18 10 9 18 11 8 19 11 9 19 13
23 71 48 6 10 0 10 10 2 10 9 4 10 11 8 10 7 0 11 12 1 11 10 2 11 10 8 11 8 9 11 6 0 12 9 1 12 8 2 12 12 4 12 12 8 12 9 9 12 13 0 13 10 1 13 13 2 13 12 4 13 10 9 13 9 1 14 10 4 14 13 8 14 10 9 14 13 1 15 11 2 15 10 4 15 9 9 15 10 0 16 13 1 16 11 2 16 10 4 16 11 8 16 10 9 16 11 0 17 16 2 17 12 8 17 7 0 18 10 1 18 10 2 18 9 4 18 11 8 18 11 9 18 13 0 19 10 1 19 15 4 19 10 8 19 11 9 19 9
24 80 6 3 3 3 10 11 8 10 14 3 11 8 4 11 7 4 19 10 8 19 8
25 86 1 1 1 1 19 10
26 89 6 6 2 2 12 12 8 12 8 9 12 8 1 13 12 5 13 9 7 13 13
27 90 3 3 1 2 14 7 5 14 9 7 14 11
28 91 20 2 10 5 10 7 8 10 10 5 11 9 8 11 12 5 12 9 8 12 13 5 13 10 8 13 10 5 14 11 8 14 16 5 15 11 8 15 10 5 16 12 8 16 10 5 17 13 8 17 10 5 18 7 8 18 11 5 19 10 8 19 12
29 95 60 6 10 0 10 13 2 10 11 3 10 12 7 10 11 8 10 9 9 10 9 0 11 9 2 11 10 3 11 7 7 11 13 8 11 7 9 11 12 0 12 10 2 12 13 3 12 12 7 12 10 8 12 11 9 12 10 0 13 13 2 13 13 3 13 10 7 13 11 8 13 12 9 13 10 0 14 10 2 14 14 3 14 12 7 14 10 8 14 7 9 14 6 0 15 11 2 15 12 3 15 10 7 15 11 8 15 11 9 15 9 0 16 8 2 16 15 3 16 8 7 16 9 8 16 7 9 16 9 0 17 14 2 17 10 3 17 12 7 17 9 8 17 11 9 17 7 0 18 8 2 18 11 3 18 10 7 18 14 8 18 7 9 18 10 0 19 10 2 19 10 3 19 10 7 19 10 8 19 10 9 19 10
30 101 18 6 6 0 11 9 2 11 12 3 11 13 7 11 12 4 13 11 7 13 12 3 14 11 4 14 8 0 16 12 3 16 7 8 16 10 0 18 12 2 18 12 4 18 10 7 18 12 8 18 13 2 19 9 8 19 14
31 107 2 2 1 3 19 7 9 19 9
32 114 4 4 1 0 18 12 4 18 12 6 18 11 7 18 11
33 120 10 5 3 4 12 10 9 12 9 0 14 14 2 14 11 3 14 12 4 14 8 9 14 12 0 16 12 2 16 8 3 16 12
34 125 2 2 1 4 14 13 7 14 11
35 127 2 2 1 0 14 11 6 14 14
36 132 60 6 10 0 10 9 1 10 13 2 10 12 3 10 10 4 10 8 7 10 14 0 11 9 1 11 7 2 11 12 3 11 13 4 11 11 7 11 11 0 12 10 1 12 13 2 12 12 3 12 12 4 12 9 7 12 10 0 13 9 1 13 10 2 13 8 3 13 8 4 13 9 7 13 12 0 14 9 1 14 8 2 14 15 3 14 10 4 14 8 7 14 9 0 15 13 1 15 10 2 15 12 3 15 8 4 15 8 7 15 11 0 16 9 1 16 8 2 16 8 3 16 12 4 16 12 7 16 10 0 17 9 1 17 10 2 17 11 3 17 12 4 17 8 7 17 11 0 18 12 1 18 12 2 18 8 3 18 11 4 18 8 7 18 8 0 19 11 1 19 13 2 19 9 3 19 13 4 19 14 7 19 9
37 135 1 1 1 9 13 12
38 137 3 3 1 0 17 11 1 17 11 9 17 9
39 140 3 3 1 5 14 8 8 14 9 9 14 10
40 146 2 2 1 8 11 9 9 11 10
41 149 4 4 2 1 11 10 4 11 9 7 15 7 8 15 9
42 155 6 6 1 0 18 11 1 18 10 3 18 14 4 18 12 6 18 11 9 18 11
43 156 2 2 1 5 15 10 8 15 10
44 159 1 1 1 4 13 11
45 160 3 1 3 8 11 12 8 14 8 8 16 10
46 161 6 3 3 0 12 10 6 12 11 4 15 14 0 16 12 4 16 12 6 16 13
47 163 12 6 3 1 13 9 1 16 11 3 16 11 4 16 12 5 16 11 7 16 12 8 16 11 3 19 13 4 19 11 5 19 12 7 19 12 8 19 10
48 166 12 6 4 1 10 12 4 10 10 6 10 13 9 10 10 1 14 13 6 14 11 8 14 10 9 14 13 0 18 8 4 18 10 0 19 9 8 19 14
49 167 4 4 1 0 12 12 3 12 7 4 12 7 5 12 7
