20 50
0 0 1 1 1 1 19 11
1 2 20 2 10 2 10 9 5 10 15 2 11 12 5 11 12 2 12 12 5 12 12 2 13 10 5 13 12 2 14 9 5 14 10 2 15 13 5 15 9 2 16 11 5 16 12 2 17 12 5 17 11 2 18 9 5 18 8 2 19 10 5 19 10
2 4 18 6 5 0 10 6 3 10 13 7 10 12 8 10 11 0 12 6 2 12 10 3 12 13 7 12 12 9 12 11 2 13 12 8 13 11 9 13 11 2 14 10 7 14 10 8 14 8 0 17 10 3 17 11 9 17 14
3 8 5 5 1 3 12 14 4 12 11 5 12 14 8 12 13 9 12 10
4 10 4 4 1 0 19 9 3 19 10 6 19 11 8 19 10
5 11 24 6 7 0 11 11 4 11 10 6 11 9 0 13 13 1 13 13 4 13 8 6 13 8 2 15 9 0 16 12 1 16 11 4 16 9 6 16 10 8 16 12 0 17 11 1 17 12 2 17 8 4 17 12 8 17 12 2 18 8 8 18 8 1 19 12 2 19 13 6 19 11 8 19 11
6 13 35 5 10 0 10 10 6 10 10 8 10 10 9 10 12 0 11 10 6 11 9 9 11 13 0 12 12 5 12 8 6 12 9 8 12 8 9 12 9 0 13 12 5 13 9 6 13 9 9 13 13 0 14 8 5 14 12 6 14 12 8 14 13 9 14 9 0 15 14 5 15 14 8 15 8 6 16 9 8 16 8 0 17 11 5 17 12 8 17 13 9 17 12 5 18 13 9 18 13 5 19 14 6 19 14 8 19 10
7 14 6 6 1 0 19 7 3 19 6 4 19 12 5 19 9 6 19 10 9 19 11
8 17 30 3 10 2 10 11 3 10 9 9 10 9 2 11 10 3 11 12 9 11 9 2 12 15 3 12 15 9 12 12 2 13 13 3 13 11 9 13 8 2 14 8 3 14 12 9 14 9 2 15 11 3 15 9 9 15 10 2 16 11 3 16 10 9 16 15 2 17 8 3 17 9 9 17 9 2 18 11 3 18 11 9 18 11 2 19 12 3 19 11 9 19 14
9 20 3 3 1 4 17 10 6 17 9 9 17 14
10 24 12 6 3 2 10 11 4 10 10 7 10 10 8 10 9 0 13 9 1 13 9 4 13 12 0 16 8 1 16 15 2 16 12 7 16 11 8 16 13
11 27 12 4 5 1 10 10 9 10 12 1 12 10 4 12 8 6 12 13 1 13 11 6 13 10 4 16 12 6 16 10 9 16 9 4 18 11 9 18 13
12 28 1 1 1 1 11 12
13 42 60 6 10 0 10 12 3 10 10 4 10 14 5 10 11 6 10 11 9 10 10 0 11 10 3 11 12 4 11 11 5 11 12 6 11 8 9 11 8 0 12 11 3 12 13 4 12 9 5 12 12 6 12 10 9 12 11 0 13 15 3 13 10 4 13 10 5 13 12 6 13 13 9 13 10 0 14 11 3 14 14 4 14 10 5 14 14 6 14 9 9 14 9 0 15 8 3 15 10 4 15 8 5 15 7 6 15 9 9 15 10 0 16 13 3 16 9 4 16 12 5 16 8 6 16 12 9 16 14 0 17 11 3 17 12 4 17 13 5 17 9 6 17 9 9 17 9 0 18 10 3 18 10 4 18 10 5 18 12 6 18 10 9 18 11 0 19 14 3 19 12 4 19 6 5 19 6 6 19 8 9 19 7
14 43 3 3 1 0 11 11 7 11 12 9 11 10
15 45 3 3 1 0 18 9 4 18 11 5 18 14
16 46 1 1 1 6 19 14
17 47 6 3 3 1 10 10 0 12 9 1 12 13 5 12 8 0 19 11 5 19 7
18 52 18 6 5 1 10 9 2 10 10 4 10 13 9 10 8 4 11 10 9 11 5 0 16 9 1 16 9 2 16 11 7 16 13 9 16 13 0 18 10 1 18 12 4 18 9 7 18 12 0 19 11 2 19 7 7 19 11
19 57 6 6 2 4 13 9 5 13 10 6 13 12 0 14 10 2 14 11 9 14 8
20 59 2 2 1 7 19 9 8 19 12
21 67 4 4 1 0 11 11 2 11 12 8 11 16 9 11 12
22 68 12 6 5 0 10 12 2 10 9 7 12 8 6 14 12 8 14 11 9 14 11 0 15 9 2 15 9 6 15 8 7 15 11 8 16 12 9 16 8
23 71 12 6 3 0 12 12 1 12 12 5 12 13 0 13 7 1 13 9 7 13 12 8 13 12 9 13 8 5 17 11 7 17 7 8 17 9 9 17 9
24 80 18 6 6 1 10 9 6 10 10 3 12 10 4 12 9 5 12 14 1 13 10 5 13 9 9 13 11 3 14 14 4 14 10 6 14 12 1 17 12 3 17 8 5 17 9 9 17 8 4 19 13 6 19 12 9 19 10
25 86 30 3 10 0 10 13 1 10 12 6 10 9 0 11 13 1 11 15 6 11 14 0 12 12 1 12 9 6 12 8 0 13 12 1 13 13 6 13 10 0 14 9 1 14 11 6 14 13 0 15 11 1 15 10 6 15 8 0 16 11 1 16 12 6 16 9 0 17 9 1 17 9 6 17 11 0 18 10 1 18 12 6 18 11 0 19 11 1 19 10 6 19 12
26 89 6 6 1 0 10 13 1 10 7 2 10 11 3 10 14 4 10 11 5 10 13
27 90 6 6 1 0 18 10 1 18 8 3 18 12 4 18 14 6 18 12 7 18 12
28 91 18 6 6 6 11 10 6 12 10 0 14 10 1 14 9 8 14 11 1 15 11 5 15 8 7 15 10 0 17 11 5 17 10 6 17 9 7 17 12 8 17 10 0 18 10 1 18 7 5 18 13 7 18 15 8 18 14
29 95 5 5 1 2 19 12 3 19 14 5 19 10 6 19 9 9 19 11
30 101 18 6 6 3 10 9 4 10 11 2 11 9 5 11 10 9 11 13 0 13 11 5 13 8 9 13 10 2 15 8 0 16 12 2 16 9 3 16 13 4 16 11 9 16 10 0 17 11 3 17 8 4 17 9 5 17 9
31 107 2 2 1 2 12 13 4 12 8
32 114 42 6 10 6 10 14 7 10 6 8 10 10 9 10 10 3 11 11 4 11 11 6 11 11 7 11 14 9 11 13 3 12 11 4 12 12 6 12 10 9 12 9 3 13 8 4 13 10 7 13 8 8 13 11 4 14 11 7 14 5 8 14 9 9 14 11 4 15 11 7 15 11 8 15 9 3 16 12 4 16 10 6 16 13 7 16 11 8 16 11 9 16 9 3 17 13 4 17 14 6 17 9 8 17 9 3 18 15 6 18 12 7 18 9 8 18 9 9 18 10 3 19 13 6 19 11 9 19 12
33 120 3 3 1 4 15 11 5 15 12 8 15 13
34 125 2 2 1 6 13 11 9 13 11
35 127 6 6 2 3 15 10 9 15 9 0 18 10 4 18 10 6 18 11 7 18 7
36 132 3 3 1 4 16 12 8 16 9 9 16 12
37 135 6 6 1 2 10 8 4 10 10 5 10 12 6 10 9 8 10 12 9 10 9
38 137 2 2 1 2 19 7 8 19 9
39 140 18 6 6 0 11 13 4 11 8 6 11 10 0 13 11 6 13 12 8 13 9 3 14 12 5 14 10 6 14 9 8 14 11 3 15 6 4 15 11 5 15 12 8 15 8 0 16 13 4 16 13 5 16 9 3 18 8
40 146 2 2 1 2 18 8 8 18 8
41 149 2 2 1 0 12 10 5 12 13
42 155 12 6 3 2 11 7 4 11 11 6 11 8 7 11 11 9 11 10 0 16 11 2 16 12 9 16 11 0 17 12 4 17 8 6 17 9 7 17 8
43 156 2 2 1 0 10 14 4 10 8
44 159 1 1 1 1 18 12
45 160 6 6 1 1 19 11 3 19 11 4 19 10 5 19 14 7 19 9 9 19 11
46 161 60 6 10 2 10 12 3 10 11 4 10 10 7 10 10 8 10 11 9 10 9 2 11 12 3 11 11 4 11 9 7 11 7 8 11 13 9 11 10 2 12 11 3 12 9 4 12 7 7 12 12 8 12 12 9 12 12 2 13 10 3 13 12 4 13 11 7 13 11 8 13 13 9 13 10 2 14 11 3 14 13 4 14 14 7 14 9 8 14 12 9 14 7 2 15 10 3 15 9 4 15 9 7 15 9 8 15 9 9 15 11 2 16 12 3 16 13 4 16 12 7 16 6 8 16 9 9 16 10 2 17 6 3 17 10 4 17 12 7 17 9 8 17 10 9 17 10 2 18 9 3 18 15 4 18 10 7 18 12 8 18 12 9 18 13 2 19 9 3 19 9 4 19 10 7 19 8 8 19 9 9 19 13
47 163 2 2 1 0 19 12 5 19 9
48 166 12 6 4 3 10 8 6 10 10 7 10 14 2 11 11 5 11 12 2 16 11 6 16 7 9 16 11 3 17 11 5 17 10 7 17 10 9 17 9
49 167 6 6 1 0 18 9 1 18 9 2 18 9 5 18 12 7 18 9 9 18 13
