20 50
0 0 6 6 1 0 17 13 2 17 11 4 17 12 5 17 13 7 17 10 9 17 13
1 2 10 1 10 5 10 9 5 11 15 5 12 11 5 13 9 5 14 9 5 15 10 5 16 12 5 17 9 5 18 11 5 19 9
2 4 12 6 4 3 10 13 5 11 10 6 11 9 9 11 9 4 13 8 6 13 10 8 13 7 3 14 8 4 14 9 5 14 10 8 14 12 9 14 14
3 8 6 3 3 2 11 12 9 11 11 6 12 11 2 14 13 6 14 11 9 14 13
4 10 4 4 1 4 10 11 5 10 8 6 10 7 7 10 12
5 11 2 2 1 1 19 10 4 19 9
6 13 2 2 1 0 12 9 5 12 10
7 14 4 4 1 4 19 14 6 19 7 8 19 10 9 19 10
8 17 6 6 3 3 11 15 6 11 13 2 14 11 5 14 10 8 14 10 7 15 12
9 20 60 6 10 0 10 12 1 10 9 2 10 12 3 10 6 8 10 14 9 10 8 0 11 10 1 11 9 2 11 9 3 11 10 8 11 13 9 11 11 0 12 12 1 12 12 2 12 14 3 12 11 8 12 8 9 12 10 0 13 11 1 13 11 2 13 9 3 13 14 8 13 12 9 13 8 0 14 8 1 14 11 2 14 6 3 14 15 8 14 10 9 14 7 0 15 12 1 15 13 2 15 10 3 15 9 8 15 11 9 15 11 0 16 10 1 16 11 2 16 11 3 16 8 8 16 12 9 16 10 0 17 10 1 17 9 2 17 10 3 17 12 8 17 12 9 17 11 0 18 11 1 18 9 2 18 13 3 18 10 8 18 6 9 18 12 0 19 10 1 19 10 2 19 7 3 19 11 8 19 8 9 19 11
10 24 24 6 7 1 10 12 5 10 7 9 10 11 5 11 11 6 11 10 7 11 12 9 11 9 1 12 9 5 12 9 6 12 10 3 13 10 6 13 12 7 13 10 3 14 8 5 14 7 7 14 10 1 15 11 3 15 9 7 15 9 9 15 10 1 17 12 3 17 7 6 17 11 9 17 12
11 27 1 1 1 0 19 10
12 28 6 6 2 4 11 7 6 11 9 0 13 7 3 13 8 5 13 11 7 13 11
13 42 3 3 1 5 13 11 7 13 12 9 13 14
14 43 30 3 10 0 10 6 3 10 12 5 10 9 0 11 12 3 11 11 5 11 6 0 12 12 3 12 13 5 12 11 0 13 10 3 13 11 5 13 12 0 14 11 3 14 8 5 14 13 0 15 13 3 15 13 5 15 5 0 16 9 3 16 12 5 16 14 0 17 13 3 17 11 5 17 11 0 18 12 3 18 9 5 18 10 0 19 12 3 19 8 5 19 11
15 45 18 6 6 0 10 10 1 10 11 8 10 7 0 11 12 1 11 11 2 11 13 3 11 12 9 11 11 3 13 11 9 13 11 2 15 9 0 16 8 1 16 9 2 16 10 3 16 15 8 16 8 8 18 8 9 18 8
16 46 12 6 4 0 15 9 6 15 10 7 15 8 5 17 11 9 17 9 0 18 12 3 18 6 6 18 9 7 18 7 3 19 10 5 19 7 9 19 10
17 47 2 2 1 6 12 11 9 12 12
18 52 10 5 4 4 10 12 6 10 9 9 10 9 2 14 8 4 14 12 2 15 10 5 15 12 5 17 6 6 17 7 9 17 11
19 57 4 4 1 1 13 10 3 13 11 5 13 11 9 13 12
20 59 3 3 1 0 12 10 6 12 12 9 12 15
21 67 10 1 10 3 10 8 3 11 8 3 12 10 3 13 10 3 14 10 3 15 13 3 16 10 3 17 11 3 18 10 3 19 8
22 68 24 6 8 6 10 11 8 10 9 1 11 9 2 11 14 9 11 13 2 12 12 6 12 12 7 12 12 2 13 12 6 13 11 8 13 12 1 15 14 8 15 11 1 16 12 2 16 10 7 16 11 9 16 11 1 17 11 6 17 9 7 17 11 8 17 8 9 17 9 7 19 9 9 19 13
23 71 6 6 1 0 18 10 1 18 13 3 18 11 4 18 9 8 18 10 9 18 9
24 80 2 1 2 5 11 7 5 15 12
25 86 3 3 1 0 18 9 3 18 12 4 18 10
26 89 6 6 1 1 16 11 2 16 14 4 16 10 5 16 12 6 16 8 9 16 11
27 90 30 3 10 1 10 13 7 10 14 8 10 10 1 11 12 7 11 8 8 11 12 1 12 13 7 12 10 8 12 16 1 13 10 7 13 11 8 13 9 1 14 11 7 14 11 8 14 11 1 15 12 7 15 11 8 15 14 1 16 10 7 16 9 8 16 9 1 17 10 7 17 10 8 17 9 1 18 11 7 18 11 8 18 10 1 19 9 7 19 13 8 19 12
28 91 1 1 1 4 12 12
29 95 6 6 1 1 11 11 2 11 14 3 11 10 5 11 9 8 11 8 9 11 8
30 101 18 6 6 5 11 12 6 11 13 7 11 8 9 11 13 3 14 13 6 14 9 0 16 9 7 16 7 0 17 11 3 18 9 5 18 9 9 18 13 0 19 8 3 19 8 5 19 10 6 19 14 7 19 8 9 19 10
31 107 6 6 1 1 15 9 2 15 9 4 15 9 6 15 11 7 15 9 8 15 13
32 114 2 2 1 3 12 9 7 12 7
33 120 20 2 10 2 10 12 6 10 9 2 11 6 6 11 11 2 12 7 6 12 16 2 13 11 6 13 13 2 14 12 6 14 11 2 15 12 6 15 10 2 16 9 6 16 9 2 17 14 6 17 12 2 18 14 6 18 8 2 19 12 6 19 10
34 125 1 1 1 4 18 10
35 127 60 6 10 0 10 9 3 10 11 4 10 7 6 10 15 7 10 9 9 10 9 0 11 7 3 11 12 4 11 10 6 11 9 7 11 12 9 11 12 0 12 12 3 12 8 4 12 13 6 12 8 7 12 13 9 12 12 0 13 11 3 13 9 4 13 12 6 13 10 7 13 10 9 13 8 0 14 11 3 14 8 4 14 8 6 14 11 7 14 10 9 14 9 0 15 10 3 15 13 4 15 9 6 15 9 7 15 10 9 15 11 0 16 10 3 16 9 4 16 10 6 16 13 7 16 10 9 16 9 0 17 11 3 17 13 4 17 10 6 17 9 7 17 9 9 17 10 0 18 11 3 18 10 4 18 10 6 18 11 7 18 16 9 18 11 0 19 11 3 19 9 4 19 9 6 19 9 7 19 11 9 19 9
36 132 18 6 5 0 10 12 1 10 11 3 10 11 5 10 11 7 10 13 8 10 13 0 11 12 5 11 10 7 11 11 8 11 9 1 13 4 5 13 10 0 15 12 3 15 10 1 19 8 3 19 11 7 19 12 8 19 11
37 135 18 6 5 0 12 9 2 12 11 3 12 8 8 12 10 2 14 10 8 14 11 2 15 11 5 15 8 7 15 8 8 15 9 0 16 12 3 16 9 5 16 12 7 16 10 0 19 15 3 19 10 5 19 12 7 19 7
38 137 8 4 4 0 10 9 2 10 10 4 10 10 0 11 10 1 11 9 4 15 13 1 17 14 2 17 8
39 140 10 1 10 3 10 8 3 11 8 3 12 13 3 13 11 3 14 10 3 15 10 3 16 13 3 17 8 3 18 15 3 19 11
40 146 50 5 10 2 10 13 4 10 9 6 10 8 7 10 12 8 10 10 2 11 12 4 11 13 6 11 7 7 11 11 8 11 14 2 12 12 4 12 11 6 12 14 7 12 10 8 12 12 2 13 10 4 13 8 6 13 13 7 13 10 8 13 9 2 14 10 4 14 9 6 14 11 7 14 10 8 14 9 2 15 13 4 15 9 6 15 11 7 15 8 8 15 12 2 16 12 4 16 12 6 16 9 7 16 9 8 16 11 2 17 10 4 17 10 6 17 13 7 17 11 8 17 14 2 18 7 4 18 10 6 18 10 7 18 9 8 18 12 2 19 9 4 19 13 6 19 12 7 19 10 8 19 11
41 149 24 6 7 0 12 9 4 12 8 5 12 12 6 12 10 7 12 13 0 13 12 9 13 9 4 14 11 5 14 10 6 14 10 7 14 9 0 15 8 4 15 7 5 15 12 7 15 11 0 16 9 4 16 10 9 16 9 6 18 9 9 18 6 5 19 11 6 19 12 7 19 6 9 19 12
42 155 4 4 1 1 17 12 2 17 12 7 17 10 8 17 12
43 156 18 6 6 2 10 16 5 10 11 6 10 10 2 11 12 0 12 10 9 12 8 0 15 8 6 15 13 8 15 12 9 15 9 0 16 16 2 16 7 5 16 12 8 16 15 5 17 11 6 17 12 8 17 10 9 17 7
44 159 6 6 1 1 11 9 2 11 9 3 11 8 5 11 11 8 11 11 9 11 13
45 160 6 3 3 3 10 11 9 10 10 0 12 10 0 15 11 3 15 13 9 15 10
46 161 8 4 3 2 11 9 5 11 10 8 11 12 1 13 12 2 13 8 1 16 12 5 16 10 8 16 9
47 163 12 6 4 1 13 12 2 13 13 4 13 12 0 14 14 3 14 8 5 14 11 1 18 8 2 18 9 4 18 15 0 19 12 3 19 12 5 19 9
48 166 48 6 10 0 10 10 1 10 9 3 10 10 5 10 12 7 10 9 1 11 10 2 11 11 5 11 12 0 12 12 1 12 9 2 12 10 3 12 12 0 13 13 1 13 13 2 13 10 3 13 13 5 13 12 7 13 9 0 14 9 2 14 13 3 14 11 5 14 14 7 14 9 0 15 16 1 15 12 2 15 12 3 15 8 5 15 11 7 15 10 1 16 10 2 16 14 3 16 11 5 16 13 7 16 11 0 17 13 5 17 9 7 17 9 0 18 12 1 18 12 2 18 8 3 18 13 7 18 9 0 19 11 1 19 10 2 19 11 3 19 11 5 19 8 7 19 9
49 167 1 1 1 9 19 10
