20 50
0 0 24 6 7 0 10 8 1 10 13 3 10 11 5 10 11 7 10 7 1 11 13 5 11 11 0 12 10 5 12 8 6 12 9 0 16 9 6 16 13 7 16 10 1 17 9 3 17 14 6 17 11 0 18 12 1 18 11 3 18 11 7 18 12 3 19 10 5 19 10 6 19 11 7 19 13
1 2 1 1 1 8 15 9
2 4 24 6 7 0 10 8 1 10 11 2 10 11 9 10 13 0 11 10 1 11 7 4 11 12 6 11 11 0 12 9 4 12 9 9 12 13 1 13 11 2 13 9 6 13 9 9 13 7 0 14 12 1 14 10 2 14 9 9 14 10 2 15 13 4 15 9 6 15 11 4 19 9 6 19 10
3 8 6 6 1 0 12 8 2 12 11 3 12 10 4 12 10 6 12 10 8 12 10
4 10 1 1 1 2 14 12
5 11 8 4 4 5 13 9 0 16 9 4 16 10 4 17 11 6 17 12 0 19 8 5 19 12 6 19 15
6 13 12 6 4 0 10 14 1 10 12 6 10 9 8 10 10 1 13 10 2 13 10 8 13 9 2 16 10 6 16 10 9 16 10 0 17 10 9 17 10
7 14 4 4 1 2 11 12 3 11 11 5 11 8 7 11 10
8 17 10 1 10 9 10 13 9 11 11 9 12 5 9 13 11 9 14 11 9 15 11 9 16 10 9 17 11 9 18 12 9 19 8
9 20 4 4 1 4 16 12 5 16 9 7 16 10 9 16 12
10 24 24 6 7 2 11 7 3 11 10 9 11 11 2 12 8 3 12 13 5 12 9 6 12 9 7 12 14 5 14 13 6 14 13 9 14 8 3 15 12 5 15 11 6 15 8 7 15 7 9 15 9 2 16 12 3 16 12 7 16 9 2 17 13 7 17 9 5 18 9 6 18 13 9 18 10
11 27 1 1 1 6 17 11
12 28 2 2 2 2 14 6 3 19 15
13 42 30 3 10 4 10 10 5 10 9 7 10 9 4 11 11 5 11 10 7 11 12 4 12 12 5 12 9 7 12 9 4 13 11 5 13 13 7 13 12 4 14 12 5 14 13 7 14 10 4 15 9 5 15 12 7 15 13 4 16 8 5 16 12 7 16 13 4 17 9 5 17 11 7 17 10 4 18 12 5 18 10 7 18 9 4 19 11 5 19 11 7 19 10
14 43 2 2 1 7 13 11 8 13 10
15 45 2 2 1 6 12 8 7 12 10
16 46 20 2 10 5 10 9 7 10 8 5 11 9 7 11 11 5 12 10 7 12 10 5 13 10 7 13 10 5 14 12 7 14 13 5 15 10 7 15 13 5 16 10 7 16 8 5 17 10 7 17 12 5 18 14 7 18 14 5 19 9 7 19 11
17 47 60 6 10 0 10 13 1 10 16 2 10 9 3 10 12 5 10 10 8 10 12 0 11 11 1 11 9 2 11 10 3 11 7 5 11 11 8 11 11 0 12 7 1 12 14 2 12 10 3 12 10 5 12 11 8 12 11 0 13 8 1 13 11 2 13 9 3 13 11 5 13 12 8 13 12 0 14 8 1 14 8 2 14 9 3 14 9 5 14 13 8 14 9 0 15 11 1 15 8 2 15 12 3 15 10 5 15 8 8 15 10 0 16 11 1 16 9 2 16 10 3 16 8 5 16 11 8 16 10 0 17 7 1 17 9 2 17 13 3 17 10 5 17 10 8 17 9 0 18 12 1 18 12 2 18 12 3 18 15 5 18 11 8 18 9 0 19 8 1 19 10 2 19 11 3 19 4 5 19 7 8 19 7
18 52 6 3 3 4 12 12 5 12 9 4 14 9 5 14 10 9 14 10 9 15 14
19 57 1 1 1 7 10 9
20 59 2 2 1 7 15 11 9 15 10
21 67 24 6 7 0 10 8 1 10 10 4 10 10 9 10 10 0 12 10 4 12 9 8 12 11 1 14 9 2 14 11 8 14 8 4 16 10 8 16 12 9 16 7 2 17 9 0 18 7 1 18 11 2 18 13 8 18 14 9 18 11 0 19 8 1 19 9 2 19 12 4 19 10 9 19 10
22 68 1 1 1 0 12 9
23 71 12 6 4 0 12 12 1 12 11 3 12 8 4 12 11 7 12 8 0 14 9 1 18 7 3 18 10 4 18 15 8 18 9 7 19 8 8 19 12
24 80 2 2 1 1 13 14 9 13 11
25 86 3 3 1 2 14 9 7 14 9 8 14 9
26 89 2 2 1 5 13 11 8 13 14
27 90 40 4 10 0 10 13 3 10 10 5 10 13 8 10 12 0 11 12 3 11 9 5 11 7 8 11 11 0 12 10 3 12 10 5 12 12 8 12 9 0 13 5 3 13 8 5 13 14 8 13 12 0 14 16 3 14 9 5 14 11 8 14 8 0 15 8 3 15 15 5 15 12 8 15 13 0 16 8 3 16 12 5 16 11 8 16 11 0 17 11 3 17 8 5 17 6 8 17 14 0 18 8 3 18 9 5 18 9 8 18 7 0 19 8 3 19 11 5 19 12 8 19 14
28 91 6 6 1 0 13 13 3 13 12 4 13 11 5 13 9 6 13 13 9 13 12
29 95 18 6 6 6 10 8 9 10 14 0 11 10 2 11 13 4 11 10 5 11 7 2 12 10 4 12 10 5 12 11 0 14 9 2 14 11 4 14 12 6 14 12 0 15 10 9 15 11 5 18 12 6 18 12 9 18 6
30 101 5 5 1 1 10 10 2 10 11 5 10 11 7 10 12 9 10 10
31 107 3 3 2 4 15 11 6 18 10 9 18 10
32 114 6 3 3 3 12 9 2 15 14 5 15 13 2 18 12 3 18 11 5 18 12
33 120 6 6 1 3 11 10 4 11 13 5 11 7 6 11 11 7 11 11 8 11 12
34 125 6 6 1 0 19 12 1 19 12 5 19 13 6 19 11 8 19 13 9 19 16
35 127 12 6 4 0 15 7 4 15 11 5 15 9 6 15 12 2 16 9 4 16 12 8 16 13 8 17 9 0 19 10 2 19 10 5 19 11 6 19 15
36 132 6 6 2 0 10 12 7 10 7 9 10 9 2 12 11 6 12 11 8 12 11
37 135 3 3 1 0 16 12 5 16 9 9 16 9
38 137 2 2 1 5 17 10 9 17 5
39 140 8 4 3 1 12 8 2 12 13 5 12 11 0 13 14 1 13 8 2 13 8 5 13 8 0 19 8
40 146 12 6 3 0 10 13 3 10 9 4 10 10 6 10 9 7 10 16 8 10 12 0 12 10 4 12 11 6 12 10 3 17 8 7 17 9 8 17 12
41 149 2 2 1 5 17 11 8 17 13
42 155 12 6 4 0 12 9 1 12 10 3 12 13 4 12 8 9 12 16 3 13 12 0 16 11 1 16 12 4 16 12 8 16 9 9 16 11 8 17 11
43 156 3 3 1 3 16 13 7 16 13 8 16 14
44 159 2 2 1 0 13 7 4 13 16
45 160 18 6 6 1 10 10 5 10 11 0 11 12 2 11 10 4 11 7 6 11 11 0 12 13 2 12 11 4 12 9 1 14 8 5 14 10 2 15 7 6 15 13 0 16 9 1 16 8 4 16 12 5 16 6 6 16 9
46 161 6 6 2 2 18 12 6 18 9 3 19 6 4 19 10 7 19 10 9 19 11
47 163 12 6 4 3 12 12 5 12 10 8 12 13 9 12 5 2 13 10 3 13 13 8 13 10 9 13 11 1 15 7 5 15 5 1 17 11 2 17 11
48 166 24 6 6 1 10 12 2 10 8 5 10 12 6 10 9 9 10 10 1 11 9 2 11 11 5 11 9 8 11 10 1 12 10 5 12 9 8 12 10 9 12 13 6 15 7 8 15 13 9 15 12 1 17 11 2 17 13 5 17 8 6 17 9 8 17 11 2 18 12 6 18 8 9 18 12
49 167 48 6 10 2 10 11 6 10 12 7 10 9 9 10 11 1 11 8 4 11 12 6 11 14 7 11 11 9 11 8 1 12 11 2 12 10 4 12 13 6 12 9 7 12 15 9 12 11 1 13 9 2 13 12 4 13 10 6 13 9 9 13 12 1 14 12 2 14 12 4 14 13 7 14 13 1 15 11 2 15 8 4 15 9 7 15 11 9 15 11 1 16 13 2 16 12 6 16 7 9 16 11 1 17 6 2 17 8 4 17 11 6 17 8 7 17 11 9 17 12 2 18 11 4 18 10 6 18 11 7 18 13 9 18 13 1 19 11 4 19 15 6 19 6 7 19 11
