20 50
0 0 15 5 6 4 10 11 5 10 11 6 10 11 7 10 15 8 10 8 4 12 9 6 12 11 7 12 10 5 14 12 8 14 9 4 15 11 7 15 6 8 15 11 6 18 9 5 19 9
1 2 2 2 1 5 17 11 6 17 10
2 4 4 4 1 3 13 10 5 13 14 6 13 10 9 13 9
3 8 12 6 3 0 11 11 7 11 12 1 15 9 2 15 13 4 15 8 8 15 13 0 16 11 1 16 9 2 16 13 4 16 13 7 16 13 8 16 14
4 10 6 3 3 0 13 9 9 13 11 4 16 12 9 16 8 0 19 11 4 19 9
5 11 12 6 5 0 10 11 1 10 11 4 10 10 7 10 9 0 14 6 1 15 10 4 15 9 6 15 11 7 15 10 2 17 10 6 17 12 2 19 7
6 13 3 3 1 0 14 11 1 14 10 5 14 10
7 14 4 4 1 0 19 10 1 19 12 4 19 9 6 19 10
8 17 6 6 1 1 12 11 3 12 10 5 12 15 6 12 11 7 12 9 8 12 9
9 20 1 1 1 6 14 9
10 24 1 1 1 5 11 14
11 27 1 1 1 6 12 11
12 28 5 5 1 0 16 11 1 16 7 3 16 10 7 16 11 8 16 11
13 42 2 2 1 0 16 11 7 16 12
14 43 3 3 1 1 19 8 2 19 10 4 19 11
15 45 4 4 1 4 16 16 5 16 13 6 16 10 9 16 11
16 46 18 6 5 2 10 8 3 10 15 5 10 11 9 10 14 8 11 9 1 14 13 3 14 9 5 14 11 9 14 9 1 15 12 2 15 8 3 15 10 5 15 12 8 15 9 1 18 11 2 18 7 8 18 9 9 18 11
17 47 6 6 1 1 18 3 4 18 9 5 18 9 7 18 16 8 18 14 9 18 11
18 52 2 2 1 4 16 8 9 16 11
19 57 6 3 3 1 11 11 5 11 10 5 17 8 6 17 11 1 19 13 6 19 8
20 59 6 6 3 8 13 13 1 16 13 7 16 7 3 19 12 4 19 7 9 19 9
21 67 6 6 1 0 17 19 1 17 11 3 17 9 5 17 12 7 17 9 9 17 13
22 68 5 5 3 2 11 11 4 11 8 8 11 10 6 14 12 1 18 11
23 71 4 4 1 1 12 12 2 12 11 6 12 8 9 12 12
24 80 4 4 2 0 10 7 1 10 9 3 12 13 4 12 8
25 86 60 6 10 1 10 10 2 10 8 3 10 6 4 10 13 7 10 13 8 10 8 1 11 10 2 11 9 3 11 11 4 11 13 7 11 10 8 11 11 1 12 9 2 12 6 3 12 9 4 12 13 7 12 13 8 12 12 1 13 7 2 13 10 3 13 9 4 13 13 7 13 9 8 13 12 1 14 11 2 14 10 3 14 12 4 14 8 7 14 8 8 14 12 1 15 7 2 15 12 3 15 9 4 15 8 7 15 14 8 15 12 1 16 8 2 16 13 3 16 10 4 16 13 7 16 10 8 16 12 1 17 15 2 17 14 3 17 11 4 17 10 7 17 14 8 17 13 1 18 10 2 18 11 3 18 11 4 18 16 7 18 9 8 18 7 1 19 14 2 19 12 3 19 10 4 19 10 7 19 12 8 19 6
26 89 2 2 2 3 15 8 1 17 9
27 90 6 6 1 0 19 9 2 19 13 6 19 9 7 19 12 8 19 12 9 19 10
28 91 6 6 3 5 14 10 8 14 6 2 17 8 1 19 9 4 19 10 6 19 13
29 95 12 6 5 3 11 6 5 11 10 7 13 12 1 15 12 6 15 10 0 17 13 3 17 11 0 18 11 1 18 11 5 18 10 6 18 12 7 18 9
30 101 2 2 1 7 12 12 9 12 10
31 107 30 6 8 0 11 13 2 11 12 3 11 11 7 11 11 1 12 10 2 12 5 7 12 11 0 13 8 2 13 10 3 13 11 7 13 14 9 13 9 0 14 9 1 14 10 3 14 14 9 14 8 7 15 12 1 16 11 2 16 12 3 16 9 9 16 11 0 18 11 1 18 7 2 18 9 3 18 12 7 18 15 9 18 13 0 19 12 1 19 6 9 19 13
32 114 6 6 2 0 12 9 3 12 9 4 12 11 1 14 12 2 14 10 8 14 11
33 120 2 2 1 1 18 12 2 18 11
34 125 2 2 1 5 13 10 7 13 11
35 127 18 6 5 1 13 13 4 13 9 6 13 8 7 13 12 4 14 9 6 14 9 9 14 13 0 15 6 1 15 10 0 16 7 1 16 8 6 16 10 7 16 13 9 16 12 0 17 10 4 17 14 7 17 10 9 17 8
36 132 4 4 1 1 18 9 2 18 8 7 18 12 9 18 10
37 135 24 6 7 2 10 11 4 10 14 5 10 11 9 10 9 4 11 10 5 11 9 2 12 9 8 12 8 0 13 12 2 13 10 4 13 8 8 13 8 9 13 14 0 15 12 8 15 10 9 15 10 0 16 17 2 16 10 4 16 9 5 16 10 8 16 12 0 19 12 5 19 13 9 19 11
38 137 6 6 3 1 10 13 5 10 10 2 15 10 0 17 9 8 17 9 9 17 8
39 140 3 3 2 8 11 11 2 17 16 9 17 10
40 146 1 1 1 0 14 12
41 149 2 2 1 5 11 12 7 11 11
42 155 6 6 3 1 11 11 3 11 13 0 15 10 2 15 13 6 15 8 9 18 12
43 156 12 6 4 0 10 9 1 10 7 4 10 12 6 10 12 7 10 12 7 13 10 9 13 10 1 18 12 6 18 7 9 18 13 0 19 12 4 19 14
44 159 24 6 7 0 10 7 2 10 11 4 10 9 8 10 14 0 13 11 2 13 9 1 14 9 2 14 15 3 14 8 0 15 10 2 15 12 3 15 11 4 15 10 1 16 14 3 16 11 8 16 13 1 17 9 4 17 15 8 17 6 0 18 9 1 18 12 3 18 15 4 18 11 8 18 10
45 160 60 6 10 0 10 11 1 10 11 2 10 11 5 10 9 6 10 9 9 10 12 0 11 10 1 11 11 2 11 9 5 11 13 6 11 10 9 11 8 0 12 12 1 12 12 2 12 7 5 12 12 6 12 10 9 12 13 0 13 11 1 13 8 2 13 10 5 13 13 6 13 10 9 13 11 0 14 12 1 14 9 2 14 8 5 14 12 6 14 7 9 14 13 0 15 9 1 15 11 2 15 14 5 15 10 6 15 12 9 15 9 0 16 10 1 16 11 2 16 12 5 16 10 6 16 11 9 16 13 0 17 11 1 17 8 2 17 15 5 17 8 6 17 13 9 17 9 0 18 9 1 18 9 2 18 9 5 18 12 6 18 10 9 18 11 0 19 10 1 19 10 2 19 11 5 19 14 6 19 12 9 19 7
46 161 6 6 2 1 12 15 2 12 13 3 12 7 6 12 10 0 17 9 8 17 14
47 163 1 1 1 7 14 11
48 166 1 1 1 7 17 12
49 167 1 1 1 3 16 13
