20 50
0 0 6 6 3 2 13 9 6 13 11 9 13 11 3 15 10 4 17 13 8 17 12
1 2 6 6 2 1 16 10 3 16 8 6 16 12 0 17 8 5 17 9 8 17 12
2 4 3 3 1 4 10 9 7 10 5 8 10 9
3 8 40 4 10 1 10 10 4 10 10 7 10 12 9 10 10 1 11 10 4 11 6 7 11 10 9 11 14 1 12 13 4 12 8 7 12 12 9 12 10 1 13 10 4 13 9 7 13 13 9 13 7 1 14 13 4 14 6 7 14 9 9 14 10 1 15 10 4 15 11 7 15 8 9 15 10 1 16 10 4 16 7 7 16 15 9 16 9 1 17 8 4 17 8 7 17 10 9 17 10 1 18 8 4 18 11 7 18 12 9 18 10 1 19 13 4 19 13 7 19 8 9 19 7
4 10 1 1 1 0 18 9
5 11 30 3 10 1 10 8 4 10 14 8 10 8 1 11 10 4 11 12 8 11 11 1 12 11 4 12 10 8 12 13 1 13 11 4 13 9 8 13 8 1 14 7 4 14 9 8 14 11 1 15 7 4 15 10 8 15 15 1 16 12 4 16 8 8 16 12 1 17 11 4 17 13 8 17 12 1 18 11 4 18 11 8 18 13 1 19 5 4 19 6 8 19 11
6 13 3 3 2 0 11 12 9 11 12 8 12 12
7 14 4 4 2 4 11 12 8 11 11 2 15 12 6 15 10
8 17 2 2 1 7 16 10 9 16 10
9 20 24 6 7 0 10 13 1 10 10 7 10 10 9 10 9 1 12 8 2 12 8 5 12 9 7 12 10 0 14 12 2 14 11 5 15 12 9 15 12 1 17 10 2 17 8 7 17 11 0 18 11 2 18 8 5 18 9 9 18 10 0 19 10 1 19 11 5 19 8 7 19 12 9 19 11
10 24 2 2 1 5 19 12 9 19 8
11 27 4 4 1 3 13 12 4 13 7 7 13 11 9 13 13
12 28 3 3 1 0 16 14 7 16 14 9 16 9
13 42 6 6 2 2 10 12 0 16 13 1 16 9 5 16 10 7 16 8 8 16 10
14 43 6 6 1 0 16 10 1 16 15 2 16 15 7 16 12 8 16 10 9 16 10
15 45 6 3 3 7 10 8 6 14 10 7 14 13 8 14 13 6 16 11 8 16 10
16 46 24 6 7 0 10 8 5 10 10 8 10 12 9 10 10 0 11 9 8 11 11 9 11 11 0 14 13 4 14 12 5 14 14 6 14 9 9 14 10 0 15 12 4 15 8 5 15 10 6 15 14 8 15 10 6 16 11 9 16 12 4 17 11 8 17 15 4 19 6 5 19 12 6 19 10
17 47 1 1 1 9 19 8
18 52 6 6 1 0 18 12 1 18 12 2 18 11 3 18 9 7 18 11 9 18 14
19 57 24 6 7 1 12 9 4 12 13 5 12 10 6 12 11 7 12 7 8 12 8 1 13 10 4 13 7 5 13 12 6 13 10 7 13 12 8 13 10 1 15 10 4 15 11 5 15 11 7 15 12 8 15 10 7 16 10 1 17 9 6 17 11 8 17 8 4 18 8 5 18 11 6 19 11
20 59 1 1 1 8 17 11
21 67 60 6 10 1 10 12 2 10 15 5 10 8 6 10 11 8 10 10 9 10 8 1 11 9 2 11 8 5 11 7 6 11 11 8 11 9 9 11 10 1 12 15 2 12 13 5 12 12 6 12 15 8 12 12 9 12 10 1 13 9 2 13 9 5 13 9 6 13 10 8 13 9 9 13 12 1 14 10 2 14 11 5 14 8 6 14 12 8 14 9 9 14 9 1 15 13 2 15 9 5 15 10 6 15 11 8 15 9 9 15 13 1 16 9 2 16 13 5 16 10 6 16 12 8 16 8 9 16 11 1 17 11 2 17 8 5 17 9 6 17 8 8 17 10 9 17 11 1 18 7 2 18 17 5 18 12 6 18 14 8 18 12 9 18 11 1 19 12 2 19 7 5 19 8 6 19 7 8 19 5 9 19 12
22 68 50 5 10 1 10 9 2 10 10 6 10 7 7 10 10 8 10 13 1 11 12 2 11 10 6 11 13 7 11 11 8 11 10 1 12 11 2 12 9 6 12 11 7 12 10 8 12 9 1 13 13 2 13 10 6 13 8 7 13 13 8 13 10 1 14 11 2 14 11 6 14 11 7 14 10 8 14 15 1 15 8 2 15 14 6 15 10 7 15 8 8 15 9 1 16 14 2 16 11 6 16 12 7 16 13 8 16 9 1 17 10 2 17 10 6 17 9 7 17 11 8 17 11 1 18 8 2 18 16 6 18 11 7 18 8 8 18 9 1 19 7 2 19 10 6 19 10 7 19 11 8 19 11
23 71 18 6 5 1 10 15 2 10 8 3 10 6 0 13 10 5 13 10 1 14 11 2 14 10 3 14 7 5 14 13 9 14 10 0 15 8 1 15 11 2 15 12 9 15 8 0 18 15 3 18 10 5 18 8 9 18 10
24 80 2 2 2 2 12 8 9 13 11
25 86 18 6 5 1 12 10 4 12 5 7 12 8 9 12 8 0 13 8 4 13 9 6 13 9 9 13 8 0 14 11 1 14 9 7 14 14 9 14 14 4 17 10 6 17 12 0 19 13 1 19 9 6 19 10 7 19 11
26 89 20 2 10 5 10 7 9 10 13 5 11 7 9 11 13 5 12 15 9 12 10 5 13 13 9 13 11 5 14 8 9 14 14 5 15 9 9 15 9 5 16 14 9 16 7 5 17 10 9 17 12 5 18 8 9 18 11 5 19 12 9 19 7
27 90 12 4 4 0 15 14 4 15 11 7 15 13 8 15 14 0 16 12 4 16 9 7 16 8 0 18 11 4 18 8 7 18 6 8 18 7 8 19 9
28 91 12 6 4 0 10 7 2 10 11 4 10 12 8 10 13 9 14 12 0 15 11 2 15 12 3 15 11 3 17 8 4 17 9 8 17 12 9 17 10
29 95 6 6 3 3 11 13 0 12 8 1 12 12 2 12 11 6 12 10 4 19 9
30 101 6 6 1 1 16 11 3 16 12 4 16 11 5 16 12 8 16 6 9 16 11
31 107 10 1 10 8 10 13 8 11 13 8 12 9 8 13 8 8 14 10 8 15 10 8 16 12 8 17 8 8 18 8 8 19 13
32 114 60 6 10 0 10 11 1 10 14 2 10 9 6 10 12 7 10 10 8 10 11 0 11 9 1 11 10 2 11 10 6 11 15 7 11 8 8 11 10 0 12 9 1 12 6 2 12 11 6 12 12 7 12 9 8 12 10 0 13 11 1 13 11 2 13 12 6 13 13 7 13 8 8 13 12 0 14 8 1 14 7 2 14 9 6 14 13 7 14 13 8 14 9 0 15 9 1 15 13 2 15 10 6 15 10 7 15 13 8 15 8 0 16 10 1 16 12 2 16 12 6 16 13 7 16 8 8 16 12 0 17 8 1 17 15 2 17 8 6 17 12 7 17 11 8 17 11 0 18 11 1 18 10 2 18 11 6 18 8 7 18 11 8 18 13 0 19 7 1 19 9 2 19 12 6 19 12 7 19 11 8 19 8
33 120 2 2 1 4 13 7 9 13 9
34 125 6 6 1 0 19 10 2 19 8 3 19 8 4 19 8 8 19 7 9 19 9
35 127 40 4 10 1 10 13 2 10 13 4 10 10 7 10 9 1 11 8 2 11 10 4 11 15 7 11 7 1 12 9 2 12 11 4 12 11 7 12 9 1 13 10 2 13 7 4 13 9 7 13 14 1 14 8 2 14 7 4 14 11 7 14 11 1 15 10 2 15 12 4 15 7 7 15 10 1 16 10 2 16 14 4 16 8 7 16 12 1 17 14 2 17 11 4 17 7 7 17 9 1 18 13 2 18 12 4 18 10 7 18 9 1 19 8 2 19 11 4 19 12 7 19 9
36 132 2 2 1 3 10 10 8 10 10
37 135 2 2 1 6 19 5 9 19 13
38 137 6 3 3 7 11 10 2 17 10 8 17 9 2 19 8 7 19 10 8 19 14
39 140 60 6 10 1 10 14 2 10 13 3 10 11 5 10 11 7 10 12 9 10 14 1 11 11 2 11 10 3 11 9 5 11 11 7 11 8 9 11 11 1 12 7 2 12 8 3 12 9 5 12 10 7 12 8 9 12 12 1 13 12 2 13 12 3 13 10 5 13 11 7 13 13 9 13 17 1 14 14 2 14 11 3 14 10 5 14 11 7 14 12 9 14 9 1 15 8 2 15 10 3 15 10 5 15 9 7 15 11 9 15 8 1 16 9 2 16 9 3 16 10 5 16 11 7 16 13 9 16 12 1 17 12 2 17 12 3 17 13 5 17 10 7 17 15 9 17 15 1 18 13 2 18 10 3 18 8 5 18 8 7 18 11 9 18 9 1 19 12 2 19 10 3 19 13 5 19 10 7 19 10 9 19 12
40 146 18 6 5 3 10 7 9 10 11 4 12 12 9 12 12 0 17 12 2 17 10 3 17 9 4 17 11 6 17 10 0 18 12 2 18 13 3 18 6 4 18 11 6 18 14 0 19 10 2 19 8 6 19 9 9 19 11
41 149 12 3 7 5 10 11 8 10 11 5 11 15 0 12 11 8 12 12 0 13 8 5 13 13 8 13 14 8 17 11 0 18 9 0 19 10 5 19 7
42 155 4 4 1 0 10 4 4 10 8 5 10 8 6 10 8
43 156 5 5 2 4 10 9 7 10 8 9 10 8 1 16 11 2 16 9
44 159 8 4 3 0 10 13 9 10 12 0 15 10 1 15 15 3 15 8 9 15 10 1 19 9 3 19 13
45 160 2 2 1 5 10 12 7 10 14
46 161 24 6 7 2 10 10 3 10 11 6 10 11 7 10 7 8 10 13 9 10 10 2 11 10 3 11 9 9 11 11 2 12 9 6 12 14 7 12 11 9 12 9 7 13 11 8 13 11 3 15 11 6 15 11 8 15 11 2 16 14 7 16 10 8 16 13 9 16 9 3 17 10 6 17 12
47 163 1 1 1 1 16 11
48 166 4 4 1 1 16 13 3 16 10 8 16 12 9 16 11
49 167 1 1 1 7 18 11
