20 50
0 0 60 6 10 0 10 11 1 10 9 2 10 7 3 10 13 7 10 12 8 10 12 0 11 10 1 11 8 2 11 12 3 11 13 7 11 8 8 11 11 0 12 9 1 12 7 2 12 11 3 12 12 7 12 9 8 12 9 0 13 9 1 13 12 2 13 14 3 13 10 7 13 10 8 13 9 0 14 16 1 14 9 2 14 8 3 14 10 7 14 11 8 14 9 0 15 8 1 15 13 2 15 11 3 15 9 7 15 11 8 15 11 0 16 11 1 16 14 2 16 12 3 16 10 7 16 10 8 16 12 0 17 11 1 17 10 2 17 10 3 17 12 7 17 12 8 17 11 0 18 12 1 18 10 2 18 13 3 18 11 7 18 11 8 18 11 0 19 12 1 19 9 2 19 12 3 19 10 7 19 12 8 19 8
1 2 10 1 10 9 10 11 9 11 12 9 12 12 9 13 11 9 14 8 9 15 9 9 16 10 9 17 11 9 18 8 9 19 13
2 4 10 1 10 7 10 9 7 11 11 7 12 9 7 13 12 7 14 12 7 15 10 7 16 10 7 17 13 7 18 12 7 19 10
3 8 12 6 3 3 13 11 4 13 12 6 13 7 8 13 13 9 13 10 0 15 9 4 15 12 8 15 12 9 15 10 0 19 11 3 19 10 6 19 9
4 10 20 2 10 1 10 11 2 10 10 1 11 9 2 11 8 1 12 11 2 12 11 1 13 9 2 13 9 1 14 8 2 14 12 1 15 8 2 15 10 1 16 12 2 16 8 1 17 5 2 17 11 1 18 10 2 18 11 1 19 7 2 19 12
5 11 8 4 4 4 11 9 5 11 6 8 11 12 5 14 7 4 18 8 9 18 8 8 19 12 9 19 14
6 13 3 3 1 1 12 9 5 12 10 8 12 9
7 14 18 6 5 1 10 12 3 10 8 6 10 10 1 11 11 3 11 10 5 11 12 7 11 9 1 12 7 3 12 11 4 12 9 6 12 9 7 12 9 4 13 11 5 13 10 4 14 11 5 14 11 6 14 9 7 14 13
8 17 1 1 1 8 17 11
9 20 1 1 1 2 17 9
10 24 12 6 4 4 10 11 6 10 8 7 10 8 2 14 12 6 14 10 8 14 12 3 16 10 4 16 9 2 17 11 3 17 11 7 17 12 8 17 12
11 27 60 6 10 2 10 13 3 10 12 4 10 9 5 10 10 7 10 13 8 10 11 2 11 5 3 11 10 4 11 11 5 11 15 7 11 9 8 11 11 2 12 11 3 12 7 4 12 9 5 12 13 7 12 5 8 12 9 2 13 11 3 13 15 4 13 10 5 13 12 7 13 11 8 13 11 2 14 11 3 14 11 4 14 10 5 14 13 7 14 10 8 14 10 2 15 11 3 15 10 4 15 12 5 15 13 7 15 10 8 15 11 2 16 10 3 16 13 4 16 14 5 16 10 7 16 10 8 16 11 2 17 9 3 17 7 4 17 9 5 17 9 7 17 10 8 17 11 2 18 8 3 18 11 4 18 14 5 18 8 7 18 13 8 18 11 2 19 10 3 19 9 4 19 12 5 19 14 7 19 9 8 19 11
12 28 24 6 7 2 10 14 4 10 12 5 10 10 8 10 13 3 11 9 5 11 13 8 11 10 9 11 14 2 13 10 4 13 11 9 13 7 2 14 8 3 14 9 5 14 10 3 17 8 4 17 11 8 17 10 9 17 12 3 18 11 8 18 13 9 18 12 2 19 10 4 19 12 5 19 9
13 42 6 6 2 0 12 11 2 16 9 3 16 9 4 16 8 5 16 9 7 16 5
14 43 20 2 10 1 10 11 9 10 9 1 11 14 9 11 10 1 12 9 9 12 12 1 13 9 9 13 9 1 14 8 9 14 9 1 15 12 9 15 11 1 16 9 9 16 10 1 17 12 9 17 6 1 18 12 9 18 12 1 19 9 9 19 12
15 45 5 5 1 2 15 12 4 15 9 6 15 15 8 15 11 9 15 15
16 46 2 2 1 2 17 12 8 17 14
17 47 12 6 3 0 15 10 3 15 9 9 15 13 2 16 10 3 16 8 4 16 13 8 16 9 0 19 11 2 19 12 4 19 11 8 19 12 9 19 10
18 52 8 4 4 3 10 13 7 10 10 0 12 12 5 12 11 3 17 10 5 17 14 7 17 14 0 19 14
19 57 3 3 1 0 13 13 5 13 10 6 13 7
20 59 48 6 10 0 10 8 3 10 9 7 10 8 9 10 9 0 11 9 3 11 10 4 11 12 7 11 10 8 11 13 0 12 8 3 12 9 4 12 12 7 12 5 8 12 10 9 12 15 7 13 9 8 13 10 9 13 10 0 14 13 3 14 13 4 14 9 7 14 8 8 14 13 9 14 13 0 15 9 3 15 9 4 15 11 8 15 11 9 15 12 0 16 9 3 16 11 4 16 12 7 16 15 8 16 11 9 16 12 0 17 13 3 17 9 4 17 12 7 17 9 8 17 12 9 17 14 4 18 10 9 18 10 0 19 9 3 19 11 4 19 13 7 19 12 8 19 10
21 67 3 3 2 3 11 13 2 15 11 9 15 13
22 68 4 4 1 1 13 9 4 13 10 7 13 11 8 13 11
23 71 10 1 10 9 10 14 9 11 12 9 12 11 9 13 11 9 14 10 9 15 11 9 16 13 9 17 7 9 18 7 9 19 12
24 80 5 5 2 0 12 11 7 12 9 2 17 3 4 17 10 6 17 9
25 86 1 1 1 4 11 12
26 89 10 1 10 1 10 9 1 11 10 1 12 13 1 13 8 1 14 11 1 15 11 1 16 10 1 17 9 1 18 11 1 19 13
27 90 6 3 3 5 11 7 1 15 11 2 15 9 1 17 11 2 17 9 5 17 13
28 91 4 2 2 4 11 12 5 11 10 4 12 12 5 12 12
29 95 6 6 1 0 18 10 2 18 14 3 18 13 4 18 13 5 18 7 8 18 7
30 101 3 3 2 9 14 13 4 19 11 8 19 11
31 107 2 2 1 7 11 9 9 11 10
32 114 30 3 10 2 10 11 5 10 11 9 10 12 2 11 12 5 11 9 9 11 12 2 12 14 5 12 10 9 12 11 2 13 11 5 13 12 9 13 12 2 14 7 5 14 12 9 14 14 2 15 7 5 15 9 9 15 13 2 16 16 5 16 10 9 16 12 2 17 11 5 17 12 9 17 10 2 18 9 5 18 12 9 18 11 2 19 8 5 19 10 9 19 9
33 120 1 1 1 5 16 8
34 125 12 6 4 0 11 10 4 11 9 6 11 10 7 11 14 9 11 11 7 14 9 8 14 12 9 14 13 0 15 12 6 15 15 4 16 11 8 16 11
35 127 3 3 1 6 17 11 7 17 10 9 17 14
36 132 8 4 4 4 10 12 7 15 10 5 17 10 7 17 12 9 17 10 4 19 9 5 19 10 9 19 11
37 135 18 6 6 4 10 10 6 10 12 1 11 12 5 11 11 1 12 10 5 12 12 6 12 9 7 12 11 9 12 7 4 13 12 9 13 7 4 16 6 6 16 8 7 16 10 1 19 8 5 19 13 7 19 12 9 19 12
38 137 18 6 6 4 10 11 5 10 11 9 10 18 5 11 8 6 11 12 1 13 9 8 13 11 9 13 11 4 16 11 6 16 11 8 16 10 1 18 14 4 18 10 6 18 11 9 18 12 1 19 11 5 19 10 8 19 7
39 140 60 6 10 0 10 10 3 10 12 4 10 8 5 10 8 6 10 6 7 10 9 0 11 10 3 11 9 4 11 8 5 11 8 6 11 9 7 11 12 0 12 11 3 12 10 4 12 10 5 12 9 6 12 7 7 12 9 0 13 12 3 13 14 4 13 7 5 13 9 6 13 10 7 13 10 0 14 11 3 14 11 4 14 9 5 14 13 6 14 9 7 14 10 0 15 11 3 15 7 4 15 9 5 15 11 6 15 9 7 15 12 0 16 11 3 16 11 4 16 13 5 16 11 6 16 6 7 16 14 0 17 15 3 17 10 4 17 11 5 17 11 6 17 9 7 17 11 0 18 9 3 18 9 4 18 11 5 18 11 6 18 13 7 18 10 0 19 11 3 19 10 4 19 13 5 19 13 6 19 10 7 19 11
40 146 6 3 3 4 11 11 9 11 9 2 12 12 9 12 11 2 16 11 4 16 11
41 149 40 4 10 3 10 11 4 10 15 5 10 9 8 10 7 3 11 12 4 11 12 5 11 12 8 11 12 3 12 11 4 12 9 5 12 10 8 12 11 3 13 14 4 13 11 5 13 13 8 13 10 3 14 10 4 14 11 5 14 11 8 14 9 3 15 8 4 15 10 5 15 11 8 15 13 3 16 7 4 16 14 5 16 15 8 16 12 3 17 11 4 17 9 5 17 13 8 17 13 3 18 10 4 18 11 5 18 11 8 18 9 3 19 14 4 19 8 5 19 11 8 19 12
42 155 4 4 1 2 19 10 6 19 11 8 19 11 9 19 13
43 156 1 1 1 6 16 15
44 159 40 4 10 1 10 12 2 10 10 3 10 10 6 10 8 1 11 10 2 11 10 3 11 7 6 11 12 1 12 10 2 12 8 3 12 10 6 12 10 1 13 10 2 13 10 3 13 13 6 13 11 1 14 13 2 14 9 3 14 11 6 14 7 1 15 10 2 15 10 3 15 12 6 15 12 1 16 8 2 16 10 3 16 10 6 16 13 1 17 8 2 17 9 3 17 11 6 17 10 1 18 8 2 18 9 3 18 10 6 18 9 1 19 13 2 19 15 3 19 11 6 19 15
45 160 3 3 1 3 13 11 4 13 11 7 13 11
46 161 6 6 2 0 13 7 4 13 11 8 13 11 3 19 8 6 19 14 9 19 10
47 163 2 2 1 0 10 8 1 10 6
48 166 1 1 1 6 11 8
49 167 10 1 10 5 10 13 5 11 7 5 12 9 5 13 8 5 14 11 5 15 10 5 16 13 5 17 8 5 18 6 5 19 12
