20 50
0 0 6 6 3 8 10 9 1 14 9 5 14 11 6 14 13 0 16 11 7 16 13
1 2 6 6 1 1 15 9 2 15 7 3 15 10 5 15 8 8 15 10 9 15 8
2 4 6 6 1 0 15 9 2 15 8 4 15 10 7 15 9 8 15 10 9 15 8
3 8 6 6 1 0 18 10 1 18 10 2 18 12 3 18 10 5 18 12 9 18 14
4 10 1 1 1 6 10 10
5 11 2 2 1 6 13 8 9 13 10
6 13 6 6 2 2 10 11 0 16 10 4 16 7 6 16 12 7 16 11 9 16 7
7 14 2 2 1 4 11 10 7 11 9
8 17 6 6 2 7 13 10 8 13 10 9 13 12 2 14 11 4 14 13 6 14 8
9 20 1 1 1 3 18 10
10 24 3 3 1 2 12 10 4 12 10 5 12 11
11 27 18 6 6 5 10 12 6 10 11 7 10 14 8 10 12 9 10 10 6 11 10 7 11 14 0 13 10 9 13 12 5 14 11 7 14 10 0 15 11 8 15 9 0 16 11 5 16 8 6 16 5 8 16 10 9 16 13
12 28 2 2 1 4 17 11 7 17 12
13 42 1 1 1 1 12 16
14 43 2 2 1 1 14 11 5 14 13
15 45 1 1 1 4 11 16
16 46 1 1 1 2 11 9
17 47 10 1 10 5 10 13 5 11 14 5 12 12 5 13 10 5 14 8 5 15 11 5 16 10 5 17 12 5 18 6 5 19 12
18 52 1 1 1 6 18 12
19 57 24 6 7 0 10 12 2 10 8 3 10 12 8 10 13 1 12 8 3 12 8 0 13 7 1 13 8 2 13 9 4 13 13 0 14 14 3 14 11 8 14 10 0 15 12 1 15 15 4 15 12 2 16 11 3 16 14 4 16 9 8 16 10 1 18 12 2 18 9 4 18 13 8 18 14
20 59 20 2 10 2 10 11 5 10 11 2 11 11 5 11 12 2 12 13 5 12 10 2 13 13 5 13 14 2 14 12 5 14 10 2 15 12 5 15 8 2 16 10 5 16 13 2 17 17 5 17 9 2 18 15 5 18 8 2 19 13 5 19 8
21 67 12 4 5 4 10 12 7 10 12 8 10 13 2 14 10 4 14 10 7 14 9 8 14 13 2 16 12 7 16 11 4 17 13 2 19 12 8 19 10
22 68 12 6 3 0 11 10 1 11 15 3 11 6 7 11 9 2 13 13 7 13 15 9 13 11 0 18 11 1 18 11 2 18 11 3 18 6 9 18 10
23 71 12 6 3 0 11 7 3 11 10 5 11 9 8 11 14 9 11 10 0 13 13 3 13 10 6 13 11 9 13 10 5 19 11 6 19 10 8 19 9
24 80 6 6 1 0 19 8 2 19 10 4 19 11 6 19 7 7 19 14 9 19 10
25 86 3 3 1 1 17 12 6 17 13 8 17 11
26 89 2 2 1 8 19 12 9 19 10
27 90 2 2 2 2 12 11 4 18 10
28 91 24 6 6 1 13 13 2 13 8 3 13 10 6 13 8 8 13 12 2 14 10 3 14 9 6 14 10 8 14 12 9 14 12 1 16 14 2 16 11 1 17 9 6 17 11 8 17 12 9 17 9 1 18 9 2 18 10 3 18 14 6 18 12 8 18 13 9 18 9 3 19 8 9 19 12
29 95 30 3 10 0 10 10 6 10 10 9 10 11 0 11 8 6 11 9 9 11 7 0 12 12 6 12 11 9 12 14 0 13 12 6 13 12 9 13 12 0 14 11 6 14 8 9 14 10 0 15 10 6 15 13 9 15 5 0 16 12 6 16 12 9 16 9 0 17 13 6 17 13 9 17 11 0 18 14 6 18 12 9 18 10 0 19 5 6 19 10 9 19 10
30 101 6 6 1 0 10 9 4 10 11 5 10 10 7 10 9 8 10 12 9 10 12
31 107 6 3 3 8 11 8 9 11 10 1 15 14 8 15 9 9 15 10 1 16 10
32 114 60 6 10 0 10 12 1 10 12 2 10 12 3 10 14 4 10 11 9 10 9 0 11 10 1 11 10 2 11 10 3 11 12 4 11 12 9 11 12 0 12 13 1 12 12 2 12 12 3 12 10 4 12 9 9 12 12 0 13 10 1 13 8 2 13 8 3 13 12 4 13 10 9 13 12 0 14 7 1 14 9 2 14 10 3 14 9 4 14 10 9 14 11 0 15 11 1 15 11 2 15 11 3 15 11 4 15 9 9 15 13 0 16 10 1 16 7 2 16 12 3 16 7 4 16 8 9 16 12 0 17 16 1 17 12 2 17 12 3 17 10 4 17 14 9 17 11 0 18 11 1 18 8 2 18 8 3 18 13 4 18 14 9 18 11 0 19 10 1 19 14 2 19 7 3 19 9 4 19 10 9 19 7
33 120 2 2 1 1 12 14 6 12 13
34 125 1 1 1 5 19 11
35 127 18 6 5 5 12 13 7 12 12 0 15 12 3 15 11 4 15 10 7 15 13 9 15 6 0 17 10 5 17 10 0 18 10 3 18 12 4 18 11 7 18 10 9 18 9 3 19 11 4 19 7 5 19 13 9 19 11
36 132 8 4 4 2 10 11 2 11 11 7 11 8 1 12 9 6 12 11 1 14 12 6 14 9 7 14 9
37 135 2 2 1 4 17 7 6 17 12
38 137 3 3 1 1 11 10 4 11 13 7 11 9
39 140 24 6 7 4 11 11 3 12 11 4 12 14 6 12 10 7 12 13 9 12 11 2 13 10 4 13 7 6 13 8 9 13 15 2 15 12 3 15 11 6 15 12 7 15 12 7 16 14 9 16 10 2 17 14 3 17 8 6 17 9 7 17 12 2 19 11 3 19 8 4 19 13 9 19 6
40 146 6 6 2 6 18 8 7 18 11 1 19 6 4 19 8 5 19 13 9 19 10
41 149 1 1 1 0 11 13
42 155 60 6 10 1 10 8 3 10 8 4 10 11 6 10 12 7 10 11 8 10 8 1 11 9 3 11 12 4 11 11 6 11 11 7 11 7 8 11 11 1 12 11 3 12 8 4 12 9 6 12 14 7 12 8 8 12 12 1 13 8 3 13 9 4 13 11 6 13 11 7 13 11 8 13 11 1 14 9 3 14 10 4 14 11 6 14 13 7 14 11 8 14 14 1 15 11 3 15 7 4 15 13 6 15 13 7 15 11 8 15 13 1 16 8 3 16 11 4 16 7 6 16 11 7 16 11 8 16 11 1 17 12 3 17 9 4 17 14 6 17 14 7 17 10 8 17 14 1 18 10 3 18 6 4 18 10 6 18 11 7 18 6 8 18 11 1 19 6 3 19 9 4 19 14 6 19 9 7 19 9 8 19 9
43 156 5 5 3 4 10 14 7 10 10 8 10 13 0 13 13 9 14 6
44 159 6 6 1 0 12 13 1 12 12 2 12 12 6 12 11 8 12 11 9 12 13
45 160 48 6 10 1 10 9 5 10 8 6 10 9 7 10 13 8 10 8 9 10 10 5 11 8 6 11 10 1 12 12 6 12 11 7 12 10 8 12 9 9 12 10 1 13 11 5 13 8 6 13 8 8 13 10 9 13 11 1 14 10 5 14 14 6 14 9 7 14 16 9 14 9 5 15 7 7 15 11 8 15 10 1 16 12 5 16 13 6 16 10 7 16 12 8 16 10 9 16 11 1 17 10 5 17 10 7 17 10 8 17 12 9 17 11 1 18 11 6 18 10 7 18 10 8 18 10 9 18 9 1 19 12 5 19 12 6 19 13 7 19 9 8 19 10 9 19 9
46 161 6 6 2 4 13 11 9 13 13 0 17 10 2 17 14 3 17 12 7 17 12
47 163 12 6 4 2 13 11 7 13 10 9 13 10 1 14 12 2 14 14 5 14 9 6 14 10 7 14 10 9 15 8 1 16 12 5 16 10 6 16 11
48 166 3 3 2 1 15 14 7 15 11 2 19 10
49 167 6 6 1 0 19 10 3 19 10 5 19 9 7 19 8 8 19 13 9 19 8
