20 50
0 0 2 2 1 2 11 10 4 11 7
1 2 15 5 5 0 10 12 4 10 12 7 10 11 9 10 9 4 13 5 5 13 11 9 13 10 0 14 15 5 14 14 7 14 10 0 16 10 4 16 10 7 16 10 5 18 12 9 18 8
2 4 3 3 1 0 13 10 5 13 9 6 13 8
3 8 2 2 1 8 19 12 9 19 8
4 10 9 3 5 0 11 9 4 11 10 7 11 9 4 14 11 0 15 12 7 15 10 4 16 9 0 19 6 7 19 13
5 11 18 6 5 0 11 13 3 11 8 7 11 12 4 15 12 6 15 11 7 15 11 9 15 11 0 16 13 3 16 9 6 16 12 7 16 11 0 17 8 3 17 9 4 17 12 9 17 9 4 19 8 6 19 10 9 19 12
6 13 1 1 1 2 18 12
7 14 1 1 1 7 18 12
8 17 1 1 1 7 13 11
9 20 18 6 5 2 12 9 5 12 9 7 12 9 0 14 10 2 14 13 7 14 8 9 14 12 0 15 11 5 15 11 6 15 12 7 15 8 2 16 10 5 16 11 6 16 13 9 16 13 0 19 11 6 19 10 9 19 11
10 24 18 6 6 1 10 11 5 10 9 7 10 9 8 10 10 1 11 9 2 11 9 8 11 10 2 15 8 4 15 10 5 15 15 7 15 13 8 15 13 1 16 10 4 16 12 7 17 10 2 19 9 4 19 6 5 19 6
11 27 1 1 1 7 14 12
12 28 12 6 4 5 11 13 6 11 11 7 11 13 8 11 13 2 15 11 7 15 12 8 15 6 6 16 8 9 16 13 2 19 11 5 19 10 9 19 11
13 42 4 4 1 0 11 11 3 11 8 6 11 12 7 11 11
14 43 2 2 2 9 12 10 2 15 9
15 45 3 3 1 1 13 11 3 13 9 9 13 9
16 46 6 6 1 1 16 12 2 16 10 3 16 12 4 16 11 7 16 10 8 16 12
17 47 4 4 1 0 12 8 6 12 13 8 12 5 9 12 10
18 52 1 1 1 4 15 8
19 57 1 1 1 9 16 10
20 59 1 1 1 1 12 13
21 67 6 6 1 0 12 10 2 12 10 3 12 11 4 12 9 5 12 12 9 12 9
22 68 5 5 2 8 16 10 1 18 11 2 18 11 5 18 10 9 18 13
23 71 40 4 10 0 10 11 5 10 10 6 10 11 8 10 16 0 11 10 5 11 11 6 11 13 8 11 13 0 12 8 5 12 11 6 12 8 8 12 8 0 13 11 5 13 11 6 13 9 8 13 12 0 14 13 5 14 9 6 14 6 8 14 10 0 15 10 5 15 11 6 15 12 8 15 9 0 16 10 5 16 10 6 16 9 8 16 13 0 17 9 5 17 9 6 17 13 8 17 11 0 18 10 5 18 10 6 18 9 8 18 11 0 19 12 5 19 14 6 19 8 8 19 13
24 80 3 3 1 1 13 14 7 13 10 8 13 11
25 86 24 6 7 1 11 11 2 11 9 5 11 11 0 12 7 2 12 9 5 12 8 7 12 10 9 12 7 0 13 8 1 13 15 0 14 11 1 14 9 2 14 10 9 14 14 5 15 12 7 15 10 5 16 9 7 16 10 9 16 7 0 19 10 1 19 10 2 19 11 7 19 9 9 19 8
26 89 6 6 2 2 12 11 7 12 8 1 13 12 4 13 8 8 13 11 9 13 12
27 90 2 2 1 6 19 9 9 19 13
28 91 2 2 1 0 14 12 3 14 12
29 95 60 6 10 1 10 8 3 10 10 4 10 10 5 10 11 7 10 8 8 10 8 1 11 11 3 11 13 4 11 8 5 11 12 7 11 12 8 11 11 1 12 12 3 12 9 4 12 11 5 12 13 7 12 10 8 12 12 1 13 10 3 13 6 4 13 13 5 13 12 7 13 11 8 13 15 1 14 11 3 14 10 4 14 9 5 14 13 7 14 13 8 14 11 1 15 7 3 15 9 4 15 9 5 15 12 7 15 12 8 15 11 1 16 11 3 16 10 4 16 11 5 16 8 7 16 8 8 16 11 1 17 11 3 17 15 4 17 10 5 17 13 7 17 6 8 17 8 1 18 9 3 18 7 4 18 10 5 18 10 7 18 8 8 18 10 1 19 9 3 19 10 4 19 11 5 19 11 7 19 8 8 19 8
30 101 18 6 5 0 10 13 5 10 9 6 10 14 7 10 10 2 13 7 3 13 11 6 13 13 7 13 8 5 14 14 0 15 11 2 15 10 3 15 13 0 17 13 2 17 8 3 17 9 5 17 12 6 17 13 7 17 8
31 107 12 6 4 0 12 13 5 12 9 6 12 8 7 12 12 8 12 12 5 14 11 6 14 7 9 14 8 0 16 13 8 16 12 9 16 11 7 17 11
32 114 12 6 4 1 11 10 2 11 10 3 11 10 1 12 14 5 12 12 4 18 11 9 18 13 2 19 8 3 19 11 4 19 8 5 19 11 9 19 8
33 120 2 2 1 1 15 9 3 15 11
34 125 6 6 1 0 17 12 5 17 12 6 17 9 7 17 7 8 17 9 9 17 9
35 127 20 2 10 5 10 8 6 10 11 5 11 13 6 11 10 5 12 12 6 12 11 5 13 10 6 13 8 5 14 9 6 14 11 5 15 11 6 15 10 5 16 10 6 16 9 5 17 10 6 17 16 5 18 13 6 18 10 5 19 8 6 19 12
36 132 12 6 3 2 14 16 3 14 12 5 14 12 7 14 14 8 14 9 0 15 9 3 15 14 5 15 8 7 15 8 0 17 14 2 17 8 8 17 7
37 135 2 2 1 2 10 9 8 10 11
38 137 6 6 1 0 15 11 1 15 10 2 15 10 4 15 8 6 15 8 9 15 10
39 140 3 3 1 3 18 12 5 18 11 8 18 11
40 146 6 6 1 1 12 9 2 12 14 4 12 9 6 12 8 7 12 11 9 12 11
41 149 6 3 3 2 14 10 7 14 13 2 15 11 6 15 11 6 16 9 7 16 16
42 155 20 2 10 4 10 11 8 10 11 4 11 11 8 11 12 4 12 14 8 12 12 4 13 9 8 13 15 4 14 10 8 14 11 4 15 10 8 15 10 4 16 11 8 16 12 4 17 9 8 17 9 4 18 9 8 18 12 4 19 9 8 19 11
43 156 20 2 10 5 10 10 8 10 12 5 11 8 8 11 11 5 12 9 8 12 12 5 13 10 8 13 16 5 14 11 8 14 10 5 15 9 8 15 11 5 16 11 8 16 15 5 17 13 8 17 10 5 18 9 8 18 9 5 19 13 8 19 10
44 159 1 1 1 0 13 11
45 160 3 3 1 2 13 11 3 13 6 9 13 10
46 161 6 6 3 1 11 7 3 11 11 7 11 10 8 11 14 4 17 10 9 19 9
47 163 6 6 2 6 18 7 8 18 12 0 19 13 1 19 9 4 19 11 7 19 7
48 166 6 3 3 8 10 10 1 13 10 6 13 12 1 14 11 6 14 8 8 14 9
49 167 3 3 2 4 11 9 8 11 10 1 16 12
