20 50
0 0 12 6 5 3 10 13 6 10 10 7 10 10 2 13 9 4 14 9 6 14 14 8 14 8 2 16 11 3 16 11 4 16 11 7 19 15 8 19 13
1 2 2 2 1 2 16 11 7 16 12
2 4 6 6 1 2 17 11 4 17 8 5 17 15 7 17 12 8 17 10 9 17 11
3 8 3 3 1 2 17 13 5 17 12 6 17 13
4 10 3 3 1 5 16 11 6 16 10 9 16 11
5 11 18 6 6 0 10 11 1 10 8 4 10 14 5 10 11 0 12 11 4 12 12 6 12 11 1 13 12 6 13 11 7 13 9 5 14 9 7 14 11 4 15 9 0 17 14 1 17 10 5 17 12 6 17 9 7 17 9
6 13 3 3 1 0 14 9 1 14 12 9 14 11
7 14 24 6 7 0 10 10 4 10 10 5 10 13 8 10 15 0 11 11 5 11 11 7 11 11 8 11 16 9 11 10 0 12 9 4 12 11 5 12 9 8 12 14 9 12 13 4 13 9 5 15 9 7 15 10 9 15 9 4 16 14 7 16 13 0 19 10 7 19 11 8 19 13 9 19 5
8 17 2 2 1 3 19 11 8 19 9
9 20 8 4 4 3 12 12 8 12 11 0 13 12 4 13 9 3 14 6 4 14 13 8 14 6 0 15 11
10 24 1 1 1 9 13 10
11 27 12 6 3 1 12 12 3 12 9 9 12 12 0 15 10 1 15 9 2 15 11 3 15 9 6 15 11 9 15 10 0 16 9 2 16 8 6 16 11
12 28 8 4 3 1 10 9 3 10 9 8 10 9 9 10 8 1 14 11 3 14 15 9 14 12 8 16 10
13 42 10 1 10 7 10 12 7 11 12 7 12 9 7 13 7 7 14 10 7 15 11 7 16 14 7 17 13 7 18 15 7 19 10
14 43 1 1 1 7 16 7
15 45 6 6 1 2 15 9 3 15 9 4 15 10 6 15 11 7 15 11 8 15 12
16 46 6 6 1 0 10 11 1 10 10 5 10 7 7 10 11 8 10 13 9 10 13
17 47 18 6 5 0 11 11 1 11 12 8 11 11 9 11 8 0 12 10 5 12 10 8 12 10 9 12 11 6 13 12 1 16 13 5 16 11 6 16 10 9 16 9 0 19 13 1 19 10 5 19 11 6 19 11 8 19 13
18 52 2 2 1 6 19 14 9 19 9
19 57 6 3 3 0 11 8 1 11 11 8 11 9 8 13 10 0 17 11 1 17 12
20 59 2 2 1 2 14 8 9 14 10
21 67 18 6 6 0 10 10 3 10 11 4 10 12 0 12 8 5 12 10 0 15 11 1 15 13 5 15 12 9 15 11 1 16 8 3 16 11 5 16 9 9 16 11 1 18 11 3 18 12 4 18 11 4 19 10 9 19 6
22 68 12 6 3 3 14 10 5 14 11 7 14 6 8 14 10 2 16 13 3 16 12 5 16 8 6 16 11 7 16 7 2 19 8 6 19 11 8 19 11
23 71 6 6 2 2 13 10 4 13 11 7 13 7 1 16 10 3 16 12 5 16 8
24 80 20 2 10 3 10 12 6 10 11 3 11 11 6 11 11 3 12 12 6 12 11 3 13 8 6 13 8 3 14 13 6 14 12 3 15 8 6 15 12 3 16 7 6 16 12 3 17 11 6 17 13 3 18 8 6 18 8 3 19 9 6 19 7
25 86 8 2 5 8 10 9 0 12 9 8 12 10 0 14 11 0 15 12 8 15 10 0 18 14 8 18 9
26 89 3 3 1 0 10 13 3 10 10 5 10 13
27 90 6 6 1 0 10 10 1 10 9 2 10 10 4 10 10 8 10 16 9 10 10
28 91 6 6 1 0 17 10 2 17 12 4 17 13 6 17 10 7 17 12 8 17 9
29 95 24 6 8 1 10 10 3 10 9 7 10 10 0 11 12 5 11 13 9 11 12 0 12 10 1 12 14 3 12 13 5 12 10 7 12 8 9 12 11 5 13 14 9 13 11 7 14 10 3 15 12 5 15 11 0 16 11 1 16 11 3 16 10 7 16 12 0 19 8 1 19 11 9 19 11
30 101 1 1 1 4 15 9
31 107 18 6 6 0 11 9 2 11 11 3 11 13 5 11 9 2 13 12 5 13 9 7 13 13 0 14 8 2 14 7 4 14 10 3 15 8 4 15 11 0 18 11 3 18 10 4 18 12 7 18 12 5 19 9 7 19 12
32 114 1 1 1 3 12 15
33 120 3 3 2 7 10 13 9 10 10 0 16 10
34 125 1 1 1 6 10 11
35 127 30 3 10 1 10 12 3 10 13 4 10 9 1 11 12 3 11 11 4 11 10 1 12 9 3 12 9 4 12 9 1 13 10 3 13 10 4 13 8 1 14 9 3 14 11 4 14 8 1 15 10 3 15 7 4 15 11 1 16 8 3 16 10 4 16 12 1 17 8 3 17 10 4 17 8 1 18 12 3 18 11 4 18 10 1 19 12 3 19 10 4 19 7
36 132 12 6 4 1 10 8 2 10 9 5 10 7 7 10 8 9 10 10 1 11 9 7 11 13 2 13 11 5 13 13 6 13 11 9 13 13 6 15 9
37 135 3 3 1 0 12 13 3 12 13 6 12 9
38 137 18 6 5 2 10 11 6 10 7 7 10 9 2 11 11 4 11 10 6 11 6 7 11 5 8 11 12 2 15 9 4 15 10 8 15 12 9 15 10 4 16 8 6 16 10 7 16 12 8 16 10 9 16 8 9 18 11
39 140 1 1 1 6 13 9
40 146 24 6 8 3 10 11 4 10 7 6 10 7 4 12 9 5 12 9 7 12 9 9 12 10 3 13 11 4 13 13 5 13 10 7 13 13 6 14 10 9 14 11 5 15 14 7 15 11 9 15 8 3 16 9 4 16 12 6 16 9 3 17 8 5 17 11 7 17 11 9 17 13 6 18 13
41 149 1 1 1 7 17 10
42 155 2 2 1 3 17 10 7 17 12
43 156 60 6 10 1 10 11 3 10 14 6 10 9 7 10 9 8 10 11 9 10 10 1 11 13 3 11 11 6 11 8 7 11 12 8 11 13 9 11 12 1 12 9 3 12 12 6 12 9 7 12 12 8 12 11 9 12 7 1 13 13 3 13 12 6 13 12 7 13 14 8 13 12 9 13 12 1 14 9 3 14 13 6 14 12 7 14 11 8 14 11 9 14 9 1 15 14 3 15 9 6 15 7 7 15 5 8 15 12 9 15 13 1 16 13 3 16 12 6 16 14 7 16 13 8 16 7 9 16 13 1 17 8 3 17 7 6 17 9 7 17 11 8 17 12 9 17 7 1 18 10 3 18 9 6 18 12 7 18 7 8 18 10 9 18 10 1 19 10 3 19 8 6 19 12 7 19 9 8 19 8 9 19 8
44 159 18 6 5 0 12 11 2 12 12 3 12 13 8 12 10 1 13 9 5 13 9 0 14 13 3 14 11 5 14 8 8 14 10 1 18 8 2 18 13 8 18 13 0 19 13 1 19 10 2 19 10 3 19 11 5 19 9
45 160 12 4 5 0 10 12 9 10 9 0 13 11 8 13 8 0 14 11 7 14 10 8 14 12 9 14 13 7 15 15 7 16 8 8 16 14 9 16 13
46 161 6 6 2 5 18 12 7 18 10 8 18 9 1 19 10 4 19 8 6 19 15
47 163 20 2 10 6 10 13 7 10 11 6 11 9 7 11 14 6 12 11 7 12 10 6 13 12 7 13 11 6 14 12 7 14 10 6 15 12 7 15 2 6 16 8 7 16 14 6 17 9 7 17 7 6 18 9 7 18 10 6 19 14 7 19 9
48 166 2 2 1 6 10 11 9 10 9
49 167 1 1 1 6 19 14
