20 50
0 0 12 6 4 1 11 9 2 11 9 4 11 10 0 14 9 2 14 13 7 14 12 0 18 9 3 18 16 4 18 8 1 19 13 3 19 12 7 19 10
1 2 60 6 10 0 10 13 1 10 11 2 10 11 5 10 9 6 10 9 7 10 11 0 11 12 1 11 11 2 11 11 5 11 10 6 11 11 7 11 14 0 12 10 1 12 9 2 12 13 5 12 10 6 12 10 7 12 10 0 13 13 1 13 12 2 13 10 5 13 13 6 13 10 7 13 11 0 14 10 1 14 11 2 14 10 5 14 8 6 14 9 7 14 12 0 15 13 1 15 11 2 15 11 5 15 9 6 15 9 7 15 12 0 16 11 1 16 11 2 16 8 5 16 9 6 16 10 7 16 13 0 17 10 1 17 9 2 17 9 5 17 11 6 17 12 7 17 13 0 18 15 1 18 11 2 18 9 5 18 14 6 18 10 7 18 8 0 19 14 1 19 8 2 19 11 5 19 9 6 19 14 7 19 13
2 4 2 2 1 6 18 11 7 18 11
3 8 6 3 2 5 11 8 6 11 12 7 11 11 5 17 12 6 17 15 7 17 8
4 10 6 3 3 3 15 9 0 16 9 3 16 7 9 16 11 0 17 7 9 17 12
5 11 24 6 7 0 10 10 3 10 9 0 12 9 1 12 13 6 12 10 7 12 7 1 14 13 3 14 10 6 14 8 7 14 8 0 16 12 3 16 11 6 16 8 9 16 11 1 17 14 9 17 10 0 18 9 3 18 9 6 18 12 7 18 9 9 18 11 1 19 11 7 19 12 9 19 8
6 13 6 6 2 3 14 10 8 14 9 9 14 10 1 16 13 5 16 10 7 16 9
7 14 6 6 2 1 10 11 2 10 10 3 10 10 6 10 11 0 11 13 9 11 7
8 17 12 6 3 0 12 11 1 12 8 6 12 10 0 13 11 5 13 12 6 13 9 7 13 13 8 13 13 1 17 9 5 17 14 7 17 12 8 17 6
9 20 6 6 1 0 10 12 2 10 11 3 10 5 4 10 11 5 10 12 7 10 7
10 24 20 2 10 2 10 10 6 10 11 2 11 12 6 11 13 2 12 12 6 12 7 2 13 9 6 13 9 2 14 13 6 14 9 2 15 9 6 15 9 2 16 16 6 16 6 2 17 11 6 17 14 2 18 15 6 18 12 2 19 9 6 19 9
11 27 12 6 4 1 11 13 3 11 10 5 11 12 8 11 11 0 12 9 3 12 11 5 12 14 6 12 10 0 16 11 6 16 8 8 16 9 1 19 13
12 28 6 3 2 0 10 9 4 10 7 6 10 11 0 18 10 4 18 7 6 18 10
13 42 6 6 2 2 12 9 3 12 12 6 12 12 1 13 12 5 13 11 8 13 11
14 43 60 6 10 0 10 12 1 10 12 2 10 11 5 10 11 7 10 10 9 10 11 0 11 16 1 11 10 2 11 8 5 11 13 7 11 12 9 11 10 0 12 13 1 12 8 2 12 15 5 12 11 7 12 13 9 12 12 0 13 9 1 13 12 2 13 12 5 13 9 7 13 10 9 13 10 0 14 9 1 14 8 2 14 9 5 14 10 7 14 8 9 14 9 0 15 10 1 15 11 2 15 11 5 15 10 7 15 7 9 15 9 0 16 12 1 16 11 2 16 10 5 16 9 7 16 14 9 16 14 0 17 9 1 17 12 2 17 9 5 17 12 7 17 11 9 17 11 0 18 15 1 18 10 2 18 12 5 18 11 7 18 10 9 18 15 0 19 10 1 19 11 2 19 12 5 19 7 7 19 11 9 19 13
15 45 1 1 1 9 10 10
16 46 4 4 2 0 14 11 9 14 11 1 18 6 3 18 11
17 47 2 2 1 2 10 10 6 10 8
18 52 24 6 7 2 10 7 3 10 12 7 10 12 2 11 8 3 11 9 4 11 11 6 11 11 7 11 10 2 12 11 6 12 12 7 12 9 3 13 10 4 13 12 7 13 10 8 13 8 2 16 6 3 16 11 4 16 11 8 16 12 4 18 13 6 18 9 8 18 6 6 19 12 8 19 13
19 57 3 3 1 0 12 8 2 12 12 8 12 6
20 59 24 6 7 3 10 10 4 10 11 2 11 13 9 11 11 2 12 10 4 12 11 7 12 10 9 12 12 0 14 11 2 14 12 3 14 11 7 14 11 0 15 10 2 15 11 3 15 11 4 15 12 9 15 11 0 16 14 4 16 7 7 16 9 9 16 9 0 18 14 3 18 7 7 18 10
21 67 1 1 1 1 16 9
22 68 20 2 10 0 10 13 7 10 12 0 11 12 7 11 10 0 12 7 7 12 8 0 13 8 7 13 11 0 14 10 7 14 11 0 15 15 7 15 9 0 16 13 7 16 9 0 17 12 7 17 10 0 18 12 7 18 13 0 19 12 7 19 12
23 71 24 6 7 1 10 13 5 10 12 7 10 10 9 10 8 1 11 13 2 11 13 8 11 9 9 11 11 2 12 10 5 12 10 8 12 10 7 13 11 9 13 12 5 16 11 7 16 9 9 16 11 1 18 10 2 18 15 8 18 11 1 19 11 2 19 12 5 19 11 7 19 10 8 19 12
24 80 3 3 1 1 14 9 3 14 10 5 14 7
25 86 1 1 1 9 11 13
26 89 24 6 7 0 10 10 1 10 12 3 10 10 0 11 10 1 11 13 3 11 12 2 12 7 6 12 13 9 12 11 1 14 14 6 14 10 9 14 11 2 15 9 3 15 9 6 15 14 9 15 9 0 17 10 2 17 9 6 17 12 9 17 10 0 18 10 1 18 12 2 18 11 3 18 11
27 90 6 6 2 6 11 9 0 12 12 2 12 9 4 12 12 5 12 11 9 12 11
28 91 60 6 10 0 10 11 2 10 12 4 10 12 5 10 10 8 10 10 9 10 10 0 11 10 2 11 8 4 11 9 5 11 10 8 11 11 9 11 12 0 12 11 2 12 9 4 12 14 5 12 9 8 12 10 9 12 15 0 13 9 2 13 9 4 13 11 5 13 11 8 13 9 9 13 10 0 14 13 2 14 7 4 14 10 5 14 11 8 14 12 9 14 13 0 15 11 2 15 9 4 15 10 5 15 12 8 15 10 9 15 12 0 16 12 2 16 10 4 16 8 5 16 9 8 16 9 9 16 11 0 17 10 2 17 12 4 17 8 5 17 13 8 17 13 9 17 9 0 18 10 2 18 10 4 18 6 5 18 10 8 18 11 9 18 9 0 19 17 2 19 8 4 19 10 5 19 10 8 19 11 9 19 12
29 95 1 1 1 5 18 9
30 101 2 2 1 5 16 14 8 16 10
31 107 6 3 3 8 11 12 5 12 10 9 12 9 5 14 10 8 14 7 9 14 13
32 114 2 2 2 6 15 7 4 18 9
33 120 1 1 1 6 19 8
34 125 3 3 1 0 16 13 3 16 13 7 16 9
35 127 3 3 1 0 18 11 4 18 8 5 18 13
36 132 60 6 10 0 10 9 2 10 12 3 10 8 5 10 12 8 10 10 9 10 8 0 11 10 2 11 12 3 11 7 5 11 12 8 11 9 9 11 10 0 12 13 2 12 15 3 12 11 5 12 13 8 12 15 9 12 10 0 13 12 2 13 13 3 13 10 5 13 8 8 13 9 9 13 12 0 14 11 2 14 10 3 14 7 5 14 6 8 14 10 9 14 11 0 15 11 2 15 12 3 15 11 5 15 12 8 15 14 9 15 10 0 16 12 2 16 11 3 16 13 5 16 6 8 16 13 9 16 10 0 17 9 2 17 8 3 17 11 5 17 13 8 17 11 9 17 11 0 18 10 2 18 14 3 18 13 5 18 8 8 18 9 9 18 9 0 19 6 2 19 9 3 19 12 5 19 11 8 19 10 9 19 9
37 135 15 3 7 3 11 12 6 11 11 3 12 12 6 12 11 7 12 8 7 13 12 3 14 11 7 14 10 3 17 7 6 17 7 7 17 8 3 18 9 6 18 11 6 19 9 7 19 11
38 137 6 3 3 3 10 15 7 10 14 3 11 7 5 11 11 5 16 11 7 16 12
39 140 3 3 1 1 19 12 6 19 13 9 19 7
40 146 6 3 3 1 11 9 3 11 11 7 11 10 1 13 10 3 13 11 7 18 10
41 149 24 6 7 0 10 13 3 10 9 1 11 12 6 11 12 8 11 11 6 14 12 7 14 10 1 16 13 3 16 11 8 16 9 0 17 9 1 17 8 3 17 13 6 17 13 7 17 12 8 17 10 0 18 11 1 18 11 3 18 10 6 18 9 7 18 11 8 18 10 0 19 10 7 19 10
42 155 6 6 2 2 10 7 7 10 14 0 11 13 4 11 11 6 11 12 9 11 11
43 156 3 3 1 2 15 15 5 15 10 7 15 6
44 159 18 6 6 5 12 10 6 14 12 1 15 10 5 15 9 7 15 11 8 15 10 9 15 8 1 16 11 5 16 11 6 16 10 7 16 7 8 16 11 9 16 11 1 17 4 6 17 12 9 17 8 7 18 11 8 18 13
45 160 12 6 2 0 13 10 1 13 12 2 13 14 4 13 9 7 13 11 9 13 15 0 18 13 1 18 10 2 18 10 4 18 8 7 18 10 9 18 12
46 161 12 6 4 5 11 8 4 15 9 6 15 10 7 15 8 2 16 9 3 16 5 2 19 12 3 19 14 4 19 11 5 19 9 6 19 12 7 19 12
47 163 3 3 1 3 10 11 5 10 11 8 10 10
48 166 2 2 2 9 17 13 4 18 12
49 167 2 2 1 1 19 7 6 19 10
