20 50
0 0 18 6 5 0 10 12 2 10 11 4 10 11 0 11 15 4 11 7 7 11 10 0 14 10 1 14 10 2 14 12 3 14 10 4 14 10 7 14 11 1 15 13 2 15 14 3 15 14 7 15 8 1 19 9 3 19 8
1 2 12 6 4 6 11 11 7 11 12 2 12 8 5 12 13 1 14 12 2 14 9 4 14 11 1 19 11 4 19 14 5 19 11 6 19 12 7 19 14
2 4 1 1 1 1 10 8
3 8 1 1 1 6 13 10
4 10 2 2 2 4 12 10 1 18 13
5 11 18 6 5 0 11 12 1 11 16 2 11 11 3 11 7 5 11 8 6 11 7 0 12 10 1 12 11 5 12 8 6 12 10 0 15 11 1 15 9 2 15 11 6 15 12 2 18 8 3 18 9 5 18 13 3 19 12
6 13 3 3 1 4 15 10 5 15 10 9 15 7
7 14 60 6 10 0 10 13 1 10 12 2 10 13 3 10 10 4 10 9 8 10 16 0 11 13 1 11 10 2 11 8 3 11 8 4 11 11 8 11 11 0 12 12 1 12 11 2 12 8 3 12 12 4 12 9 8 12 9 0 13 9 1 13 12 2 13 10 3 13 13 4 13 11 8 13 12 0 14 7 1 14 9 2 14 13 3 14 12 4 14 11 8 14 9 0 15 8 1 15 7 2 15 10 3 15 12 4 15 8 8 15 9 0 16 11 1 16 13 2 16 12 3 16 12 4 16 6 8 16 11 0 17 13 1 17 12 2 17 11 3 17 13 4 17 11 8 17 10 0 18 12 1 18 12 2 18 6 3 18 13 4 18 11 8 18 12 0 19 13 1 19 10 2 19 12 3 19 12 4 19 9 8 19 9
8 17 12 6 4 0 12 11 3 12 14 1 13 10 4 13 10 5 13 10 8 13 9 0 14 14 4 14 9 1 19 10 3 19 5 5 19 14 8 19 12
9 20 6 6 1 0 15 9 1 15 11 2 15 13 3 15 10 4 15 10 5 15 7
10 24 4 4 1 0 18 10 2 18 8 6 18 10 9 18 8
11 27 6 6 1 0 18 10 2 18 11 3 18 6 5 18 10 7 18 11 9 18 9
12 28 60 6 10 0 10 15 1 10 10 2 10 10 3 10 8 6 10 10 8 10 12 0 11 8 1 11 9 2 11 12 3 11 6 6 11 13 8 11 11 0 12 6 1 12 13 2 12 10 3 12 11 6 12 11 8 12 9 0 13 11 1 13 8 2 13 13 3 13 4 6 13 9 8 13 10 0 14 11 1 14 16 2 14 10 3 14 8 6 14 9 8 14 11 0 15 12 1 15 9 2 15 9 3 15 6 6 15 12 8 15 12 0 16 11 1 16 7 2 16 10 3 16 9 6 16 9 8 16 15 0 17 13 1 17 11 2 17 12 3 17 11 6 17 7 8 17 14 0 18 12 1 18 14 2 18 14 3 18 12 6 18 12 8 18 11 0 19 14 1 19 13 2 19 8 3 19 12 6 19 9 8 19 12
13 42 2 2 1 5 19 11 9 19 11
14 43 6 6 1 1 17 9 2 17 9 3 17 12 6 17 10 8 17 9 9 17 8
15 45 6 3 3 0 12 8 0 15 16 1 15 10 8 15 9 1 16 9 8 16 12
16 46 24 6 8 6 11 5 7 11 8 8 11 9 9 11 8 7 12 12 8 12 9 9 12 10 0 13 6 4 13 11 8 13 9 9 13 11 0 14 9 4 14 11 6 14 8 6 15 9 8 15 12 0 17 11 4 17 10 6 17 9 9 17 11 0 18 10 4 18 12 7 18 12 7 19 10
17 47 10 1 10 8 10 8 8 11 9 8 12 12 8 13 7 8 14 11 8 15 9 8 16 12 8 17 11 8 18 11 8 19 12
18 52 3 3 1 2 10 11 3 10 9 8 10 9
19 57 2 2 1 0 12 8 2 12 11
20 59 12 6 3 0 11 9 3 11 10 5 11 12 6 11 11 8 11 8 0 18 11 4 18 13 8 18 11 3 19 14 4 19 12 5 19 13 6 19 10
21 67 1 1 1 1 17 10
22 68 6 2 4 2 11 14 7 11 11 2 13 10 7 15 11 2 16 11 7 16 10
23 71 18 6 5 0 10 14 6 10 11 9 10 11 2 13 14 5 13 10 6 13 12 9 13 9 0 14 13 2 14 12 5 14 13 6 14 11 7 14 11 7 17 11 0 19 12 2 19 12 5 19 10 7 19 10 9 19 12
24 80 24 6 6 1 10 10 4 10 12 5 10 9 8 10 8 9 10 9 0 11 13 1 11 13 4 11 8 5 11 12 8 11 11 0 13 5 1 13 11 4 13 13 9 13 10 9 15 9 0 18 10 1 18 13 4 18 10 5 18 8 8 18 11 9 18 10 0 19 11 5 19 9 8 19 9
25 86 60 6 10 0 10 11 1 10 7 3 10 6 5 10 11 6 10 16 7 10 13 0 11 9 1 11 10 3 11 11 5 11 10 6 11 13 7 11 9 0 12 12 1 12 10 3 12 9 5 12 11 6 12 5 7 12 10 0 13 14 1 13 11 3 13 11 5 13 13 6 13 7 7 13 16 0 14 11 1 14 13 3 14 11 5 14 10 6 14 14 7 14 9 0 15 12 1 15 12 3 15 6 5 15 11 6 15 12 7 15 11 0 16 14 1 16 11 3 16 11 5 16 12 6 16 13 7 16 10 0 17 13 1 17 15 3 17 11 5 17 11 6 17 10 7 17 12 0 18 14 1 18 12 3 18 10 5 18 11 6 18 9 7 18 12 0 19 9 1 19 12 3 19 11 5 19 12 6 19 8 7 19 10
26 89 24 6 7 4 10 10 6 10 12 7 10 10 8 10 13 9 10 9 4 12 13 8 12 10 5 14 11 6 14 12 7 14 7 4 15 11 5 15 9 8 15 10 4 16 6 5 16 15 6 16 7 7 16 9 9 16 10 5 18 10 7 18 13 8 18 11 9 18 10 6 19 12 9 19 10
27 90 3 3 2 3 10 9 9 10 8 0 15 10
28 91 18 6 6 3 10 12 6 10 9 8 10 7 5 11 13 7 11 10 8 11 6 1 13 10 6 14 10 1 15 6 3 15 10 5 15 8 7 15 9 8 15 6 1 18 8 3 18 8 5 18 8 6 18 8 7 18 16
29 95 3 3 1 1 10 10 2 10 9 4 10 8
30 101 1 1 1 0 12 7
31 107 2 2 1 4 16 12 6 16 11
32 114 3 3 1 2 17 11 6 17 7 8 17 8
33 120 18 6 5 0 10 11 2 10 14 9 10 11 0 12 11 2 12 15 8 12 11 9 12 13 3 13 9 7 13 13 2 14 10 3 14 14 7 14 10 8 14 11 9 14 11 0 17 14 3 17 8 7 17 14 8 17 14
34 125 2 2 2 2 14 9 7 15 11
35 127 12 6 3 2 15 11 4 15 8 7 15 11 9 15 7 0 18 11 4 18 9 7 18 13 8 18 12 9 18 13 0 19 11 2 19 11 8 19 10
36 132 12 6 4 3 11 12 5 11 12 9 11 11 1 12 12 2 12 5 5 12 7 2 15 11 4 15 10 1 19 13 3 19 12 4 19 9 9 19 11
37 135 2 2 1 2 17 11 4 17 10
38 137 12 6 3 1 12 10 6 12 12 7 12 9 8 12 9 9 12 11 4 17 11 6 17 9 7 17 9 9 17 9 1 18 8 4 18 10 8 18 8
39 140 8 4 4 6 13 9 9 13 13 1 14 13 1 17 12 2 17 10 2 19 8 6 19 10 9 19 10
40 146 6 6 1 0 13 16 1 13 12 2 13 13 7 13 6 8 13 8 9 13 12
41 149 6 2 3 0 11 15 3 11 9 0 15 12 3 15 14 0 18 5 3 18 8
42 155 3 3 1 1 15 11 4 15 11 6 15 11
43 156 5 5 2 6 12 10 2 15 10 5 15 6 7 15 9 8 15 10
44 159 60 6 10 1 10 9 2 10 9 3 10 11 5 10 11 6 10 10 9 10 9 1 11 9 2 11 12 3 11 12 5 11 10 6 11 10 9 11 6 1 12 13 2 12 12 3 12 12 5 12 8 6 12 12 9 12 10 1 13 9 2 13 10 3 13 11 5 13 10 6 13 9 9 13 12 1 14 11 2 14 11 3 14 9 5 14 8 6 14 10 9 14 6 1 15 11 2 15 12 3 15 13 5 15 7 6 15 8 9 15 14 1 16 12 2 16 13 3 16 10 5 16 12 6 16 11 9 16 6 1 17 10 2 17 14 3 17 12 5 17 12 6 17 8 9 17 9 1 18 9 2 18 9 3 18 10 5 18 8 6 18 9 9 18 11 1 19 12 2 19 11 3 19 12 5 19 12 6 19 10 9 19 9
45 160 18 6 6 3 10 9 5 10 10 8 10 12 1 11 7 2 11 11 3 11 11 6 11 7 8 11 9 1 12 10 5 12 16 8 12 13 2 13 12 3 13 12 5 13 12 6 13 11 1 15 12 2 19 8 6 19 10
46 161 5 5 1 1 18 6 3 18 10 4 18 13 6 18 13 8 18 10
47 163 2 2 1 3 14 12 4 14 14
48 166 30 3 10 1 10 8 7 10 13 8 10 11 1 11 11 7 11 10 8 11 13 1 12 7 7 12 13 8 12 12 1 13 10 7 13 9 8 13 10 1 14 9 7 14 11 8 14 8 1 15 13 7 15 7 8 15 12 1 16 9 7 16 9 8 16 10 1 17 11 7 17 9 8 17 8 1 18 9 7 18 7 8 18 9 1 19 9 7 19 12 8 19 11
49 167 4 4 2 0 10 10 9 10 10 3 12 10 5 12 11
