20 50
0 0 1 1 1 0 11 13
1 2 60 6 10 0 10 11 1 10 13 4 10 11 5 10 9 6 10 9 7 10 9 0 11 11 1 11 14 4 11 8 5 11 9 6 11 14 7 11 11 0 12 10 1 12 10 4 12 8 5 12 11 6 12 10 7 12 10 0 13 7 1 13 9 4 13 12 5 13 8 6 13 7 7 13 8 0 14 9 1 14 13 4 14 16 5 14 9 6 14 12 7 14 12 0 15 9 1 15 8 4 15 10 5 15 8 6 15 7 7 15 7 0 16 11 1 16 8 4 16 13 5 16 8 6 16 10 7 16 7 0 17 11 1 17 12 4 17 12 5 17 11 6 17 13 7 17 13 0 18 8 1 18 9 4 18 11 5 18 10 6 18 10 7 18 8 0 19 6 1 19 9 4 19 10 5 19 5 6 19 10 7 19 11
2 4 1 1 1 2 13 10
3 8 20 2 10 2 10 10 8 10 12 2 11 9 8 11 12 2 12 10 8 12 6 2 13 6 8 13 11 2 14 10 8 14 10 2 15 12 8 15 13 2 16 9 8 16 8 2 17 13 8 17 8 2 18 9 8 18 9 2 19 6 8 19 12
4 10 6 6 1 1 15 11 2 15 13 5 15 8 7 15 8 8 15 12 9 15 11
5 11 6 6 1 0 11 8 3 11 12 4 11 10 5 11 11 7 11 6 8 11 10
6 13 5 5 1 0 16 10 2 16 10 4 16 13 5 16 10 6 16 7
7 14 2 2 2 2 10 12 4 17 6
8 17 6 3 2 3 10 10 4 10 16 8 10 10 3 13 9 4 13 11 8 13 9
9 20 12 6 3 0 13 11 1 13 8 3 13 12 4 13 10 6 13 9 1 16 9 3 16 9 9 16 11 0 19 11 4 19 10 6 19 11 9 19 7
10 24 2 2 1 6 13 10 8 13 10
11 27 6 6 1 0 10 9 1 10 11 2 10 11 3 10 10 7 10 11 8 10 12
12 28 6 6 2 3 10 8 8 10 12 9 10 9 1 13 10 5 13 9 6 13 10
13 42 3 3 2 0 12 11 1 19 9 4 19 10
14 43 3 3 1 4 10 9 7 10 10 9 10 10
15 45 60 6 10 0 10 9 1 10 11 2 10 12 5 10 11 6 10 13 8 10 10 0 11 12 1 11 11 2 11 10 5 11 13 6 11 12 8 11 9 0 12 9 1 12 7 2 12 10 5 12 13 6 12 11 8 12 11 0 13 10 1 13 10 2 13 7 5 13 11 6 13 12 8 13 11 0 14 11 1 14 11 2 14 13 5 14 12 6 14 9 8 14 8 0 15 11 1 15 11 2 15 9 5 15 8 6 15 12 8 15 11 0 16 9 1 16 8 2 16 12 5 16 11 6 16 12 8 16 8 0 17 8 1 17 8 2 17 12 5 17 10 6 17 11 8 17 11 0 18 9 1 18 10 2 18 12 5 18 12 6 18 9 8 18 10 0 19 10 1 19 12 2 19 7 5 19 13 6 19 9 8 19 10
16 46 4 4 1 1 19 10 4 19 12 8 19 9 9 19 13
17 47 6 3 3 7 10 13 8 10 12 1 15 12 1 18 12 7 18 7 8 18 9
18 52 30 3 10 0 10 9 5 10 12 7 10 10 0 11 10 5 11 13 7 11 12 0 12 9 5 12 8 7 12 10 0 13 6 5 13 13 7 13 13 0 14 11 5 14 12 7 14 10 0 15 9 5 15 12 7 15 10 0 16 9 5 16 12 7 16 10 0 17 12 5 17 14 7 17 11 0 18 11 5 18 9 7 18 13 0 19 9 5 19 11 7 19 10
19 57 1 1 1 3 16 9
20 59 24 6 7 1 10 10 3 10 11 1 12 10 3 12 12 4 12 10 6 12 15 7 12 13 0 13 10 1 13 8 6 13 10 7 13 8 0 16 10 3 16 11 4 16 11 0 17 10 3 17 13 6 17 8 7 17 9 4 18 12 7 18 12 0 19 9 1 19 11 4 19 14 6 19 11
21 67 6 6 1 1 10 10 3 10 9 5 10 7 7 10 12 8 10 10 9 10 6
22 68 10 1 10 1 10 10 1 11 12 1 12 13 1 13 12 1 14 7 1 15 13 1 16 13 1 17 9 1 18 8 1 19 12
23 71 1 1 1 4 11 8
24 80 10 1 10 2 10 9 2 11 8 2 12 13 2 13 14 2 14 9 2 15 12 2 16 10 2 17 13 2 18 11 2 19 14
25 86 3 3 1 4 19 11 8 19 11 9 19 8
26 89 1 1 1 9 18 12
27 90 18 6 5 1 11 10 2 11 9 3 11 11 7 11 10 9 11 11 3 12 9 9 12 13 1 13 13 2 13 10 4 13 13 7 13 9 2 16 10 4 16 10 7 16 13 9 16 15 1 19 12 3 19 9 4 19 9
28 91 4 4 1 3 19 12 5 19 8 6 19 13 9 19 11
29 95 2 2 1 3 16 11 4 16 10
30 101 6 6 1 0 12 10 3 12 8 6 12 11 7 12 7 8 12 11 9 12 10
31 107 2 2 1 4 11 14 5 11 11
32 114 1 1 1 2 19 13
33 120 2 2 1 7 14 9 9 14 10
34 125 24 6 7 2 10 7 3 10 9 7 10 11 0 11 8 3 11 10 6 11 12 7 11 10 8 11 10 0 12 9 7 12 11 0 14 9 2 14 9 3 14 12 6 14 11 7 14 9 8 14 10 0 15 8 2 15 14 3 15 10 6 15 6 8 15 13 2 18 13 8 18 12 6 19 13
35 127 1 1 1 7 18 9
36 132 6 6 1 0 16 10 1 16 10 3 16 11 4 16 9 6 16 10 8 16 10
37 135 1 1 1 1 15 14
38 137 1 1 1 6 12 13
39 140 4 2 2 0 17 10 8 17 12 0 19 13 8 19 14
40 146 2 2 1 2 18 11 4 18 8
41 149 2 2 1 6 13 9 7 13 8
42 155 10 1 10 5 10 5 5 11 12 5 12 11 5 13 10 5 14 9 5 15 12 5 16 10 5 17 11 5 18 11 5 19 9
43 156 24 6 7 1 10 13 6 10 11 9 10 14 0 11 10 2 11 10 6 11 11 0 13 11 1 13 9 2 13 13 0 14 9 1 14 15 8 14 12 9 14 13 2 15 8 8 15 8 9 15 8 0 16 12 1 16 9 6 16 11 8 16 10 2 17 14 6 17 11 8 17 9 9 17 13
44 159 1 1 1 2 12 7
45 160 2 2 1 4 11 12 6 11 12
46 161 5 5 2 1 12 11 7 12 12 4 19 9 8 19 12 9 19 11
47 163 6 6 2 3 14 10 5 14 10 7 14 11 1 18 8 2 18 9 9 18 7
48 166 6 3 3 0 11 11 9 11 11 0 12 9 1 12 9 1 14 10 9 14 13
49 167 24 6 6 2 10 10 3 10 9 6 10 13 7 10 9 8 10 9 5 13 12 6 13 7 7 13 12 2 14 8 3 14 13 7 14 7 8 14 12 2 15 12 3 15 8 5 15 11 6 15 6 7 15 7 8 15 9 2 17 12 3 17 8 5 17 9 5 18 10 6 18 7 8 18 11
