20 50
0 0 12 6 5 1 13 8 2 13 9 7 13 11 8 13 11 7 14 10 4 15 9 8 15 11 9 15 9 1 17 7 2 17 13 4 19 11 9 19 11
1 2 3 3 1 3 12 13 7 12 12 9 12 12
2 4 60 6 10 1 10 12 2 10 5 3 10 10 4 10 7 7 10 10 9 10 16 1 11 14 2 11 15 3 11 8 4 11 11 7 11 9 9 11 11 1 12 11 2 12 13 3 12 10 4 12 6 7 12 7 9 12 12 1 13 11 2 13 10 3 13 8 4 13 10 7 13 7 9 13 11 1 14 12 2 14 9 3 14 6 4 14 11 7 14 11 9 14 12 1 15 12 2 15 9 3 15 10 4 15 8 7 15 11 9 15 11 1 16 13 2 16 8 3 16 11 4 16 14 7 16 13 9 16 12 1 17 12 2 17 8 3 17 7 4 17 12 7 17 11 9 17 9 1 18 13 2 18 10 3 18 9 4 18 11 7 18 14 9 18 9 1 19 9 2 19 13 3 19 9 4 19 9 7 19 8 9 19 13
3 8 60 6 10 0 10 10 2 10 9 3 10 12 4 10 14 5 10 9 6 10 10 0 11 11 2 11 11 3 11 11 4 11 13 5 11 12 6 11 9 0 12 12 2 12 10 3 12 10 4 12 14 5 12 7 6 12 11 0 13 12 2 13 10 3 13 8 4 13 9 5 13 11 6 13 14 0 14 10 2 14 11 3 14 13 4 14 9 5 14 13 6 14 11 0 15 11 2 15 6 3 15 15 4 15 14 5 15 9 6 15 9 0 16 12 2 16 11 3 16 6 4 16 12 5 16 11 6 16 11 0 17 11 2 17 10 3 17 8 4 17 7 5 17 14 6 17 12 0 18 10 2 18 9 3 18 10 4 18 11 5 18 9 6 18 7 0 19 10 2 19 11 3 19 10 4 19 12 5 19 9 6 19 8
4 10 12 6 3 4 11 10 6 11 10 7 11 8 9 11 9 1 16 14 3 16 14 6 16 9 7 16 6 9 16 11 1 18 11 3 18 8 4 18 14
5 11 12 6 4 1 11 10 5 11 10 4 12 11 8 12 11 0 13 13 3 13 14 4 13 10 5 13 12 0 16 11 1 16 13 3 16 12 8 16 7
6 13 10 2 6 6 11 11 8 11 8 6 12 13 8 12 10 6 13 11 8 13 11 6 14 9 8 14 8 6 15 11 8 16 10
7 14 6 6 1 1 13 12 2 13 14 3 13 10 4 13 13 6 13 8 7 13 12
8 17 2 2 1 2 12 11 7 12 12
9 20 3 3 1 3 17 11 4 17 13 8 17 12
10 24 10 1 10 8 10 11 8 11 12 8 12 7 8 13 10 8 14 12 8 15 11 8 16 9 8 17 9 8 18 12 8 19 9
11 27 60 6 10 0 10 9 1 10 11 2 10 10 3 10 12 4 10 10 6 10 11 0 11 12 1 11 9 2 11 8 3 11 11 4 11 7 6 11 11 0 12 9 1 12 11 2 12 14 3 12 10 4 12 12 6 12 8 0 13 9 1 13 9 2 13 12 3 13 12 4 13 12 6 13 12 0 14 8 1 14 13 2 14 9 3 14 12 4 14 13 6 14 12 0 15 8 1 15 11 2 15 12 3 15 8 4 15 10 6 15 7 0 16 6 1 16 14 2 16 12 3 16 10 4 16 11 6 16 10 0 17 11 1 17 14 2 17 11 3 17 15 4 17 9 6 17 13 0 18 12 1 18 9 2 18 11 3 18 11 4 18 10 6 18 10 0 19 10 1 19 16 2 19 13 3 19 13 4 19 10 6 19 9
12 28 6 6 1 1 14 9 3 14 7 5 14 9 6 14 7 7 14 12 9 14 10
13 42 60 6 10 1 10 9 2 10 11 3 10 11 4 10 11 8 10 8 9 10 13 1 11 14 2 11 12 3 11 12 4 11 10 8 11 10 9 11 8 1 12 13 2 12 12 3 12 10 4 12 10 8 12 10 9 12 12 1 13 12 2 13 8 3 13 13 4 13 12 8 13 11 9 13 13 1 14 9 2 14 10 3 14 8 4 14 11 8 14 9 9 14 12 1 15 8 2 15 10 3 15 8 4 15 9 8 15 8 9 15 13 1 16 13 2 16 11 3 16 10 4 16 9 8 16 10 9 16 10 1 17 7 2 17 7 3 17 13 4 17 12 8 17 12 9 17 8 1 18 6 2 18 12 3 18 10 4 18 9 8 18 12 9 18 10 1 19 10 2 19 12 3 19 10 4 19 10 8 19 12 9 19 12
14 43 50 5 10 3 10 8 5 10 11 7 10 12 8 10 11 9 10 10 3 11 10 5 11 10 7 11 8 8 11 11 9 11 9 3 12 11 5 12 9 7 12 10 8 12 13 9 12 9 3 13 11 5 13 9 7 13 7 8 13 12 9 13 11 3 14 13 5 14 10 7 14 12 8 14 10 9 14 10 3 15 10 5 15 11 7 15 11 8 15 12 9 15 11 3 16 13 5 16 12 7 16 8 8 16 8 9 16 12 3 17 14 5 17 12 7 17 7 8 17 8 9 17 12 3 18 8 5 18 14 7 18 11 8 18 8 9 18 12 3 19 12 5 19 8 7 19 8 8 19 11 9 19 11
15 45 3 3 1 0 14 10 8 14 10 9 14 9
16 46 2 2 1 5 18 8 8 18 10
17 47 3 3 1 2 15 10 4 15 7 8 15 9
18 52 6 6 3 1 16 12 4 18 10 5 19 8 6 19 15 7 19 13 8 19 10
19 57 6 6 1 0 15 9 2 15 11 5 15 8 6 15 7 8 15 11 9 15 8
20 59 2 2 1 5 13 7 9 13 12
21 67 60 6 10 1 10 10 2 10 14 3 10 12 5 10 9 7 10 12 8 10 11 1 11 8 2 11 12 3 11 10 5 11 10 7 11 8 8 11 9 1 12 11 2 12 11 3 12 8 5 12 11 7 12 7 8 12 10 1 13 11 2 13 11 3 13 5 5 13 12 7 13 8 8 13 10 1 14 9 2 14 11 3 14 11 5 14 9 7 14 9 8 14 8 1 15 10 2 15 13 3 15 11 5 15 10 7 15 11 8 15 9 1 16 12 2 16 14 3 16 9 5 16 11 7 16 12 8 16 8 1 17 10 2 17 13 3 17 11 5 17 9 7 17 10 8 17 12 1 18 13 2 18 10 3 18 9 5 18 12 7 18 9 8 18 12 1 19 13 2 19 7 3 19 10 5 19 8 7 19 9 8 19 8
22 68 2 2 1 0 12 9 2 12 14
23 71 1 1 1 8 12 11
24 80 6 6 3 5 11 12 7 11 10 4 13 12 6 13 12 9 13 10 8 15 11
25 86 40 4 10 0 10 11 5 10 7 8 10 10 9 10 10 0 11 11 5 11 12 8 11 9 9 11 6 0 12 7 5 12 7 8 12 12 9 12 9 0 13 11 5 13 14 8 13 7 9 13 12 0 14 10 5 14 10 8 14 9 9 14 8 0 15 10 5 15 9 8 15 12 9 15 13 0 16 8 5 16 10 8 16 13 9 16 9 0 17 10 5 17 12 8 17 11 9 17 8 0 18 12 5 18 7 8 18 10 9 18 11 0 19 8 5 19 13 8 19 12 9 19 14
26 89 18 6 6 0 12 8 8 12 10 7 14 14 9 14 10 1 16 12 5 16 11 0 17 13 1 17 10 5 17 8 8 17 11 9 17 12 5 18 9 7 18 10 8 18 12 9 18 13 0 19 10 1 19 11 7 19 10
27 90 6 6 1 1 13 11 2 13 10 4 13 14 5 13 16 6 13 8 9 13 10
28 91 6 6 3 3 11 11 4 11 13 5 11 12 7 11 10 6 15 8 1 18 9
29 95 4 4 3 2 11 11 4 11 10 8 13 8 7 19 10
30 101 12 6 4 1 10 10 4 10 8 6 10 9 8 10 14 4 11 9 8 11 10 1 14 10 3 14 7 9 14 10 3 17 10 6 17 12 9 17 13
31 107 60 6 10 1 10 10 2 10 11 4 10 13 7 10 11 8 10 14 9 10 11 1 11 11 2 11 10 4 11 13 7 11 13 8 11 7 9 11 10 1 12 9 2 12 9 4 12 9 7 12 11 8 12 10 9 12 11 1 13 12 2 13 9 4 13 10 7 13 9 8 13 8 9 13 10 1 14 12 2 14 11 4 14 7 7 14 12 8 14 13 9 14 7 1 15 10 2 15 11 4 15 11 7 15 12 8 15 14 9 15 12 1 16 8 2 16 11 4 16 12 7 16 9 8 16 11 9 16 8 1 17 10 2 17 9 4 17 11 7 17 10 8 17 9 9 17 9 1 18 9 2 18 10 4 18 11 7 18 9 8 18 8 9 18 9 1 19 8 2 19 11 4 19 12 7 19 12 8 19 12 9 19 10
32 114 2 2 1 3 14 10 7 14 10
33 120 18 6 6 3 11 8 6 11 7 9 11 10 1 14 8 2 14 10 5 14 10 6 14 7 5 15 8 9 15 7 2 16 8 5 16 9 6 16 10 1 17 10 3 17 10 1 18 11 2 18 11 3 18 13 9 18 7
34 125 3 3 1 1 19 10 5 19 13 6 19 12
35 127 30 3 10 1 10 12 2 10 11 4 10 11 1 11 13 2 11 11 4 11 11 1 12 13 2 12 11 4 12 10 1 13 13 2 13 11 4 13 9 1 14 15 2 14 7 4 14 9 1 15 11 2 15 12 4 15 11 1 16 15 2 16 10 4 16 15 1 17 11 2 17 10 4 17 12 1 18 8 2 18 13 4 18 7 1 19 12 2 19 12 4 19 8
36 132 24 6 7 0 12 12 9 12 10 1 13 13 7 13 11 9 13 8 1 14 8 3 14 11 4 14 12 7 14 10 9 14 7 0 15 10 3 15 9 4 15 11 0 16 9 7 16 12 0 17 10 1 17 12 3 17 11 4 17 11 7 17 12 9 17 10 1 18 8 3 18 12 4 18 10
37 135 30 3 10 0 10 11 1 10 14 7 10 12 0 11 10 1 11 10 7 11 12 0 12 11 1 12 7 7 12 13 0 13 12 1 13 10 7 13 12 0 14 15 1 14 9 7 14 11 0 15 11 1 15 6 7 15 10 0 16 14 1 16 12 7 16 11 0 17 7 1 17 6 7 17 15 0 18 12 1 18 7 7 18 11 0 19 11 1 19 14 7 19 10
38 137 1 1 1 9 12 12
39 140 6 6 2 7 11 8 1 13 11 2 13 12 3 13 8 5 13 12 6 13 12
40 146 2 2 2 2 12 10 0 18 10
41 149 12 6 4 6 11 11 8 11 10 1 17 12 2 17 10 5 17 9 6 17 10 7 17 10 1 18 9 2 18 10 5 18 9 8 18 11 7 19 11
42 155 10 1 10 8 10 14 8 11 15 8 12 10 8 13 11 8 14 10 8 15 9 8 16 10 8 17 12 8 18 11 8 19 13
43 156 18 6 6 6 10 10 7 10 11 8 10 14 1 11 8 6 11 10 9 11 9 6 12 9 7 12 12 4 15 8 7 15 7 8 15 12 9 15 12 1 16 13 4 16 7 9 16 8 1 19 11 4 19 13 8 19 11
44 159 60 6 10 0 10 12 2 10 13 4 10 9 6 10 13 7 10 8 8 10 10 0 11 7 2 11 12 4 11 12 6 11 11 7 11 10 8 11 8 0 12 9 2 12 10 4 12 9 6 12 14 7 12 13 8 12 11 0 13 8 2 13 11 4 13 8 6 13 11 7 13 10 8 13 9 0 14 15 2 14 12 4 14 12 6 14 11 7 14 8 8 14 12 0 15 11 2 15 10 4 15 11 6 15 12 7 15 8 8 15 11 0 16 8 2 16 10 4 16 12 6 16 12 7 16 12 8 16 8 0 17 9 2 17 11 4 17 7 6 17 11 7 17 10 8 17 11 0 18 14 2 18 10 4 18 11 6 18 8 7 18 10 8 18 11 0 19 12 2 19 8 4 19 8 6 19 8 7 19 11 8 19 12
45 160 6 3 3 6 12 8 7 12 10 9 12 12 6 15 11 9 15 12 7 19 11
46 161 3 3 1 3 15 12 4 15 11 5 15 7
47 163 1 1 1 1 18 11
48 166 3 3 2 3 11 11 8 11 11 5 13 11
49 167 6 6 2 2 13 11 6 13 10 7 13 11 8 13 12 4 18 14 9 18 9
