20 50
0 0 2 2 1 3 10 9 6 10 12
1 2 60 6 10 0 10 12 1 10 10 4 10 10 5 10 13 6 10 10 8 10 12 0 11 10 1 11 13 4 11 10 5 11 11 6 11 11 8 11 11 0 12 8 1 12 11 4 12 10 5 12 12 6 12 8 8 12 7 0 13 10 1 13 11 4 13 9 5 13 7 6 13 9 8 13 6 0 14 9 1 14 10 4 14 10 5 14 9 6 14 9 8 14 13 0 15 9 1 15 12 4 15 10 5 15 7 6 15 13 8 15 9 0 16 9 1 16 14 4 16 11 5 16 12 6 16 9 8 16 9 0 17 14 1 17 10 4 17 9 5 17 11 6 17 8 8 17 11 0 18 13 1 18 8 4 18 12 5 18 12 6 18 7 8 18 10 0 19 12 1 19 12 4 19 11 5 19 11 6 19 11 8 19 12
2 4 10 1 10 4 10 10 4 11 12 4 12 10 4 13 7 4 14 9 4 15 6 4 16 15 4 17 12 4 18 15 4 19 14
3 8 40 4 10 1 10 9 6 10 10 8 10 10 9 10 10 1 11 11 6 11 9 8 11 11 9 11 8 1 12 10 6 12 11 8 12 9 9 12 10 1 13 6 6 13 9 8 13 11 9 13 11 1 14 12 6 14 10 8 14 9 9 14 12 1 15 12 6 15 11 8 15 12 9 15 13 1 16 7 6 16 8 8 16 14 9 16 10 1 17 11 6 17 12 8 17 12 9 17 10 1 18 11 6 18 9 8 18 11 9 18 9 1 19 8 6 19 9 8 19 8 9 19 11
4 10 18 6 6 1 10 10 2 10 8 5 10 11 6 10 13 1 12 11 9 12 9 5 13 9 6 13 7 9 13 6 1 14 11 2 14 10 8 14 8 2 17 9 6 17 12 8 17 12 9 17 8 5 18 12 8 18 8
5 11 1 1 1 4 16 9
6 13 3 3 2 4 11 10 8 11 12 0 17 11
7 14 2 2 1 5 11 11 8 11 11
8 17 2 2 1 1 15 12 2 15 14
9 20 12 6 4 1 10 10 6 10 7 0 12 9 1 12 12 2 12 12 8 12 12 0 13 6 7 13 10 8 13 12 2 14 14 6 14 13 7 14 12
10 24 30 3 10 1 10 10 2 10 12 9 10 11 1 11 13 2 11 11 9 11 9 1 12 14 2 12 11 9 12 11 1 13 11 2 13 7 9 13 10 1 14 10 2 14 13 9 14 9 1 15 9 2 15 9 9 15 7 1 16 14 2 16 11 9 16 11 1 17 10 2 17 9 9 17 10 1 18 11 2 18 11 9 18 12 1 19 12 2 19 13 9 19 10
11 27 4 4 2 5 13 9 6 13 10 8 13 9 4 16 12
12 28 6 6 1 0 14 11 3 14 13 4 14 9 5 14 12 7 14 10 8 14 10
13 42 12 6 4 0 11 10 5 11 10 9 11 7 0 12 14 2 12 10 3 12 12 8 12 11 8 13 13 9 13 10 2 17 14 3 17 9 5 17 10
14 43 6 6 3 7 10 12 8 10 6 0 13 8 4 13 10 3 19 9 9 19 11
15 45 6 6 3 8 10 9 1 11 9 2 11 13 9 11 11 4 18 13 6 18 14
16 46 1 1 1 8 10 10
17 47 4 4 1 1 15 13 2 15 10 3 15 11 9 15 10
18 52 6 6 2 5 13 10 1 15 14 4 15 12 6 15 10 7 15 10 8 15 13
19 57 60 6 10 1 10 14 2 10 10 3 10 10 4 10 9 5 10 12 9 10 15 1 11 9 2 11 8 3 11 10 4 11 8 5 11 11 9 11 11 1 12 8 2 12 9 3 12 11 4 12 10 5 12 16 9 12 12 1 13 9 2 13 10 3 13 11 4 13 9 5 13 9 9 13 11 1 14 6 2 14 9 3 14 15 4 14 13 5 14 12 9 14 9 1 15 10 2 15 10 3 15 9 4 15 10 5 15 13 9 15 11 1 16 14 2 16 9 3 16 8 4 16 7 5 16 11 9 16 10 1 17 11 2 17 11 3 17 10 4 17 9 5 17 13 9 17 11 1 18 9 2 18 9 3 18 11 4 18 9 5 18 9 9 18 13 1 19 8 2 19 9 3 19 11 4 19 6 5 19 11 9 19 11
20 59 12 6 4 2 12 13 3 12 10 1 13 11 5 13 9 9 13 12 0 16 10 9 16 11 0 19 11 1 19 10 2 19 13 3 19 12 5 19 10
21 67 1 1 1 8 18 9
22 68 3 3 2 4 16 13 2 17 7 7 17 8
23 71 2 2 1 4 15 9 5 15 13
24 80 1 1 1 9 14 11
25 86 2 2 1 2 13 12 9 13 6
26 89 2 2 1 6 10 9 8 10 11
27 90 12 6 4 0 12 10 1 12 11 2 12 12 3 12 14 1 14 12 4 14 13 6 15 11 0 19 12 2 19 14 3 19 7 4 19 11 6 19 13
28 91 4 4 2 2 15 10 4 15 11 8 15 9 6 17 10
29 95 6 6 1 0 18 14 1 18 8 2 18 11 4 18 12 6 18 10 9 18 14
30 101 1 1 1 8 16 8
31 107 1 1 1 3 18 12
32 114 12 6 4 3 12 10 4 12 8 7 12 10 9 14 11 0 15 10 1 15 12 3 15 8 4 15 10 0 18 10 1 18 12 7 18 13 9 18 12
33 120 10 1 10 9 10 11 9 11 13 9 12 12 9 13 13 9 14 7 9 15 12 9 16 11 9 17 9 9 18 12 9 19 9
34 125 6 6 2 2 10 7 5 10 7 1 11 11 4 11 13 6 11 12 9 11 9
35 127 2 2 2 2 15 9 8 19 10
36 132 5 5 1 4 10 10 6 10 6 7 10 12 8 10 15 9 10 13
37 135 40 4 10 0 10 9 1 10 11 3 10 11 7 10 12 0 11 12 1 11 11 3 11 13 7 11 8 0 12 12 1 12 7 3 12 11 7 12 13 0 13 8 1 13 11 3 13 9 7 13 5 0 14 11 1 14 11 3 14 12 7 14 10 0 15 11 1 15 11 3 15 12 7 15 11 0 16 11 1 16 10 3 16 9 7 16 13 0 17 11 1 17 10 3 17 12 7 17 12 0 18 9 1 18 9 3 18 11 7 18 8 0 19 12 1 19 14 3 19 12 7 19 14
38 137 3 3 1 4 14 7 8 14 8 9 14 11
39 140 6 6 1 0 10 10 1 10 10 2 10 12 3 10 7 4 10 10 7 10 11
40 146 36 6 10 0 10 11 7 10 7 8 10 10 9 10 10 0 11 13 4 11 9 6 11 12 7 11 12 8 11 8 9 11 14 0 12 10 4 12 10 6 12 6 8 12 10 9 12 12 0 13 10 4 13 13 6 13 10 8 13 12 4 14 9 7 14 11 9 14 12 0 15 9 4 15 12 6 15 11 7 15 12 4 16 10 9 16 7 0 17 12 6 17 10 6 18 12 7 18 12 8 18 10 9 18 7 7 19 12 8 19 11
41 149 10 1 10 3 10 7 3 11 13 3 12 11 3 13 10 3 14 11 3 15 14 3 16 11 3 17 13 3 18 11 3 19 9
42 155 2 2 1 1 10 11 3 10 10
43 156 1 1 1 5 15 14
44 159 24 6 6 1 10 9 4 10 12 7 10 12 4 12 8 5 12 11 7 12 10 9 12 11 1 13 10 2 13 10 5 13 10 7 13 11 9 13 11 1 15 13 2 15 12 4 15 7 5 15 8 7 15 10 9 15 9 1 17 12 2 17 11 5 17 8 2 18 10 4 18 11 9 18 11
45 160 18 6 5 6 10 9 7 10 9 1 12 4 3 12 8 4 12 11 7 12 15 1 14 14 2 14 9 3 14 9 6 14 11 2 18 10 3 18 13 4 18 11 6 18 10 1 19 10 2 19 10 4 19 9 7 19 11
46 161 60 6 10 0 10 8 2 10 11 5 10 13 6 10 9 7 10 11 8 10 10 0 11 13 2 11 12 5 11 12 6 11 12 7 11 9 8 11 12 0 12 13 2 12 11 5 12 10 6 12 13 7 12 14 8 12 11 0 13 14 2 13 10 5 13 6 6 13 12 7 13 10 8 13 11 0 14 10 2 14 9 5 14 14 6 14 14 7 14 11 8 14 8 0 15 10 2 15 13 5 15 11 6 15 8 7 15 8 8 15 11 0 16 5 2 16 10 5 16 12 6 16 14 7 16 8 8 16 11 0 17 12 2 17 13 5 17 8 6 17 10 7 17 12 8 17 9 0 18 8 2 18 14 5 18 12 6 18 12 7 18 9 8 18 12 0 19 9 2 19 8 5 19 10 6 19 9 7 19 12 8 19 11
47 163 4 4 3 2 10 9 8 10 10 7 11 9 4 16 10
48 166 18 6 6 0 11 8 2 11 10 6 11 11 7 11 9 0 13 11 3 15 9 8 15 13 3 16 9 6 16 13 7 16 11 8 16 7 0 17 12 2 17 4 3 17 4 6 17 9 8 17 8 2 19 11 7 19 11
49 167 5 5 1 1 12 9 2 12 12 3 12 11 5 12 13 8 12 9
