20 50
0 0 18 6 5 0 12 11 7 12 8 8 12 10 2 13 15 3 13 11 6 13 9 7 13 13 8 13 10 0 15 11 2 15 9 6 15 11 0 16 10 2 16 12 3 16 10 6 16 13 7 16 8 8 16 11 3 19 12
1 2 12 6 4 4 10 9 5 10 12 0 13 12 2 13 10 5 13 12 0 15 14 7 15 8 9 15 11 2 17 14 4 17 10 7 17 9 9 17 8
2 4 18 6 5 4 11 12 6 11 9 9 11 8 0 13 9 1 13 11 4 13 13 6 13 11 8 13 10 0 16 8 1 16 8 4 16 12 6 16 9 8 16 15 9 16 9 9 17 10 0 19 11 1 19 12 8 19 12
3 8 10 1 10 0 10 9 0 11 16 0 12 10 0 13 6 0 14 10 0 15 8 0 16 13 0 17 12 0 18 12 0 19 11
4 10 1 1 1 3 18 7
5 11 6 6 3 8 12 8 1 16 11 4 16 12 5 16 11 7 18 7 9 18 7
6 13 10 5 4 1 12 11 6 12 9 0 14 13 1 14 13 6 14 13 9 14 13 0 18 8 5 18 8 9 18 13 5 19 11
7 14 4 2 3 5 11 8 1 12 13 5 12 11 1 13 8
8 17 24 6 6 1 10 10 2 10 11 9 10 10 0 14 6 1 14 10 2 14 11 5 14 14 7 14 10 0 15 10 2 15 10 5 15 10 7 15 8 9 15 10 0 16 8 5 16 9 7 16 13 1 17 13 2 17 13 9 17 9 0 18 12 1 18 12 5 18 8 7 18 12 9 18 14
9 20 2 2 1 1 10 11 4 10 12
10 24 24 6 6 1 10 10 3 10 10 4 10 7 9 10 8 0 13 10 4 13 8 7 13 13 0 14 5 1 14 12 4 14 11 7 14 9 9 14 9 0 16 15 1 16 9 3 16 12 4 16 13 0 17 10 1 17 12 3 17 12 7 17 11 9 17 10 3 19 9 7 19 9 9 19 12
11 27 4 4 1 0 13 12 3 13 9 4 13 7 9 13 7
12 28 24 6 7 5 10 12 7 10 14 8 10 7 2 11 12 5 11 7 6 11 12 7 11 10 8 11 10 9 11 9 5 12 11 6 12 9 7 12 12 2 14 13 5 14 11 8 14 10 2 17 13 6 17 10 7 17 10 8 17 13 9 17 9 2 18 7 9 18 9 6 19 10 9 19 10
13 42 3 3 1 0 18 6 1 18 10 9 18 13
14 43 3 3 1 1 15 10 4 15 10 6 15 9
15 45 12 6 4 1 10 10 2 10 8 6 10 14 9 10 8 3 12 8 4 12 10 1 14 6 3 14 9 4 14 9 6 14 13 9 14 12 2 16 13
16 46 18 6 6 0 10 10 1 10 10 2 10 12 5 10 11 7 10 8 0 11 10 3 11 8 5 11 12 0 12 9 1 12 10 3 14 13 7 14 9 2 15 8 3 15 14 5 15 15 1 16 9 2 16 10 7 16 11
17 47 1 1 1 1 18 10
18 52 6 6 1 0 15 11 2 15 12 4 15 15 6 15 12 7 15 9 9 15 9
19 57 6 6 1 1 18 7 3 18 11 4 18 13 6 18 12 8 18 11 9 18 9
20 59 1 1 1 2 12 8
21 67 2 2 1 7 19 11 8 19 10
22 68 6 6 2 3 11 12 6 11 13 7 11 13 9 11 12 4 14 16 5 14 7
23 71 3 3 1 2 18 12 3 18 11 5 18 8
24 80 18 6 5 0 11 8 3 11 11 5 11 11 7 11 9 3 13 7 5 13 9 6 13 12 9 13 13 3 16 13 6 16 10 7 16 13 9 16 12 0 17 9 5 17 9 9 17 10 0 18 10 6 18 10 7 18 8
25 86 3 3 1 2 17 10 4 17 9 5 17 12
26 89 1 1 1 0 18 9
27 90 10 2 7 0 12 8 0 14 11 8 14 6 8 15 10 8 16 10 0 17 10 8 17 10 0 18 10 8 18 10 0 19 8
28 91 1 1 1 6 18 11
29 95 24 6 7 6 10 6 7 10 10 0 11 12 6 11 9 7 11 10 8 11 7 9 11 11 0 12 6 4 12 8 6 12 10 9 12 10 8 13 11 9 13 12 0 14 9 4 14 7 7 14 11 9 14 11 0 15 10 4 15 10 7 15 9 8 15 12 4 17 10 6 17 9 8 17 12
30 101 4 4 1 5 18 14 6 18 11 7 18 8 8 18 11
31 107 60 6 10 0 10 12 3 10 11 4 10 12 5 10 11 6 10 12 7 10 11 0 11 13 3 11 13 4 11 10 5 11 9 6 11 11 7 11 7 0 12 9 3 12 8 4 12 8 5 12 9 6 12 12 7 12 11 0 13 12 3 13 11 4 13 13 5 13 10 6 13 10 7 13 8 0 14 12 3 14 10 4 14 12 5 14 12 6 14 9 7 14 9 0 15 15 3 15 10 4 15 6 5 15 10 6 15 9 7 15 11 0 16 10 3 16 12 4 16 10 5 16 11 6 16 11 7 16 11 0 17 10 3 17 5 4 17 10 5 17 15 6 17 10 7 17 9 0 18 9 3 18 11 4 18 9 5 18 9 6 18 10 7 18 8 0 19 13 3 19 13 4 19 12 5 19 10 6 19 10 7 19 13
32 114 6 6 2 0 15 15 4 15 13 9 15 9 3 16 12 5 16 10 8 16 11
33 120 15 5 5 1 10 9 4 10 15 5 10 13 7 10 12 1 11 8 3 11 12 4 11 13 7 11 9 1 13 9 5 13 11 3 14 7 3 16 10 4 16 16 5 16 12 7 16 10
34 125 2 2 1 0 13 9 1 13 10
35 127 2 2 1 0 14 14 1 14 11
36 132 8 4 3 0 10 12 3 10 10 6 10 9 7 10 10 6 12 12 0 19 12 3 19 11 7 19 12
37 135 3 3 1 0 16 10 2 16 12 9 16 10
38 137 1 1 1 9 15 9
39 140 30 5 10 2 10 10 6 10 13 2 11 12 5 11 8 6 11 12 7 11 12 2 12 11 3 12 9 5 12 10 3 13 10 5 13 9 6 13 9 5 14 8 6 14 10 7 14 11 2 15 8 3 15 12 5 16 9 6 16 10 7 16 7 3 17 11 7 17 12 2 18 14 3 18 16 5 18 7 7 18 11 2 19 10 3 19 7 6 19 12 7 19 12
40 146 3 3 1 0 11 15 6 11 9 8 11 12
41 149 1 1 1 1 10 12
42 155 18 6 6 4 10 12 9 10 7 3 11 8 6 11 9 8 11 14 6 12 7 7 12 12 8 12 13 3 14 14 4 14 12 8 14 7 9 14 13 6 15 14 7 15 6 9 15 11 3 17 9 4 17 14 7 17 15
43 156 1 1 1 5 14 12
44 159 2 2 1 1 14 10 7 14 10
45 160 12 6 4 0 10 10 4 10 11 9 10 11 4 12 11 5 12 13 6 12 10 7 14 12 0 17 10 5 17 7 6 17 10 7 17 10 9 17 11
46 161 1 1 1 4 14 11
47 163 24 6 7 3 10 15 4 10 10 6 10 11 5 11 12 8 11 11 2 12 11 3 12 13 4 12 11 5 12 11 8 12 11 3 15 8 6 15 12 2 17 15 4 17 9 5 17 11 6 17 10 8 17 9 2 18 10 4 18 4 5 18 11 2 19 12 3 19 16 6 19 10 8 19 10
48 166 30 3 10 4 10 11 5 10 9 7 10 10 4 11 12 5 11 9 7 11 11 4 12 9 5 12 10 7 12 9 4 13 11 5 13 13 7 13 11 4 14 10 5 14 12 7 14 13 4 15 8 5 15 13 7 15 11 4 16 11 5 16 8 7 16 12 4 17 10 5 17 10 7 17 10 4 18 8 5 18 10 7 18 13 4 19 7 5 19 11 7 19 10
49 167 2 2 1 0 13 10 1 13 13
