20 50
0 0 4 4 1 4 17 9 5 17 11 6 17 12 7 17 11
1 2 12 6 4 0 11 10 3 11 12 4 11 10 8 11 8 2 12 10 3 12 12 7 12 9 2 14 9 4 14 7 8 14 9 0 18 7 7 18 10
2 4 12 6 5 6 10 11 7 10 9 2 15 10 8 15 11 9 15 8 3 17 16 8 17 11 2 18 9 6 18 11 3 19 6 7 19 12 9 19 10
3 8 3 3 1 1 11 12 6 11 8 9 11 10
4 10 6 6 1 1 12 12 2 12 12 4 12 10 5 12 10 8 12 11 9 12 9
5 11 8 4 4 7 10 15 8 10 12 7 13 9 0 17 10 4 17 10 8 17 10 0 18 7 4 18 9
6 13 1 1 1 7 15 10
7 14 24 6 8 3 10 12 4 10 9 6 10 9 7 10 8 9 10 13 3 11 11 9 11 9 1 12 13 4 12 8 3 14 11 4 14 11 6 14 12 7 14 9 1 16 6 9 16 15 1 17 13 6 17 12 7 17 8 1 18 7 4 18 12 7 18 10 3 19 12 6 19 13 9 19 9
8 17 12 6 4 0 11 9 6 11 8 7 11 9 8 11 8 9 11 13 0 13 11 5 13 12 5 14 10 7 14 11 9 14 9 6 17 12 8 17 12
9 20 6 6 1 0 16 12 1 16 9 4 16 9 5 16 8 6 16 9 8 16 11
10 24 18 6 5 3 10 13 0 11 11 4 11 12 5 11 10 6 11 10 0 12 11 1 12 11 3 12 11 4 12 13 5 12 11 6 12 14 1 14 11 4 14 11 0 15 11 1 15 9 3 15 10 5 15 7 6 15 9
11 27 6 6 2 0 13 13 4 13 11 6 13 7 8 13 6 2 15 10 3 15 12
12 28 20 2 10 0 10 13 4 10 10 0 11 10 4 11 10 0 12 8 4 12 9 0 13 12 4 13 7 0 14 10 4 14 9 0 15 10 4 15 10 0 16 13 4 16 8 0 17 11 4 17 12 0 18 10 4 18 12 0 19 7 4 19 10
13 42 6 6 1 0 13 13 2 13 13 4 13 12 6 13 10 7 13 8 9 13 13
14 43 3 3 1 0 17 12 3 17 8 6 17 11
15 45 1 1 1 0 11 9
16 46 15 5 5 0 13 14 3 13 12 5 13 11 8 13 11 0 14 12 5 14 10 8 14 14 2 16 6 5 16 10 2 17 9 3 17 11 8 17 12 0 18 10 2 18 11 3 18 11
17 47 2 2 1 5 17 7 9 17 12
18 52 1 1 1 6 13 12
19 57 1 1 1 6 18 7
20 59 1 1 1 9 15 11
21 67 3 3 1 2 13 13 4 13 9 9 13 13
22 68 1 1 1 3 14 13
23 71 12 6 4 0 12 13 7 12 9 9 12 9 2 13 11 7 13 10 9 13 11 0 15 11 2 15 12 5 15 12 8 15 10 5 17 12 8 17 11
24 80 1 1 1 4 12 14
25 86 3 3 1 2 12 9 8 12 5 9 12 11
26 89 20 2 10 2 10 6 9 10 7 2 11 10 9 11 11 2 12 12 9 12 8 2 13 13 9 13 6 2 14 13 9 14 10 2 15 13 9 15 11 2 16 11 9 16 10 2 17 10 9 17 11 2 18 11 9 18 6 2 19 12 9 19 12
27 90 40 4 10 0 10 10 3 10 9 4 10 13 5 10 10 0 11 12 3 11 9 4 11 11 5 11 10 0 12 8 3 12 9 4 12 13 5 12 12 0 13 9 3 13 14 4 13 13 5 13 11 0 14 12 3 14 9 4 14 7 5 14 10 0 15 12 3 15 15 4 15 11 5 15 10 0 16 15 3 16 10 4 16 11 5 16 9 0 17 9 3 17 9 4 17 10 5 17 6 0 18 11 3 18 11 4 18 11 5 18 10 0 19 11 3 19 9 4 19 11 5 19 9
28 91 6 6 2 0 10 9 2 10 12 4 10 12 7 10 10 6 14 15 8 14 10
29 95 8 4 4 1 13 10 6 13 12 2 14 9 7 14 9 1 18 14 2 18 8 6 18 13 7 19 9
30 101 4 4 2 5 17 10 9 17 12 1 18 12 6 18 10
31 107 6 6 2 6 14 14 1 19 11 2 19 11 4 19 12 5 19 11 9 19 10
32 114 60 6 10 1 10 9 2 10 10 3 10 10 5 10 11 7 10 10 8 10 8 1 11 11 2 11 9 3 11 11 5 11 9 7 11 11 8 11 11 1 12 12 2 12 12 3 12 12 5 12 13 7 12 14 8 12 8 1 13 10 2 13 10 3 13 13 5 13 14 7 13 9 8 13 14 1 14 10 2 14 13 3 14 15 5 14 14 7 14 11 8 14 9 1 15 13 2 15 9 3 15 10 5 15 9 7 15 11 8 15 11 1 16 10 2 16 14 3 16 15 5 16 11 7 16 9 8 16 12 1 17 9 2 17 10 3 17 11 5 17 7 7 17 12 8 17 12 1 18 9 2 18 10 3 18 7 5 18 13 7 18 8 8 18 10 1 19 13 2 19 9 3 19 9 5 19 11 7 19 12 8 19 9
33 120 1 1 1 5 15 11
34 125 30 3 10 4 10 12 5 10 12 9 10 10 4 11 11 5 11 12 9 11 11 4 12 14 5 12 7 9 12 13 4 13 10 5 13 11 9 13 12 4 14 11 5 14 7 9 14 11 4 15 10 5 15 7 9 15 12 4 16 7 5 16 8 9 16 8 4 17 14 5 17 10 9 17 11 4 18 11 5 18 13 9 18 10 4 19 9 5 19 8 9 19 9
35 127 6 6 1 0 17 9 1 17 10 4 17 9 5 17 8 6 17 11 7 17 10
36 132 18 6 6 3 10 10 9 10 15 3 11 9 6 11 9 7 11 9 6 13 11 7 13 11 4 16 9 7 16 7 8 16 10 9 16 12 3 18 9 4 18 12 8 18 9 4 19 13 6 19 9 8 19 8 9 19 10
37 135 6 6 3 1 11 10 8 11 12 2 13 10 3 13 12 7 13 11 5 18 12
38 137 2 2 1 2 13 7 5 13 13
39 140 1 1 1 6 15 12
40 146 18 6 5 1 10 10 2 10 14 4 10 9 2 11 10 3 11 12 6 11 10 7 11 12 1 12 13 2 12 10 3 12 11 4 12 9 6 12 12 3 14 10 6 14 14 7 14 11 1 17 10 4 17 13 7 17 10
41 149 1 1 1 2 15 9
42 155 12 6 4 1 11 9 3 11 8 5 11 13 8 11 11 0 12 8 3 12 11 4 12 8 1 13 14 8 13 9 0 19 9 4 19 6 5 19 11
43 156 1 1 1 1 10 11
44 159 1 1 1 3 16 9
45 160 2 2 2 4 11 10 0 12 13
46 161 18 6 6 2 12 10 4 12 13 6 12 8 5 14 13 9 14 14 2 15 13 4 15 11 6 15 14 7 15 10 9 15 10 4 16 12 5 16 10 6 16 9 7 16 12 9 16 7 2 18 8 5 18 10 7 19 10
47 163 12 4 5 5 10 12 7 10 10 8 10 9 9 10 7 7 12 11 9 12 6 5 14 8 9 14 12 7 16 12 8 16 11 5 18 13 8 18 12
48 166 2 2 1 0 12 12 3 12 7
49 167 6 6 2 0 13 10 1 13 11 3 13 10 6 13 9 8 13 12 2 18 16
