20 50
0 0 2 2 1 3 16 10 6 16 10
1 2 60 6 10 0 10 8 2 10 14 5 10 12 6 10 11 7 10 12 9 10 8 0 11 13 2 11 12 5 11 8 6 11 14 7 11 12 9 11 10 0 12 13 2 12 7 5 12 10 6 12 11 7 12 10 9 12 13 0 13 12 2 13 10 5 13 11 6 13 10 7 13 12 9 13 9 0 14 13 2 14 12 5 14 15 6 14 7 7 14 9 9 14 16 0 15 8 2 15 9 5 15 13 6 15 13 7 15 9 9 15 9 0 16 10 2 16 9 5 16 11 6 16 11 7 16 3 9 16 6 0 17 11 2 17 8 5 17 11 6 17 11 7 17 10 9 17 10 0 18 12 2 18 14 5 18 11 6 18 13 7 18 11 9 18 10 0 19 10 2 19 8 5 19 10 6 19 12 7 19 14 9 19 7
2 4 12 6 4 0 10 10 3 10 12 4 10 11 0 12 10 3 12 7 4 12 15 1 13 9 2 13 9 5 13 11 1 18 14 2 18 9 5 18 10
3 8 1 1 1 1 17 13
4 10 2 2 1 2 19 12 5 19 6
5 11 60 6 10 2 10 8 3 10 12 5 10 11 6 10 10 7 10 10 8 10 13 2 11 12 3 11 13 5 11 13 6 11 9 7 11 10 8 11 11 2 12 9 3 12 11 5 12 7 6 12 9 7 12 7 8 12 11 2 13 9 3 13 9 5 13 11 6 13 10 7 13 9 8 13 13 2 14 11 3 14 11 5 14 11 6 14 11 7 14 10 8 14 8 2 15 8 3 15 8 5 15 11 6 15 13 7 15 12 8 15 10 2 16 15 3 16 8 5 16 12 6 16 13 7 16 9 8 16 11 2 17 8 3 17 11 5 17 8 6 17 8 7 17 12 8 17 7 2 18 11 3 18 11 5 18 14 6 18 14 7 18 9 8 18 8 2 19 14 3 19 9 5 19 8 6 19 7 7 19 11 8 19 12
6 13 60 6 10 0 10 10 1 10 10 2 10 9 3 10 11 6 10 5 9 10 12 0 11 16 1 11 13 2 11 11 3 11 13 6 11 10 9 11 9 0 12 11 1 12 9 2 12 13 3 12 9 6 12 13 9 12 11 0 13 7 1 13 10 2 13 10 3 13 12 6 13 8 9 13 12 0 14 7 1 14 10 2 14 12 3 14 8 6 14 10 9 14 12 0 15 14 1 15 14 2 15 11 3 15 11 6 15 13 9 15 11 0 16 9 1 16 11 2 16 13 3 16 11 6 16 14 9 16 13 0 17 11 1 17 13 2 17 10 3 17 11 6 17 12 9 17 12 0 18 14 1 18 11 2 18 12 3 18 12 6 18 13 9 18 14 0 19 10 1 19 9 2 19 10 3 19 9 6 19 8 9 19 13
7 14 18 6 5 0 10 12 3 10 12 6 10 7 1 12 13 2 12 14 3 12 13 6 12 10 9 12 6 0 14 10 2 14 6 3 14 9 0 15 12 1 15 10 6 15 10 9 15 11 1 18 15 2 18 12 9 18 10
8 17 12 6 3 0 11 8 2 11 13 3 11 12 5 11 7 8 11 12 9 11 11 2 16 6 3 16 8 5 16 12 0 17 13 8 17 11 9 17 11
9 20 2 2 1 2 11 11 8 11 15
10 24 3 3 2 4 16 10 5 16 10 7 17 10
11 27 6 6 1 0 12 14 1 12 11 2 12 11 3 12 10 4 12 8 8 12 10
12 28 3 3 1 3 10 10 4 10 11 8 10 9
13 42 4 2 2 5 11 10 9 11 11 5 17 9 9 17 11
14 43 30 3 10 4 10 11 6 10 11 9 10 7 4 11 10 6 11 9 9 11 13 4 12 11 6 12 9 9 12 10 4 13 10 6 13 11 9 13 9 4 14 9 6 14 9 9 14 10 4 15 11 6 15 9 9 15 10 4 16 12 6 16 9 9 16 7 4 17 11 6 17 10 9 17 8 4 18 8 6 18 8 9 18 9 4 19 13 6 19 11 9 19 7
15 45 12 4 4 0 10 9 4 10 11 5 10 12 0 11 12 1 11 11 4 11 10 5 11 10 1 13 7 5 13 11 0 18 10 1 18 8 4 18 12
16 46 4 4 1 0 13 8 2 13 12 3 13 11 4 13 6
17 47 12 6 3 5 11 9 7 11 7 2 16 9 4 16 13 6 16 11 7 16 9 9 16 12 2 17 11 4 17 9 5 17 10 6 17 9 9 17 11
18 52 6 6 2 0 14 10 4 14 14 6 14 10 2 16 14 8 16 7 9 16 7
19 57 6 6 3 0 10 9 2 10 11 5 14 9 9 14 13 6 15 12 8 15 10
20 59 10 5 4 4 11 11 9 11 10 1 14 10 5 14 10 0 15 8 1 15 8 4 15 10 0 17 7 5 17 11 9 17 8
21 67 6 6 2 2 11 8 3 11 16 4 11 17 7 11 11 0 15 14 8 15 11
22 68 12 6 3 2 11 10 3 11 6 5 11 12 6 11 11 5 16 12 8 16 10 9 16 11 2 18 11 3 18 11 6 18 9 8 18 12 9 18 13
23 71 24 6 7 0 10 10 3 10 9 1 12 9 7 12 13 8 12 11 0 13 12 3 13 13 6 13 10 8 13 10 1 14 11 3 14 11 6 14 15 8 14 12 0 15 6 1 15 9 6 15 8 7 15 10 6 16 12 7 16 11 0 17 8 1 17 10 3 17 12 7 17 10 8 17 13
24 80 1 1 1 7 19 9
25 86 6 6 2 0 11 11 5 11 11 7 11 11 1 16 11 4 16 11 9 16 14
26 89 12 6 3 0 12 12 2 12 14 4 12 8 5 12 11 6 12 9 2 14 9 3 14 9 4 14 12 6 14 13 0 15 12 3 15 9 5 15 11
27 90 24 6 6 1 10 14 3 10 9 4 10 12 8 10 14 9 10 11 0 12 10 8 12 12 0 14 14 1 14 11 3 14 11 4 14 11 8 14 13 0 16 12 1 16 8 3 16 10 4 16 14 9 16 10 0 17 10 3 17 12 4 17 8 8 17 10 9 17 10 1 19 7 9 19 11
28 91 1 1 1 9 16 7
29 95 40 4 10 4 10 7 5 10 7 6 10 11 9 10 6 4 11 13 5 11 7 6 11 10 9 11 9 4 12 10 5 12 13 6 12 8 9 12 9 4 13 10 5 13 11 6 13 8 9 13 13 4 14 8 5 14 13 6 14 13 9 14 11 4 15 13 5 15 10 6 15 9 9 15 8 4 16 13 5 16 9 6 16 11 9 16 12 4 17 13 5 17 12 6 17 13 9 17 16 4 18 6 5 18 10 6 18 8 9 18 11 4 19 5 5 19 12 6 19 11 9 19 9
30 101 60 6 10 2 10 9 3 10 11 4 10 12 5 10 9 6 10 12 9 10 10 2 11 11 3 11 10 4 11 9 5 11 11 6 11 11 9 11 8 2 12 11 3 12 9 4 12 11 5 12 10 6 12 8 9 12 12 2 13 12 3 13 12 4 13 8 5 13 11 6 13 7 9 13 9 2 14 11 3 14 7 4 14 15 5 14 12 6 14 11 9 14 11 2 15 9 3 15 14 4 15 8 5 15 13 6 15 9 9 15 8 2 16 10 3 16 10 4 16 10 5 16 8 6 16 11 9 16 15 2 17 12 3 17 12 4 17 10 5 17 11 6 17 9 9 17 12 2 18 13 3 18 10 4 18 12 5 18 12 6 18 11 9 18 10 2 19 9 3 19 13 4 19 10 5 19 11 6 19 9 9 19 10
31 107 18 6 5 4 11 13 6 11 10 7 11 14 8 11 11 9 11 14 1 12 13 6 12 10 8 12 12 9 12 11 1 17 16 8 17 12 9 17 6 4 18 10 7 18 10 1 19 7 4 19 12 6 19 7 7 19 12
32 114 24 6 7 4 10 12 8 10 11 9 10 12 0 12 7 5 12 8 6 12 9 9 12 11 0 14 9 4 14 10 5 14 11 8 14 11 0 15 13 5 15 9 6 15 10 8 15 9 9 15 10 4 16 10 6 16 11 8 16 9 9 16 12 4 17 13 0 18 13 5 18 10 6 18 11
33 120 3 3 1 0 12 12 4 12 12 5 12 11
34 125 3 3 1 1 13 12 3 13 13 7 13 12
35 127 1 1 1 3 13 11
36 132 6 6 1 0 17 9 3 17 13 4 17 15 7 17 11 8 17 12 9 17 11
37 135 1 1 1 8 15 8
38 137 30 3 10 0 10 13 5 10 8 6 10 12 0 11 10 5 11 13 6 11 9 0 12 11 5 12 11 6 12 9 0 13 12 5 13 9 6 13 7 0 14 10 5 14 10 6 14 12 0 15 10 5 15 10 6 15 7 0 16 9 5 16 10 6 16 9 0 17 8 5 17 12 6 17 9 0 18 14 5 18 13 6 18 10 0 19 9 5 19 10 6 19 10
39 140 24 6 7 2 11 12 4 11 13 3 12 12 4 12 9 7 12 11 9 12 9 3 13 9 4 13 12 7 13 11 8 13 11 9 13 13 4 14 10 2 16 10 3 16 10 7 16 10 8 16 11 9 16 7 2 18 12 7 18 8 8 18 9 9 18 10 2 19 11 3 19 10 8 19 14
40 146 6 3 2 2 14 10 3 14 11 6 14 11 2 19 11 3 19 15 6 19 11
41 149 40 4 10 3 10 11 5 10 8 8 10 13 9 10 15 3 11 8 5 11 14 8 11 10 9 11 11 3 12 11 5 12 8 8 12 8 9 12 12 3 13 10 5 13 13 8 13 10 9 13 12 3 14 12 5 14 11 8 14 12 9 14 9 3 15 10 5 15 8 8 15 11 9 15 9 3 16 11 5 16 13 8 16 8 9 16 10 3 17 12 5 17 10 8 17 10 9 17 7 3 18 9 5 18 12 8 18 11 9 18 7 3 19 11 5 19 9 8 19 8 9 19 12
42 155 6 3 3 2 15 12 3 15 9 5 15 13 2 17 11 5 17 10 3 19 9
43 156 3 3 1 2 10 8 5 10 11 8 10 12
44 159 6 6 2 0 11 11 5 11 14 7 11 12 1 12 8 6 12 10 9 12 12
45 160 10 1 10 0 10 9 0 11 12 0 12 12 0 13 12 0 14 7 0 15 11 0 16 8 0 17 12 0 18 14 0 19 9
46 161 1 1 1 7 17 13
47 163 6 6 1 0 15 9 2 15 9 3 15 10 4 15 10 5 15 13 9 15 9
48 166 2 2 1 0 19 10 2 19 13
49 167 12 6 3 2 11 10 7 11 11 8 11 9 1 13 7 3 13 10 6 13 9 1 16 10 2 16 8 3 16 11 6 16 9 7 16 11 8 16 10
