20 50
0 0 20 2 10 0 10 12 3 10 10 0 11 9 3 11 12 0 12 11 3 12 12 0 13 9 3 13 9 0 14 12 3 14 11 0 15 14 3 15 8 0 16 13 3 16 13 0 17 7 3 17 8 0 18 13 3 18 15 0 19 9 3 19 10
1 2 5 5 1 0 16 13 2 16 7 4 16 8 6 16 10 9 16 12
2 4 20 2 10 0 10 8 9 10 11 0 11 10 9 11 11 0 12 12 9 12 10 0 13 11 9 13 11 0 14 10 9 14 16 0 15 9 9 15 8 0 16 11 9 16 14 0 17 8 9 17 8 0 18 9 9 18 8 0 19 8 9 19 12
3 8 5 5 2 0 11 13 1 11 14 5 11 11 6 11 6 8 17 12
4 10 18 6 5 3 10 10 4 10 9 6 10 7 8 10 8 2 12 12 3 12 6 6 12 6 8 12 11 9 12 8 3 13 14 6 13 10 9 13 11 2 17 8 4 17 10 8 17 9 2 19 14 4 19 12 9 19 14
5 11 24 6 7 1 11 8 2 11 11 3 11 10 6 11 10 2 12 13 3 12 7 4 12 11 8 12 11 2 13 12 3 13 10 4 13 11 6 13 7 8 13 9 4 15 11 1 16 9 6 16 12 8 16 10 1 17 13 6 17 12 8 17 11 1 19 8 2 19 13 3 19 9 4 19 11
6 13 18 6 5 0 10 11 2 10 11 7 10 12 8 10 12 2 11 12 3 11 12 4 11 9 3 15 8 4 15 12 7 15 13 8 15 6 0 16 7 3 16 13 7 16 8 0 17 13 2 17 11 4 17 12 8 17 8
7 14 6 6 1 0 11 11 1 11 11 3 11 10 6 11 9 7 11 9 9 11 15
8 17 1 1 1 7 15 12
9 20 36 6 10 4 10 12 5 10 11 6 10 11 8 10 12 0 11 7 4 11 10 8 11 12 4 12 12 0 13 12 2 13 8 5 13 9 0 14 6 2 14 8 4 14 11 5 14 7 6 14 9 8 14 12 0 15 14 2 15 7 4 15 9 6 15 8 8 15 10 0 16 13 2 16 12 5 16 11 6 16 9 8 16 11 2 17 12 5 17 10 8 17 10 0 18 10 4 18 13 5 18 10 6 18 10 2 19 10 6 19 15
10 24 5 5 1 2 11 11 3 11 9 4 11 11 6 11 6 7 11 12
11 27 24 6 7 0 10 12 3 10 11 5 10 12 8 10 8 0 11 8 3 11 8 5 11 12 8 11 14 3 12 11 5 12 13 8 12 11 1 13 8 2 13 8 3 13 11 0 14 10 1 14 11 2 14 10 5 14 9 1 17 11 2 17 14 8 17 14 0 19 7 1 19 14 2 19 12
12 28 24 6 8 3 10 7 7 10 8 0 11 12 7 11 11 2 12 8 3 12 9 2 14 9 3 14 8 4 14 15 5 14 10 7 14 11 0 15 11 2 15 9 3 15 11 4 15 10 5 15 9 0 16 8 4 16 14 5 16 9 2 17 13 7 17 13 0 18 15 4 18 11 5 18 6
13 42 5 5 1 2 13 14 3 13 13 5 13 9 6 13 13 9 13 13
14 43 24 6 6 2 11 13 5 11 9 9 11 11 0 12 7 1 12 12 2 12 13 0 13 8 1 13 11 3 13 10 5 13 11 9 13 9 1 14 12 3 14 12 5 14 9 9 14 14 0 17 11 2 17 10 3 17 11 9 17 12 0 19 10 1 19 12 2 19 10 3 19 9 5 19 12
15 45 8 4 3 0 11 9 2 11 11 5 11 10 8 11 11 8 12 9 0 15 12 2 15 11 5 15 12
16 46 3 3 1 1 10 10 5 10 11 9 10 13
17 47 3 3 1 2 15 12 7 15 10 9 15 14
18 52 1 1 1 5 18 13
19 57 2 2 1 6 18 9 9 18 12
20 59 3 3 1 0 16 11 3 16 14 8 16 11
21 67 6 6 1 0 15 12 1 15 11 2 15 9 4 15 9 5 15 9 6 15 10
22 68 2 2 1 1 16 12 5 16 14
23 71 24 6 7 0 10 10 2 10 10 3 10 10 4 10 8 5 10 9 9 10 13 2 12 14 5 12 9 9 12 10 0 14 8 4 15 9 9 15 12 0 16 9 2 16 11 3 16 8 4 16 9 5 16 11 0 17 8 3 17 12 5 17 14 9 17 12 2 19 12 3 19 9 4 19 10
24 80 24 6 7 4 10 11 7 10 10 1 12 12 7 12 11 9 12 10 1 13 8 3 13 10 4 13 8 7 13 10 8 13 9 9 13 12 3 15 12 8 15 13 3 16 9 4 16 9 7 16 11 8 16 11 1 18 8 3 18 13 9 18 9 1 19 12 4 19 10 8 19 11 9 19 10
25 86 60 6 10 0 10 8 2 10 10 3 10 13 5 10 11 6 10 12 7 10 8 0 11 15 2 11 7 3 11 11 5 11 9 6 11 11 7 11 13 0 12 11 2 12 11 3 12 13 5 12 10 6 12 12 7 12 12 0 13 9 2 13 11 3 13 14 5 13 12 6 13 8 7 13 9 0 14 8 2 14 11 3 14 12 5 14 12 6 14 7 7 14 11 0 15 10 2 15 12 3 15 10 5 15 7 6 15 12 7 15 10 0 16 8 2 16 12 3 16 11 5 16 11 6 16 10 7 16 11 0 17 10 2 17 10 3 17 11 5 17 13 6 17 11 7 17 11 0 18 11 2 18 11 3 18 13 5 18 14 6 18 10 7 18 7 0 19 10 2 19 9 3 19 5 5 19 13 6 19 13 7 19 12
26 89 60 6 10 0 10 9 2 10 14 4 10 11 5 10 13 6 10 13 7 10 9 0 11 11 2 11 9 4 11 12 5 11 11 6 11 9 7 11 10 0 12 10 2 12 6 4 12 10 5 12 8 6 12 14 7 12 9 0 13 11 2 13 12 4 13 13 5 13 15 6 13 12 7 13 14 0 14 9 2 14 11 4 14 10 5 14 12 6 14 8 7 14 6 0 15 9 2 15 12 4 15 9 5 15 8 6 15 10 7 15 10 0 16 11 2 16 9 4 16 12 5 16 9 6 16 11 7 16 9 0 17 10 2 17 12 4 17 10 5 17 13 6 17 9 7 17 11 0 18 11 2 18 9 4 18 10 5 18 12 6 18 8 7 18 11 0 19 12 2 19 9 4 19 7 5 19 12 6 19 10 7 19 11
27 90 6 6 3 4 10 12 8 10 6 9 10 10 0 12 13 1 12 10 2 15 10
28 91 3 3 1 4 18 11 6 18 13 7 18 11
29 95 3 3 1 3 17 10 6 17 12 9 17 11
30 101 6 6 1 0 19 11 1 19 8 5 19 13 6 19 11 7 19 11 9 19 7
31 107 8 4 3 2 11 11 4 11 13 8 11 10 2 15 10 6 15 8 4 18 11 6 18 10 8 18 13
32 114 30 3 10 0 10 9 3 10 14 8 10 10 0 11 9 3 11 10 8 11 11 0 12 10 3 12 10 8 12 12 0 13 10 3 13 15 8 13 10 0 14 13 3 14 10 8 14 14 0 15 13 3 15 11 8 15 11 0 16 11 3 16 15 8 16 10 0 17 12 3 17 6 8 17 12 0 18 16 3 18 11 8 18 10 0 19 10 3 19 12 8 19 14
33 120 2 2 1 4 19 12 8 19 13
34 125 1 1 1 7 12 11
35 127 3 3 1 2 19 12 3 19 9 8 19 10
36 132 1 1 1 6 19 13
37 135 20 2 10 4 10 8 9 10 8 4 11 9 9 11 8 4 12 8 9 12 10 4 13 11 9 13 10 4 14 12 9 14 9 4 15 9 9 15 10 4 16 7 9 16 11 4 17 8 9 17 7 4 18 7 9 18 10 4 19 10 9 19 10
38 137 6 6 1 1 19 12 2 19 12 3 19 12 6 19 13 7 19 5 8 19 9
39 140 24 6 7 2 10 12 8 10 12 9 10 12 2 11 4 3 11 11 8 11 11 9 11 11 0 12 9 4 12 9 0 13 11 2 13 11 3 13 9 4 13 11 0 16 13 8 16 14 9 16 8 2 17 11 3 17 13 4 17 8 8 17 10 9 17 8 0 19 8 3 19 11 4 19 11
40 146 10 5 3 0 13 7 0 15 9 3 15 12 4 15 9 6 15 14 7 15 11 3 19 11 4 19 12 6 19 9 7 19 11
41 149 3 3 1 0 19 11 2 19 8 3 19 12
42 155 6 6 2 1 16 12 3 16 11 0 19 8 4 19 14 6 19 10 9 19 10
43 156 6 3 3 0 15 10 3 15 11 4 15 11 4 18 7 0 19 15 3 19 9
44 159 24 6 7 0 10 11 2 10 13 6 11 11 7 11 10 3 12 11 4 12 9 6 12 15 0 13 9 2 13 11 4 13 14 7 13 7 0 14 15 2 14 10 3 14 7 4 14 9 6 14 10 7 14 9 0 16 13 2 16 12 3 16 12 4 16 10 6 16 12 3 18 12 7 18 13
45 160 5 5 1 0 16 10 1 16 11 3 16 11 5 16 10 6 16 7
46 161 18 6 5 0 11 12 1 11 9 6 11 8 1 13 11 3 13 8 5 13 11 0 17 12 4 17 13 5 17 12 1 18 10 3 18 11 4 18 14 6 18 10 0 19 11 3 19 10 4 19 10 5 19 9 6 19 10
47 163 1 1 1 9 16 10
48 166 30 3 10 4 10 11 7 10 10 9 10 10 4 11 8 7 11 8 9 11 11 4 12 13 7 12 12 9 12 11 4 13 6 7 13 10 9 13 8 4 14 11 7 14 12 9 14 11 4 15 11 7 15 8 9 15 9 4 16 6 7 16 10 9 16 10 4 17 13 7 17 12 9 17 13 4 18 7 7 18 10 9 18 11 4 19 12 7 19 6 9 19 10
49 167 3 3 1 2 17 11 4 17 14 6 17 11
