20 50
0 0 3 3 1 0 16 8 2 16 7 6 16 14
1 2 2 2 1 5 10 13 8 10 10
2 4 3 3 1 3 19 9 8 19 11 9 19 10
3 8 6 3 3 1 12 11 6 12 13 6 17 10 7 17 11 1 19 15 7 19 14
4 10 6 6 2 0 12 9 3 12 11 7 12 12 5 15 10 8 15 7 9 15 10
5 11 6 6 3 4 12 8 2 16 9 6 16 9 0 19 11 3 19 11 8 19 8
6 13 20 2 10 3 10 15 7 10 8 3 11 11 7 11 10 3 12 11 7 12 11 3 13 12 7 13 8 3 14 8 7 14 9 3 15 14 7 15 11 3 16 10 7 16 10 3 17 11 7 17 12 3 18 8 7 18 9 3 19 10 7 19 10
7 14 3 3 1 5 15 10 6 15 10 9 15 15
8 17 6 6 2 2 11 9 4 11 9 0 18 11 1 18 11 8 18 12 9 18 11
9 20 2 2 1 3 12 7 4 12 13
10 24 10 1 10 4 10 11 4 11 9 4 12 9 4 13 7 4 14 10 4 15 12 4 16 11 4 17 12 4 18 11 4 19 10
11 27 1 1 1 3 16 6
12 28 1 1 1 3 13 12
13 42 2 2 1 5 10 12 6 10 11
14 43 30 3 10 4 10 14 5 10 8 9 10 12 4 11 7 5 11 12 9 11 10 4 12 13 5 12 10 9 12 10 4 13 9 5 13 11 9 13 14 4 14 15 5 14 11 9 14 12 4 15 9 5 15 11 9 15 12 4 16 10 5 16 13 9 16 10 4 17 11 5 17 10 9 17 11 4 18 10 5 18 14 9 18 11 4 19 7 5 19 13 9 19 8
15 45 6 6 1 2 15 12 5 15 10 6 15 11 7 15 9 8 15 10 9 15 9
16 46 24 6 7 0 12 10 4 12 12 5 12 10 6 12 9 8 12 12 9 12 11 0 13 13 6 13 12 9 13 8 0 14 13 4 14 11 8 14 13 6 15 7 4 16 12 5 16 14 8 16 8 5 18 8 6 18 10 8 18 9 9 18 9 0 19 11 4 19 13 5 19 11 9 19 9
17 47 3 3 1 4 13 9 6 13 10 8 13 12
18 52 3 3 2 6 10 7 5 18 8 7 18 12
19 57 3 3 1 0 15 15 5 15 10 9 15 11
20 59 24 6 7 3 10 10 4 10 12 5 10 10 7 10 10 4 11 12 5 11 11 8 11 11 9 11 10 4 12 10 5 12 10 8 12 9 9 12 10 3 15 13 4 15 9 7 15 12 7 17 11 8 17 8 3 18 11 9 18 8 3 19 12 5 19 11 7 19 8 8 19 12 9 19 10
21 67 1 1 1 8 12 9
22 68 6 6 1 0 14 12 1 14 8 3 14 13 4 14 9 7 14 13 9 14 12
23 71 2 2 1 2 19 12 3 19 9
24 80 4 4 2 1 11 5 9 11 10 3 17 7 7 17 12
25 86 3 3 2 6 12 9 2 13 10 5 13 13
26 89 10 1 10 6 10 10 6 11 12 6 12 14 6 13 11 6 14 9 6 15 9 6 16 12 6 17 11 6 18 8 6 19 13
27 90 18 6 5 0 10 10 2 10 10 4 10 12 7 10 11 0 11 8 1 11 8 7 11 13 9 11 12 2 12 11 1 14 13 2 14 12 4 14 9 9 14 11 0 19 9 1 19 9 4 19 10 7 19 16 9 19 11
28 91 6 6 1 1 13 9 2 13 11 3 13 6 4 13 8 6 13 11 7 13 12
29 95 6 3 3 1 17 11 0 18 11 4 18 10 0 19 10 1 19 10 4 19 3
30 101 2 2 1 5 11 10 7 11 12
31 107 6 3 3 4 16 9 8 16 13 2 17 10 4 17 9 8 17 11 2 19 9
32 114 50 5 10 2 10 10 3 10 12 4 10 9 5 10 9 6 10 14 2 11 13 3 11 12 4 11 10 5 11 13 6 11 10 2 12 11 3 12 10 4 12 12 5 12 7 6 12 10 2 13 13 3 13 8 4 13 11 5 13 10 6 13 10 2 14 13 3 14 9 4 14 13 5 14 9 6 14 10 2 15 11 3 15 12 4 15 10 5 15 13 6 15 12 2 16 10 3 16 12 4 16 10 5 16 7 6 16 15 2 17 8 3 17 14 4 17 10 5 17 9 6 17 14 2 18 9 3 18 8 4 18 13 5 18 10 6 18 12 2 19 14 3 19 12 4 19 9 5 19 11 6 19 12
33 120 12 6 4 7 11 15 0 12 12 1 12 11 2 12 12 5 12 11 7 12 12 0 14 12 1 14 10 6 14 11 2 17 11 5 17 10 6 17 11
34 125 1 1 1 7 15 11
35 127 12 6 4 1 10 8 3 10 9 4 10 11 5 10 11 9 10 10 3 11 8 0 12 9 4 12 9 5 12 14 9 12 14 0 17 12 1 17 9
36 132 1 1 1 5 13 10
37 135 2 2 1 2 19 7 6 19 12
38 137 12 6 3 2 12 9 4 12 9 5 12 10 6 12 7 8 12 7 1 18 12 4 18 12 5 18 14 6 18 15 1 19 13 2 19 10 8 19 12
39 140 2 2 1 1 12 9 9 12 8
40 146 60 6 10 0 10 9 3 10 8 4 10 7 5 10 8 8 10 12 9 10 10 0 11 8 3 11 14 4 11 11 5 11 9 8 11 11 9 11 12 0 12 12 3 12 12 4 12 13 5 12 11 8 12 11 9 12 9 0 13 12 3 13 12 4 13 15 5 13 11 8 13 12 9 13 10 0 14 15 3 14 16 4 14 11 5 14 11 8 14 9 9 14 8 0 15 12 3 15 10 4 15 12 5 15 12 8 15 10 9 15 11 0 16 7 3 16 10 4 16 8 5 16 13 8 16 14 9 16 10 0 17 9 3 17 14 4 17 13 5 17 14 8 17 11 9 17 12 0 18 15 3 18 13 4 18 12 5 18 10 8 18 11 9 18 9 0 19 14 3 19 8 4 19 8 5 19 11 8 19 8 9 19 13
41 149 6 6 1 1 17 10 2 17 10 4 17 8 6 17 13 8 17 9 9 17 9
42 155 1 1 1 1 13 11
43 156 6 6 1 0 12 12 1 12 12 2 12 7 3 12 12 4 12 8 7 12 9
44 159 6 6 1 1 14 9 2 14 15 3 14 10 6 14 10 7 14 11 9 14 8
45 160 1 1 1 7 11 11
46 161 1 1 1 6 14 12
47 163 3 3 2 7 18 11 9 18 13 0 19 12
48 166 24 6 6 1 10 13 3 10 12 5 10 10 7 10 11 8 10 13 3 11 9 4 11 9 5 11 8 7 11 11 1 13 6 3 13 10 8 13 11 1 16 10 4 16 11 7 16 12 8 16 9 1 17 10 3 17 11 4 17 11 5 17 9 7 17 8 4 18 9 5 18 9 8 18 9
49 167 12 6 4 0 14 12 2 14 7 6 14 11 7 14 8 0 15 8 4 15 11 4 17 14 8 17 11 2 18 10 6 18 12 7 18 13 8 18 14
