20 50
0 0 6 3 3 2 10 12 9 10 12 4 12 12 9 12 11 2 14 8 4 14 11
1 2 12 6 4 5 16 7 8 16 7 9 16 9 0 17 8 2 17 11 4 17 13 4 18 14 5 18 11 8 18 10 0 19 11 2 19 6 9 19 11
2 4 16 4 6 1 10 12 3 10 8 4 10 11 8 10 13 4 12 9 1 14 12 3 14 9 8 14 10 3 16 12 4 16 12 8 16 9 1 17 11 3 17 10 4 17 11 1 18 11 8 18 9
3 8 1 1 1 0 10 11
4 10 1 1 1 3 17 12
5 11 3 3 1 1 17 7 6 17 7 8 17 8
6 13 3 3 1 0 18 11 2 18 11 4 18 13
7 14 8 4 4 1 10 9 6 10 9 1 11 12 5 11 10 9 11 7 5 16 11 9 16 11 6 18 11
8 17 18 6 5 0 10 11 3 10 9 6 10 7 8 10 11 2 11 11 3 11 9 4 11 9 8 11 13 2 17 12 3 17 10 8 17 7 0 18 11 4 18 13 6 18 9 0 19 9 2 19 10 4 19 11 6 19 13
9 20 2 2 1 5 15 9 6 15 14
10 24 6 6 1 0 10 15 1 10 12 2 10 8 5 10 8 6 10 10 8 10 11
11 27 12 6 5 0 10 12 2 10 13 6 13 11 7 13 12 9 13 13 2 14 9 3 14 8 9 14 8 0 18 11 6 18 11 3 19 9 7 19 11
12 28 12 6 5 1 10 11 4 10 14 5 10 15 8 10 8 8 15 13 2 16 8 3 16 8 5 16 9 1 17 13 2 17 10 4 17 11 3 18 10
13 42 1 1 1 7 13 12
14 43 9 3 4 3 10 11 7 10 13 8 10 12 3 12 13 7 12 10 8 12 10 8 17 10 3 19 10 7 19 13
15 45 5 5 2 1 13 9 6 13 9 7 13 14 9 13 11 3 16 8
16 46 2 2 2 5 13 11 7 16 10
17 47 2 2 1 2 17 10 4 17 10
18 52 6 6 2 5 11 12 9 11 7 0 14 10 2 14 10 3 14 6 7 14 10
19 57 18 6 5 1 10 10 6 10 9 9 10 11 1 11 10 6 11 7 7 11 9 1 13 9 2 13 13 4 13 12 6 13 10 7 13 14 9 13 15 2 15 8 4 15 11 2 17 12 4 17 12 7 17 11 9 17 8
20 59 1 1 1 0 12 9
21 67 12 6 4 1 10 12 5 10 15 7 10 11 8 10 10 2 11 11 5 11 11 8 11 5 1 14 13 6 14 12 2 17 11 6 17 13 7 17 12
22 68 1 1 1 8 18 10
23 71 6 6 1 0 12 14 1 12 11 2 12 10 3 12 14 6 12 9 8 12 12
24 80 6 6 3 7 13 11 8 13 12 0 17 7 1 18 5 2 18 11 3 18 14
25 86 2 2 1 0 14 11 3 14 11
26 89 3 3 2 9 10 13 0 18 13 2 18 13
27 90 24 6 7 0 11 10 1 11 9 2 11 10 5 11 11 8 11 10 9 11 11 0 12 9 5 12 13 1 13 10 2 13 13 8 13 9 9 13 8 1 14 7 2 14 12 0 16 10 9 16 8 1 18 11 5 18 10 8 18 11 0 19 13 2 19 9 5 19 8 8 19 9 9 19 9
28 91 12 6 3 0 12 10 1 12 7 4 12 9 5 12 8 0 13 8 1 13 11 4 13 13 6 13 12 7 13 11 5 18 11 6 18 11 7 18 12
29 95 2 2 1 0 10 9 5 10 9
30 101 6 6 1 1 19 11 2 19 9 5 19 10 6 19 16 7 19 5 8 19 7
31 107 24 6 7 3 10 9 4 10 10 8 10 10 9 10 10 2 11 7 3 11 8 2 12 10 4 12 10 7 12 12 8 12 13 2 13 11 8 13 7 9 13 6 3 14 11 7 14 10 3 17 11 4 17 6 7 17 12 9 17 7 2 18 13 4 18 12 7 18 12 8 18 13 9 18 15
32 114 20 2 10 7 10 10 9 10 13 7 11 12 9 11 14 7 12 9 9 12 11 7 13 12 9 13 11 7 14 9 9 14 10 7 15 9 9 15 11 7 16 7 9 16 10 7 17 8 9 17 10 7 18 12 9 18 10 7 19 10 9 19 11
33 120 6 6 2 2 11 10 3 11 12 5 11 12 7 11 16 0 17 11 9 17 12
34 125 2 2 1 6 14 13 8 14 11
35 127 2 2 1 1 17 13 2 17 8
36 132 10 1 10 2 10 12 2 11 10 2 12 5 2 13 11 2 14 13 2 15 9 2 16 12 2 17 13 2 18 10 2 19 9
37 135 24 6 6 0 10 10 1 10 9 3 10 11 5 10 9 9 10 8 3 11 9 4 11 9 9 11 8 0 12 16 1 12 7 4 12 11 5 12 9 9 12 9 0 13 8 1 13 11 3 13 10 5 13 14 9 13 11 0 15 9 1 15 15 3 15 11 4 15 12 4 16 10 5 16 13
38 137 60 6 10 0 10 11 1 10 10 5 10 11 6 10 14 7 10 13 8 10 12 0 11 8 1 11 13 5 11 9 6 11 7 7 11 9 8 11 16 0 12 10 1 12 8 5 12 12 6 12 16 7 12 10 8 12 4 0 13 11 1 13 12 5 13 10 6 13 12 7 13 10 8 13 8 0 14 11 1 14 10 5 14 10 6 14 12 7 14 12 8 14 10 0 15 9 1 15 11 5 15 12 6 15 10 7 15 12 8 15 13 0 16 10 1 16 11 5 16 6 6 16 10 7 16 9 8 16 12 0 17 12 1 17 16 5 17 9 6 17 9 7 17 10 8 17 10 0 18 9 1 18 12 5 18 12 6 18 8 7 18 9 8 18 15 0 19 11 1 19 6 5 19 10 6 19 12 7 19 9 8 19 7
39 140 6 6 2 1 14 14 4 14 12 5 14 11 8 14 13 0 16 10 6 16 12
40 146 10 1 10 2 10 12 2 11 10 2 12 6 2 13 9 2 14 9 2 15 7 2 16 6 2 17 10 2 18 11 2 19 7
41 149 6 3 4 1 11 10 0 12 13 1 12 11 8 13 13 0 16 13 8 16 13
42 155 20 2 10 5 10 9 9 10 11 5 11 8 9 11 11 5 12 7 9 12 9 5 13 13 9 13 9 5 14 16 9 14 9 5 15 10 9 15 7 5 16 9 9 16 10 5 17 9 9 17 12 5 18 12 9 18 11 5 19 9 9 19 8
43 156 24 6 7 0 11 10 5 11 8 7 11 12 8 11 10 9 11 9 9 12 9 0 13 11 5 13 13 7 13 11 9 13 11 0 14 7 3 14 11 5 14 11 7 14 11 8 14 12 9 14 11 0 17 9 3 17 10 7 17 11 8 17 8 3 18 14 3 19 7 5 19 10 8 19 7
44 159 50 5 10 0 10 9 4 10 9 6 10 12 7 10 9 9 10 10 0 11 9 4 11 11 6 11 4 7 11 8 9 11 12 0 12 9 4 12 9 6 12 9 7 12 8 9 12 6 0 13 9 4 13 9 6 13 9 7 13 11 9 13 12 0 14 12 4 14 7 6 14 11 7 14 7 9 14 9 0 15 13 4 15 12 6 15 8 7 15 5 9 15 9 0 16 12 4 16 8 6 16 10 7 16 11 9 16 10 0 17 12 4 17 12 6 17 10 7 17 10 9 17 10 0 18 11 4 18 12 6 18 12 7 18 11 9 18 9 0 19 13 4 19 12 6 19 9 7 19 14 9 19 13
45 160 60 6 10 1 10 8 2 10 10 4 10 10 7 10 9 8 10 6 9 10 14 1 11 11 2 11 12 4 11 12 7 11 11 8 11 10 9 11 13 1 12 9 2 12 12 4 12 7 7 12 11 8 12 12 9 12 9 1 13 10 2 13 11 4 13 11 7 13 10 8 13 14 9 13 16 1 14 12 2 14 7 4 14 7 7 14 10 8 14 11 9 14 9 1 15 10 2 15 11 4 15 9 7 15 14 8 15 11 9 15 3 1 16 9 2 16 13 4 16 12 7 16 12 8 16 9 9 16 10 1 17 12 2 17 8 4 17 11 7 17 10 8 17 12 9 17 12 1 18 11 2 18 10 4 18 10 7 18 8 8 18 7 9 18 10 1 19 13 2 19 9 4 19 11 7 19 12 8 19 10 9 19 10
46 161 2 2 1 0 17 8 5 17 9
47 163 2 2 1 4 10 13 7 10 10
48 166 12 6 3 1 11 11 2 11 9 3 11 12 4 11 12 1 12 11 2 12 10 3 12 10 5 12 10 8 12 7 4 19 10 5 19 11 8 19 14
49 167 4 4 1 0 14 9 2 14 10 8 14 14 9 14 6
