20 50
0 0 4 4 1 2 15 9 3 15 10 5 15 9 7 15 9
1 2 1 1 1 2 14 11
2 4 20 2 10 5 10 11 9 10 12 5 11 9 9 11 13 5 12 11 9 12 10 5 13 9 9 13 10 5 14 12 9 14 12 5 15 13 9 15 17 5 16 7 9 16 14 5 17 9 9 17 13 5 18 13 9 18 11 5 19 12 9 19 9
3 8 60 6 10 2 10 12 4 10 13 5 10 12 6 10 9 7 10 11 9 10 10 2 11 9 4 11 10 5 11 14 6 11 12 7 11 12 9 11 14 2 12 8 4 12 6 5 12 10 6 12 10 7 12 10 9 12 10 2 13 7 4 13 10 5 13 13 6 13 14 7 13 10 9 13 11 2 14 10 4 14 13 5 14 12 6 14 11 7 14 12 9 14 10 2 15 11 4 15 12 5 15 11 6 15 8 7 15 14 9 15 10 2 16 11 4 16 8 5 16 14 6 16 15 7 16 13 9 16 12 2 17 10 4 17 11 5 17 11 6 17 10 7 17 15 9 17 10 2 18 9 4 18 10 5 18 9 6 18 11 7 18 7 9 18 12 2 19 12 4 19 12 5 19 7 6 19 8 7 19 11 9 19 10
4 10 12 6 5 0 11 14 2 11 12 5 11 9 3 12 10 0 13 14 2 13 12 6 13 11 9 13 12 5 14 12 6 14 8 9 14 12 3 15 10
5 11 10 1 10 0 10 12 0 11 12 0 12 11 0 13 8 0 14 12 0 15 11 0 16 11 0 17 7 0 18 15 0 19 12
6 13 3 3 1 3 18 11 5 18 14 6 18 11
7 14 2 2 2 1 13 7 6 16 11
8 17 3 3 1 0 16 7 5 16 12 9 16 9
9 20 2 2 2 6 12 8 9 19 13
10 24 3 3 1 1 19 9 4 19 10 9 19 11
11 27 60 6 10 0 10 12 1 10 11 2 10 10 5 10 11 7 10 15 9 10 10 0 11 10 1 11 9 2 11 8 5 11 10 7 11 11 9 11 9 0 12 11 1 12 9 2 12 11 5 12 9 7 12 10 9 12 9 0 13 7 1 13 10 2 13 12 5 13 10 7 13 9 9 13 10 0 14 10 1 14 10 2 14 9 5 14 12 7 14 12 9 14 13 0 15 11 1 15 7 2 15 12 5 15 10 7 15 13 9 15 9 0 16 9 1 16 8 2 16 9 5 16 12 7 16 7 9 16 10 0 17 9 1 17 15 2 17 9 5 17 9 7 17 12 9 17 12 0 18 11 1 18 12 2 18 13 5 18 8 7 18 8 9 18 11 0 19 10 1 19 13 2 19 9 5 19 13 7 19 9 9 19 6
12 28 1 1 1 5 18 11
13 42 10 1 10 2 10 5 2 11 10 2 12 8 2 13 11 2 14 7 2 15 12 2 16 12 2 17 11 2 18 15 2 19 9
14 43 60 6 10 1 10 12 2 10 12 3 10 15 6 10 9 8 10 7 9 10 9 1 11 9 2 11 10 3 11 8 6 11 8 8 11 11 9 11 9 1 12 10 2 12 9 3 12 8 6 12 6 8 12 12 9 12 10 1 13 10 2 13 13 3 13 10 6 13 8 8 13 12 9 13 10 1 14 5 2 14 13 3 14 10 6 14 13 8 14 11 9 14 12 1 15 6 2 15 8 3 15 6 6 15 9 8 15 10 9 15 9 1 16 11 2 16 10 3 16 12 6 16 12 8 16 13 9 16 17 1 17 14 2 17 9 3 17 8 6 17 11 8 17 7 9 17 9 1 18 9 2 18 9 3 18 12 6 18 11 8 18 12 9 18 12 1 19 9 2 19 12 3 19 14 6 19 12 8 19 10 9 19 12
15 45 12 6 4 8 10 10 1 11 13 2 11 11 2 14 10 5 14 11 6 14 12 8 14 11 9 14 10 1 18 12 5 18 11 6 18 10 9 18 11
16 46 15 5 5 1 10 7 2 10 7 3 10 12 8 10 8 1 15 11 2 15 9 7 15 9 2 17 9 3 17 8 7 17 11 8 17 8 3 18 11 1 19 12 7 19 11 8 19 9
17 47 40 4 10 1 10 9 3 10 11 4 10 10 6 10 14 1 11 12 3 11 11 4 11 8 6 11 11 1 12 12 3 12 12 4 12 13 6 12 8 1 13 11 3 13 9 4 13 9 6 13 11 1 14 14 3 14 8 4 14 8 6 14 11 1 15 10 3 15 10 4 15 11 6 15 11 1 16 9 3 16 12 4 16 13 6 16 11 1 17 11 3 17 10 4 17 10 6 17 11 1 18 9 3 18 14 4 18 6 6 18 11 1 19 8 3 19 10 4 19 9 6 19 11
18 52 12 4 5 4 13 10 0 15 13 5 15 10 6 15 10 0 16 10 4 16 10 5 16 11 0 17 12 4 17 12 6 17 9 5 18 13 6 18 11
19 57 1 1 1 1 11 11
20 59 12 6 4 2 11 14 9 11 9 1 12 11 3 12 8 8 12 11 9 12 9 1 13 12 7 13 12 2 19 9 3 19 9 7 19 13 8 19 13
21 67 1 1 1 5 18 15
22 68 1 1 1 0 17 8
23 71 8 4 3 4 13 10 6 14 11 7 14 10 8 14 10 4 19 7 6 19 8 7 19 6 8 19 10
24 80 12 6 4 0 14 9 5 14 12 3 16 10 5 16 13 6 16 10 8 16 10 2 17 11 3 17 11 0 18 12 2 18 10 6 18 9 8 18 10
25 86 1 1 1 1 12 12
26 89 2 2 1 6 19 9 8 19 9
27 90 12 6 3 5 10 11 7 10 9 0 12 9 2 12 10 3 12 12 5 12 8 6 12 10 7 12 7 0 16 11 2 16 9 3 16 13 6 16 7
28 91 20 2 10 7 10 6 9 10 9 7 11 11 9 11 12 7 12 11 9 12 10 7 13 9 9 13 12 7 14 9 9 14 9 7 15 7 9 15 12 7 16 9 9 16 10 7 17 11 9 17 11 7 18 10 9 18 8 7 19 11 9 19 10
29 95 24 6 7 4 12 12 5 12 10 7 12 10 8 12 13 9 12 11 3 13 10 5 13 13 7 13 11 8 13 7 3 14 11 4 14 8 8 14 11 9 14 11 7 15 12 5 16 9 7 16 12 9 16 10 3 17 7 4 17 10 5 17 10 3 19 10 4 19 14 8 19 12 9 19 10
30 101 6 6 1 1 13 10 3 13 14 5 13 10 6 13 9 8 13 10 9 13 14
31 107 2 2 1 0 11 12 1 11 8
32 114 18 6 5 1 13 12 3 13 12 7 13 11 8 13 12 9 13 11 3 14 9 6 14 11 8 14 8 6 16 8 7 16 13 9 16 9 1 17 11 3 17 13 6 17 8 8 17 11 1 19 15 7 19 15 9 19 13
33 120 18 6 6 2 11 9 8 11 12 0 12 12 2 12 10 7 12 11 9 12 12 2 13 9 9 13 13 0 15 9 6 15 7 7 15 8 8 15 12 6 16 9 8 16 12 0 17 8 6 17 8 7 17 10 9 17 8
34 125 3 3 1 4 16 5 6 16 10 9 16 12
35 127 18 6 5 0 10 12 8 10 7 2 13 5 6 13 6 3 15 10 7 15 11 0 17 9 2 17 10 3 17 11 6 17 12 7 17 8 8 17 13 0 19 9 2 19 10 3 19 10 6 19 11 7 19 12 8 19 9
36 132 1 1 1 9 10 12
37 135 60 6 10 2 10 10 3 10 4 4 10 7 7 10 11 8 10 14 9 10 10 2 11 11 3 11 8 4 11 12 7 11 11 8 11 9 9 11 10 2 12 11 3 12 14 4 12 13 7 12 11 8 12 12 9 12 13 2 13 10 3 13 13 4 13 11 7 13 13 8 13 15 9 13 11 2 14 8 3 14 13 4 14 12 7 14 12 8 14 11 9 14 10 2 15 13 3 15 11 4 15 5 7 15 12 8 15 11 9 15 8 2 16 11 3 16 8 4 16 10 7 16 10 8 16 11 9 16 7 2 17 9 3 17 11 4 17 9 7 17 9 8 17 10 9 17 11 2 18 5 3 18 12 4 18 10 7 18 12 8 18 13 9 18 10 2 19 11 3 19 13 4 19 9 7 19 11 8 19 11 9 19 9
38 137 2 2 1 2 11 11 7 11 11
39 140 12 6 4 1 12 9 2 12 11 3 12 9 8 12 10 0 14 14 7 14 12 1 17 15 0 18 12 2 18 10 3 18 13 7 18 10 8 18 7
40 146 3 3 1 6 16 8 7 16 12 9 16 12
41 149 12 6 4 0 10 11 3 10 13 7 10 12 9 10 10 3 11 10 6 11 11 0 14 12 4 14 13 6 14 14 7 14 11 9 14 10 4 19 14
42 155 3 3 2 4 11 7 7 11 11 9 17 10
43 156 24 6 7 0 10 10 5 10 9 8 10 10 9 10 12 0 11 11 2 11 13 2 12 12 3 12 14 5 12 8 8 12 8 0 15 8 2 15 5 3 15 11 5 15 9 0 16 7 2 16 10 3 16 11 9 16 12 8 18 10 9 18 9 3 19 12 5 19 14 8 19 7 9 19 9
44 159 18 6 6 0 10 8 1 10 7 4 10 9 0 11 10 1 13 10 2 13 9 8 13 11 1 14 11 2 14 10 5 14 11 0 17 10 2 17 14 4 17 12 5 17 11 8 17 10 4 18 8 5 18 15 8 18 11
45 160 2 2 2 5 15 10 3 18 10
46 161 6 6 2 4 13 9 9 13 12 1 18 9 3 18 9 7 18 10 8 18 12
47 163 8 4 3 4 10 8 6 10 8 9 10 8 4 14 10 7 14 13 9 14 8 6 15 11 7 15 9
48 166 6 6 1 0 13 9 1 13 10 2 13 13 5 13 12 7 13 6 8 13 12
49 167 10 5 4 7 11 10 9 11 14 1 12 10 3 12 13 7 12 11 0 14 10 1 14 11 9 14 9 0 16 10 3 16 11
