20 50
0 0 18 6 6 4 12 7 5 12 8 6 12 9 8 12 9 1 13 8 3 13 10 6 13 13 4 14 11 3 15 8 5 15 10 1 16 8 3 16 12 4 16 12 5 16 9 6 16 11 8 16 10 1 19 9 8 19 12
1 2 24 6 7 0 10 12 1 10 10 6 10 11 9 10 11 0 12 8 1 12 9 6 12 11 0 14 10 1 14 16 8 14 10 9 14 11 1 15 9 3 15 11 8 15 10 9 15 11 0 16 9 3 16 10 3 18 10 6 18 12 8 18 10 3 19 11 6 19 10 8 19 9 9 19 7
2 4 2 2 1 2 14 11 4 14 13
3 8 30 3 10 2 10 7 3 10 9 6 10 11 2 11 8 3 11 12 6 11 10 2 12 9 3 12 10 6 12 9 2 13 11 3 13 10 6 13 11 2 14 9 3 14 6 6 14 13 2 15 13 3 15 12 6 15 9 2 16 9 3 16 12 6 16 11 2 17 7 3 17 9 6 17 7 2 18 11 3 18 11 6 18 12 2 19 13 3 19 8 6 19 11
4 10 30 3 10 1 10 15 2 10 10 6 10 13 1 11 8 2 11 11 6 11 13 1 12 12 2 12 11 6 12 6 1 13 10 2 13 11 6 13 8 1 14 12 2 14 10 6 14 11 1 15 9 2 15 10 6 15 9 1 16 12 2 16 14 6 16 12 1 17 9 2 17 13 6 17 12 1 18 12 2 18 13 6 18 12 1 19 7 2 19 7 6 19 14
5 11 12 6 4 0 11 13 4 11 10 2 14 12 3 14 12 4 14 9 6 14 14 0 16 10 3 16 11 6 16 9 7 16 15 2 17 10 7 17 15
6 13 12 6 3 0 11 10 1 11 9 3 11 13 7 11 13 0 13 8 1 13 12 2 13 11 3 13 9 4 13 9 2 18 9 4 18 9 7 18 10
7 14 4 4 2 0 11 10 7 11 9 1 15 9 8 15 11
8 17 10 1 10 0 10 10 0 11 10 0 12 9 0 13 9 0 14 13 0 15 10 0 16 8 0 17 12 0 18 10 0 19 10
9 20 1 1 1 6 19 11
10 24 6 6 1 0 10 15 1 10 8 3 10 10 4 10 11 5 10 14 7 10 7
11 27 20 2 10 3 10 8 7 10 11 3 11 12 7 11 9 3 12 10 7 12 10 3 13 13 7 13 10 3 14 12 7 14 13 3 15 11 7 15 14 3 16 9 7 16 7 3 17 11 7 17 12 3 18 11 7 18 11 3 19 12 7 19 16
12 28 6 6 2 1 11 13 3 11 9 6 11 7 4 17 11 7 17 12 8 17 9
13 42 18 6 6 1 10 12 2 10 13 5 10 15 7 10 10 8 10 11 5 11 11 9 11 9 7 12 11 8 12 10 9 12 8 2 14 11 1 16 9 7 16 7 1 19 10 2 19 10 5 19 10 8 19 11 9 19 11
14 43 40 4 10 0 10 9 1 10 11 2 10 10 5 10 10 0 11 11 1 11 14 2 11 8 5 11 12 0 12 10 1 12 5 2 12 8 5 12 9 0 13 7 1 13 11 2 13 11 5 13 10 0 14 12 1 14 11 2 14 11 5 14 13 0 15 11 1 15 15 2 15 12 5 15 10 0 16 14 1 16 13 2 16 9 5 16 11 0 17 14 1 17 11 2 17 10 5 17 10 0 18 9 1 18 10 2 18 9 5 18 12 0 19 13 1 19 12 2 19 11 5 19 13
15 45 5 5 2 1 10 10 8 10 8 2 16 10 5 16 8 6 16 6
16 46 3 3 1 0 11 13 1 11 12 2 11 10
17 47 12 6 4 2 11 8 6 11 13 2 15 6 5 15 8 7 15 7 8 15 10 9 15 15 6 16 15 7 16 8 9 16 12 5 17 12 8 17 10
18 52 3 3 1 5 16 10 7 16 13 8 16 8
19 57 12 4 4 3 12 12 5 12 11 3 17 8 4 17 11 5 17 9 7 17 13 4 18 11 5 18 12 7 18 11 3 19 9 4 19 11 7 19 10
20 59 1 1 1 0 18 12
21 67 1 1 1 5 17 13
22 68 2 2 1 0 16 9 7 16 10
23 71 4 4 1 3 14 11 5 14 7 6 14 15 9 14 13
24 80 18 6 5 1 10 12 5 10 8 8 10 8 5 12 10 7 12 12 0 13 12 1 13 10 4 13 12 8 13 8 0 15 8 4 15 10 7 15 12 0 19 11 1 19 9 4 19 7 5 19 7 7 19 8 8 19 12
25 86 12 6 4 2 11 11 4 11 12 8 11 11 9 11 8 2 13 8 5 13 13 8 13 12 9 13 8 1 17 9 1 18 9 4 18 10 5 18 11
26 89 18 3 8 8 10 13 1 11 15 6 11 12 8 11 10 1 12 10 6 12 12 1 13 12 1 16 9 6 16 10 8 16 8 1 17 11 6 17 12 8 17 11 6 18 11 8 18 10 1 19 12 6 19 9 8 19 10
27 90 10 1 10 2 10 11 2 11 14 2 12 13 2 13 7 2 14 13 2 15 12 2 16 10 2 17 11 2 18 9 2 19 8
28 91 4 4 1 2 14 12 5 14 12 6 14 11 7 14 11
29 95 1 1 1 3 18 12
30 101 4 4 1 0 18 11 1 18 12 5 18 9 7 18 11
31 107 6 6 2 1 16 9 5 16 13 8 16 8 0 19 10 3 19 9 4 19 10
32 114 1 1 1 6 16 10
33 120 4 4 1 2 13 11 6 13 10 7 13 11 8 13 14
34 125 4 2 2 1 10 10 5 10 11 1 19 12 5 19 12
35 127 1 1 1 8 13 13
36 132 18 6 5 1 10 11 1 11 13 2 11 12 3 11 11 6 11 7 8 11 11 3 13 5 4 13 11 6 13 12 8 13 10 2 16 12 4 16 8 1 17 9 2 17 14 3 17 10 4 17 12 6 17 9 8 17 11
37 135 2 2 1 1 10 11 5 10 9
38 137 18 6 6 2 10 13 6 10 9 9 10 9 0 14 13 2 14 12 8 14 10 9 14 14 5 15 9 6 15 10 0 17 9 6 17 10 8 17 13 5 18 10 8 18 10 9 18 8 0 19 12 2 19 12 5 19 11
39 140 4 4 1 2 10 12 4 10 9 5 10 7 6 10 7
40 146 24 6 7 3 10 6 4 10 10 5 10 9 6 10 11 9 10 11 4 13 13 6 13 13 7 13 9 3 15 7 6 15 10 5 16 9 7 16 11 9 16 11 3 17 11 4 17 14 5 17 10 9 17 9 3 18 9 5 18 11 7 18 12 4 19 13 6 19 10 7 19 13 9 19 6
41 149 2 2 2 6 13 10 7 16 9
42 155 6 6 2 0 16 8 7 16 11 9 16 12 1 19 13 2 19 10 4 19 10
43 156 4 4 1 0 19 7 1 19 9 3 19 12 7 19 11
44 159 1 1 1 4 18 11
45 160 6 6 2 2 11 10 6 11 9 0 15 12 1 15 10 4 15 8 5 15 10
46 161 3 3 2 9 11 11 2 18 10 8 18 10
47 163 3 3 1 1 10 9 2 10 10 8 10 11
48 166 1 1 1 4 12 11
49 167 2 2 1 6 16 15 7 16 9
