20 50
0 0 12 6 4 5 13 8 0 16 13 1 16 11 8 16 11 9 16 8 0 17 9 1 17 8 3 17 9 8 17 10 3 19 13 5 19 11 9 19 13
1 2 2 2 1 0 12 13 2 12 13
2 4 6 6 2 3 12 7 5 12 12 8 12 13 0 14 10 1 14 11 4 14 9
3 8 20 2 10 0 10 10 7 10 10 0 11 10 7 11 10 0 12 11 7 12 12 0 13 11 7 13 7 0 14 11 7 14 10 0 15 10 7 15 8 0 16 14 7 16 10 0 17 10 7 17 13 0 18 13 7 18 9 0 19 10 7 19 9
4 10 1 1 1 0 18 10
5 11 2 2 1 2 16 9 4 16 12
6 13 12 6 4 0 11 9 2 11 13 8 11 10 0 15 10 4 15 10 5 15 12 7 15 10 2 16 11 5 16 8 7 16 12 8 16 10 4 18 9
7 14 24 6 7 2 10 10 3 10 13 0 11 11 1 11 7 3 11 12 6 11 9 8 11 16 0 13 9 2 13 8 3 13 14 6 13 7 8 13 15 1 14 13 2 14 12 0 15 11 6 15 12 0 16 13 1 16 7 3 16 11 6 16 11 8 16 12 1 17 15 2 17 11 8 17 10
8 17 6 6 1 3 14 14 5 14 13 6 14 12 7 14 15 8 14 13 9 14 10
9 20 2 2 1 2 10 11 6 10 11
10 24 6 3 3 1 10 11 5 10 13 6 10 15 1 11 8 6 11 8 5 16 8
11 27 18 6 5 2 12 10 3 12 10 9 12 11 2 14 11 4 14 9 7 14 14 9 14 10 0 17 8 4 17 12 7 17 10 9 17 13 0 18 12 2 18 10 3 18 11 4 18 11 7 18 9 0 19 10 3 19 10
12 28 6 3 3 3 10 15 5 10 9 6 10 11 3 12 12 6 12 6 5 14 13
13 42 1 1 1 4 16 11
14 43 8 4 4 7 13 11 1 14 10 5 14 11 7 14 11 0 16 11 0 19 13 1 19 9 5 19 8
15 45 2 2 1 1 14 11 2 14 12
16 46 2 2 1 1 16 12 9 16 11
17 47 24 6 7 0 10 12 4 10 12 6 10 10 7 10 10 2 11 12 8 11 15 0 12 8 7 12 12 8 12 9 0 14 9 2 14 10 4 14 8 7 14 10 8 14 11 2 17 10 4 17 10 6 17 11 8 17 9 2 18 11 4 18 11 6 18 13 7 18 12 0 19 8 6 19 15
18 52 3 3 1 1 18 8 4 18 10 8 18 12
19 57 6 6 1 1 11 14 2 11 11 3 11 10 4 11 7 6 11 11 8 11 11
20 59 1 1 1 0 12 14
21 67 24 6 7 4 11 10 6 11 9 7 11 12 3 12 12 6 12 8 3 13 10 4 13 9 7 13 11 8 13 11 2 14 13 3 14 9 6 14 9 7 14 12 8 14 11 2 15 10 4 15 10 7 15 10 8 15 7 2 16 13 8 16 9 2 18 9 3 18 13 4 18 9 6 18 12
22 68 18 6 5 2 11 8 5 11 12 6 11 9 8 11 12 2 12 8 4 12 13 5 12 10 6 12 11 7 12 11 4 13 13 5 13 10 6 13 11 7 13 9 8 13 13 4 14 9 7 14 11 2 19 9 8 19 7
23 71 40 4 10 2 10 14 6 10 12 7 10 7 8 10 8 2 11 7 6 11 7 7 11 9 8 11 12 2 12 9 6 12 6 7 12 10 8 12 7 2 13 10 6 13 11 7 13 11 8 13 11 2 14 10 6 14 11 7 14 5 8 14 13 2 15 16 6 15 9 7 15 8 8 15 10 2 16 12 6 16 12 7 16 11 8 16 11 2 17 5 6 17 9 7 17 11 8 17 8 2 18 8 6 18 11 7 18 11 8 18 11 2 19 17 6 19 14 7 19 7 8 19 11
24 80 12 6 4 0 12 11 6 12 8 7 12 10 9 12 10 0 14 15 4 14 13 7 14 9 8 14 9 6 17 7 8 17 12 4 18 11 9 18 11
25 86 8 4 3 0 12 8 7 12 12 8 16 12 9 16 14 0 17 9 7 17 10 8 17 12 9 17 11
26 89 24 6 6 0 11 9 1 11 8 5 11 13 7 11 11 8 11 13 0 12 9 5 12 10 7 12 12 8 12 8 1 15 10 5 15 7 6 15 11 7 15 8 8 15 7 1 17 11 5 17 11 6 17 12 7 17 11 0 18 11 6 18 10 8 18 11 0 19 10 1 19 6 6 19 11
27 90 6 6 2 0 15 7 1 15 12 4 15 7 6 15 15 2 16 9 3 16 11
28 91 12 6 4 7 15 11 9 15 10 0 16 8 4 16 12 8 16 10 0 17 8 3 17 10 9 17 8 3 18 11 4 18 12 7 18 12 8 18 9
29 95 2 2 1 3 19 13 8 19 12
30 101 12 6 4 0 15 15 8 15 10 0 16 13 1 16 13 6 16 11 9 16 6 5 18 14 6 18 10 8 18 12 1 19 13 5 19 13 9 19 12
31 107 2 2 1 3 17 12 6 17 14
32 114 6 6 3 5 10 12 1 13 11 2 13 14 6 14 7 8 14 12 9 14 12
33 120 60 6 10 0 10 9 2 10 10 5 10 10 6 10 8 8 10 11 9 10 12 0 11 13 2 11 8 5 11 6 6 11 14 8 11 14 9 11 9 0 12 6 2 12 5 5 12 10 6 12 12 8 12 14 9 12 9 0 13 12 2 13 10 5 13 7 6 13 10 8 13 10 9 13 13 0 14 14 2 14 12 5 14 10 6 14 11 8 14 7 9 14 12 0 15 9 2 15 13 5 15 14 6 15 9 8 15 11 9 15 13 0 16 13 2 16 10 5 16 13 6 16 13 8 16 11 9 16 8 0 17 6 2 17 8 5 17 6 6 17 14 8 17 10 9 17 10 0 18 13 2 18 13 5 18 11 6 18 10 8 18 8 9 18 13 0 19 11 2 19 12 5 19 13 6 19 12 8 19 8 9 19 5
34 125 18 6 5 1 10 10 8 10 13 1 12 10 3 12 9 4 12 12 9 12 14 1 15 9 3 15 9 4 15 10 5 15 10 9 15 9 3 16 8 4 16 11 5 16 9 8 16 8 9 16 10 5 19 12 8 19 11
35 127 18 6 6 6 11 8 8 11 11 3 12 10 4 12 13 6 12 6 7 12 11 8 12 10 0 13 15 3 13 13 4 13 14 0 14 11 6 14 7 8 14 11 0 15 10 4 15 11 7 15 11 3 17 12 7 17 9
36 132 3 3 2 1 13 6 5 13 8 6 19 9
37 135 12 6 4 2 10 9 4 10 10 5 10 11 0 15 12 4 15 9 0 16 11 2 16 11 3 16 10 5 16 10 9 16 10 3 17 14 9 17 10
38 137 6 6 2 1 11 10 6 11 12 0 13 11 3 13 12 7 13 9 8 13 12
39 140 60 6 10 0 10 7 4 10 8 6 10 11 7 10 12 8 10 9 9 10 10 0 11 7 4 11 8 6 11 13 7 11 10 8 11 10 9 11 14 0 12 12 4 12 11 6 12 11 7 12 8 8 12 9 9 12 10 0 13 10 4 13 10 6 13 12 7 13 11 8 13 9 9 13 13 0 14 9 4 14 9 6 14 8 7 14 9 8 14 10 9 14 11 0 15 11 4 15 9 6 15 12 7 15 14 8 15 10 9 15 12 0 16 8 4 16 13 6 16 12 7 16 12 8 16 13 9 16 11 0 17 10 4 17 12 6 17 7 7 17 12 8 17 8 9 17 9 0 18 11 4 18 8 6 18 8 7 18 12 8 18 14 9 18 13 0 19 9 4 19 12 6 19 15 7 19 11 8 19 8 9 19 12
40 146 24 6 6 2 10 11 6 10 13 9 10 10 1 11 9 2 11 12 7 11 7 9 11 13 0 13 9 1 13 9 2 13 13 6 13 12 7 13 12 0 14 11 1 14 12 0 16 12 6 16 6 7 16 12 9 16 10 0 17 10 1 17 5 2 17 9 6 17 11 7 17 11 9 17 8
41 149 6 6 1 1 16 12 3 16 8 4 16 12 6 16 15 7 16 10 8 16 10
42 155 18 6 6 5 11 11 5 12 11 6 12 9 0 14 11 3 14 11 4 14 11 6 14 14 3 15 10 9 15 13 0 16 13 3 16 6 4 16 13 6 16 7 9 16 10 0 19 13 4 19 10 5 19 8 9 19 12
43 156 6 6 1 0 14 11 1 14 10 2 14 9 6 14 12 7 14 7 9 14 12
44 159 8 4 4 1 12 13 2 12 12 8 12 10 2 14 10 6 14 8 6 15 11 8 15 7 1 17 8
45 160 3 3 2 5 10 10 9 10 13 1 12 12
46 161 3 3 1 1 13 11 5 13 11 7 13 11
47 163 2 2 1 5 18 14 6 18 8
48 166 24 6 7 0 11 11 4 11 10 7 11 7 1 13 9 4 13 10 7 13 11 0 14 5 1 14 12 5 14 14 2 16 11 4 16 9 5 16 11 0 17 9 2 17 14 5 17 8 7 17 11 0 18 8 1 18 12 2 18 10 4 18 12 5 18 14 1 19 10 2 19 7 7 19 11
49 167 12 4 5 0 11 11 1 11 12 4 11 10 0 12 8 1 12 10 9 12 11 4 14 12 9 14 8 0 15 12 1 15 9 4 17 13 9 17 7
