20 50
0 0 2 2 1 5 16 9 7 16 12
1 2 3 3 1 1 14 8 3 14 10 5 14 6
2 4 12 6 4 1 11 12 7 11 7 9 11 7 0 14 12 3 14 11 0 15 9 1 15 7 3 15 9 7 15 9 8 15 9 8 18 12 9 18 10
3 8 12 6 4 6 10 10 7 10 13 0 11 11 3 11 10 8 11 11 0 14 13 3 14 10 4 14 8 7 14 9 4 15 15 6 15 15 8 15 13
4 10 18 6 5 0 12 11 4 12 10 6 12 10 7 12 11 9 12 15 0 13 11 2 13 11 4 13 9 6 13 8 2 15 10 4 15 14 7 16 7 9 16 14 0 19 9 2 19 11 6 19 8 7 19 10 9 19 14
5 11 18 6 6 3 11 11 6 11 10 7 11 11 1 12 6 6 12 9 7 12 8 9 12 11 0 13 9 1 13 10 3 13 13 6 15 12 7 15 11 9 15 13 0 16 12 3 16 10 0 19 10 1 19 12 9 19 15
6 13 24 6 7 2 10 11 9 10 14 0 12 9 2 12 8 4 12 9 0 13 10 1 13 11 8 13 13 9 13 8 0 15 9 1 15 9 4 15 9 8 15 8 9 15 7 2 17 9 8 17 9 0 18 14 1 18 11 4 18 10 9 18 6 1 19 11 2 19 12 4 19 10 8 19 12
7 14 60 6 10 2 10 11 3 10 11 4 10 11 5 10 10 7 10 12 9 10 12 2 11 10 3 11 12 4 11 12 5 11 9 7 11 13 9 11 11 2 12 12 3 12 8 4 12 14 5 12 10 7 12 13 9 12 9 2 13 10 3 13 12 4 13 10 5 13 10 7 13 8 9 13 9 2 14 10 3 14 13 4 14 12 5 14 10 7 14 8 9 14 11 2 15 14 3 15 9 4 15 8 5 15 12 7 15 9 9 15 7 2 16 11 3 16 12 4 16 13 5 16 12 7 16 12 9 16 12 2 17 10 3 17 14 4 17 13 5 17 13 7 17 9 9 17 6 2 18 14 3 18 9 4 18 13 5 18 13 7 18 11 9 18 13 2 19 10 3 19 9 4 19 12 5 19 14 7 19 8 9 19 13
8 17 6 6 2 0 15 8 3 15 11 6 15 9 9 15 13 2 19 12 7 19 12
9 20 1 1 1 6 16 11
10 24 4 4 1 0 18 10 3 18 9 5 18 10 8 18 10
11 27 2 2 1 0 15 10 5 15 10
12 28 2 2 1 1 16 9 6 16 8
13 42 3 3 1 0 18 11 2 18 16 3 18 10
14 43 6 6 1 4 16 9 5 16 12 6 16 9 7 16 11 8 16 10 9 16 11
15 45 1 1 1 1 14 13
16 46 2 2 1 8 12 10 9 12 11
17 47 2 2 1 0 17 12 9 17 7
18 52 5 5 1 2 12 8 3 12 12 5 12 10 7 12 12 9 12 12
19 57 8 4 3 5 14 9 9 14 10 0 16 12 8 16 13 9 16 9 0 17 13 5 17 13 8 17 9
20 59 12 6 3 0 10 7 3 10 11 7 10 9 0 11 11 2 11 9 4 11 9 6 11 11 2 13 14 3 13 9 4 13 7 6 13 10 7 13 11
21 67 18 6 5 1 12 10 2 12 11 4 12 13 5 12 10 7 12 12 9 12 11 4 13 12 7 13 11 9 13 11 1 15 13 4 15 9 7 15 12 9 15 11 2 16 8 5 16 11 1 18 11 2 18 9 5 18 12
22 68 6 6 1 0 17 7 1 17 8 2 17 14 3 17 11 4 17 13 9 17 11
23 71 6 6 1 4 13 10 5 13 9 6 13 11 7 13 9 8 13 10 9 13 9
24 80 1 1 1 0 14 15
25 86 6 6 1 0 14 12 1 14 13 3 14 13 5 14 11 8 14 8 9 14 12
26 89 60 6 10 0 10 15 1 10 11 3 10 12 6 10 11 7 10 10 8 10 13 0 11 7 1 11 11 3 11 11 6 11 12 7 11 15 8 11 10 0 12 8 1 12 8 3 12 9 6 12 9 7 12 14 8 12 9 0 13 9 1 13 12 3 13 13 6 13 11 7 13 13 8 13 11 0 14 7 1 14 9 3 14 14 6 14 15 7 14 13 8 14 9 0 15 16 1 15 13 3 15 8 6 15 12 7 15 6 8 15 9 0 16 12 1 16 12 3 16 11 6 16 12 7 16 13 8 16 9 0 17 13 1 17 6 3 17 9 6 17 6 7 17 9 8 17 11 0 18 10 1 18 8 3 18 11 6 18 12 7 18 9 8 18 12 0 19 11 1 19 11 3 19 10 6 19 8 7 19 8 8 19 13
27 90 10 1 10 4 10 11 4 11 10 4 12 10 4 13 10 4 14 11 4 15 11 4 16 12 4 17 7 4 18 10 4 19 10
28 91 6 6 1 0 12 11 1 12 9 2 12 11 3 12 11 4 12 12 5 12 12
29 95 12 6 3 3 11 9 4 11 7 9 11 10 1 14 11 2 14 11 4 14 13 8 14 8 1 16 11 2 16 13 3 16 11 8 16 12 9 16 9
30 101 18 6 5 0 10 12 4 10 14 6 10 9 7 10 9 0 11 9 5 11 12 7 11 6 1 14 11 6 14 10 1 17 10 4 17 10 5 17 9 6 17 10 0 18 11 1 18 13 4 18 12 5 18 10 7 18 9
31 107 20 4 8 6 10 10 8 10 10 2 11 14 6 11 10 8 11 11 2 12 12 6 12 10 2 14 9 3 14 9 8 14 6 2 15 9 3 15 12 6 15 14 2 17 9 3 17 13 6 17 10 3 18 9 8 18 10 3 19 11 8 19 9
32 114 2 2 1 1 12 10 5 12 6
33 120 6 6 1 0 16 13 3 16 11 4 16 8 6 16 10 8 16 10 9 16 10
34 125 60 6 10 0 10 14 1 10 9 3 10 11 4 10 13 6 10 8 9 10 10 0 11 10 1 11 11 3 11 13 4 11 8 6 11 9 9 11 12 0 12 15 1 12 12 3 12 12 4 12 14 6 12 12 9 12 13 0 13 11 1 13 9 3 13 12 4 13 10 6 13 11 9 13 9 0 14 7 1 14 7 3 14 12 4 14 9 6 14 14 9 14 13 0 15 11 1 15 12 3 15 10 4 15 11 6 15 10 9 15 10 0 16 10 1 16 7 3 16 13 4 16 9 6 16 13 9 16 8 0 17 10 1 17 9 3 17 11 4 17 7 6 17 6 9 17 11 0 18 11 1 18 9 3 18 11 4 18 11 6 18 9 9 18 10 0 19 13 1 19 10 3 19 13 4 19 14 6 19 12 9 19 12
35 127 24 6 7 5 10 10 7 10 10 8 10 10 1 11 11 3 11 12 4 12 11 5 12 11 7 12 10 1 13 11 3 13 8 4 13 13 8 13 11 1 14 13 4 14 11 5 14 8 7 14 11 8 14 11 1 16 13 3 16 10 4 16 11 8 16 10 3 19 11 5 19 7 7 19 15
36 132 3 3 1 1 15 8 6 15 6 9 15 12
37 135 3 3 2 5 10 7 0 11 10 6 11 13
38 137 1 1 1 5 16 9
39 140 2 2 1 1 14 10 4 14 10
40 146 60 6 10 1 10 9 4 10 13 5 10 7 7 10 9 8 10 9 9 10 13 1 11 11 4 11 9 5 11 7 7 11 12 8 11 10 9 11 11 1 12 14 4 12 6 5 12 8 7 12 7 8 12 10 9 12 9 1 13 8 4 13 12 5 13 15 7 13 9 8 13 14 9 13 12 1 14 9 4 14 10 5 14 11 7 14 11 8 14 9 9 14 11 1 15 11 4 15 12 5 15 11 7 15 15 8 15 8 9 15 9 1 16 9 4 16 10 5 16 14 7 16 8 8 16 9 9 16 8 1 17 9 4 17 10 5 17 7 7 17 9 8 17 12 9 17 12 1 18 10 4 18 6 5 18 12 7 18 10 8 18 10 9 18 10 1 19 10 4 19 13 5 19 12 7 19 5 8 19 8 9 19 12
41 149 6 6 3 0 11 16 2 11 15 6 12 11 8 12 9 9 12 12 1 14 12
42 155 6 6 2 0 16 12 2 16 11 8 16 11 1 19 8 3 19 12 4 19 13
43 156 6 6 1 0 16 8 1 16 8 2 16 12 5 16 11 8 16 7 9 16 10
44 159 6 6 1 0 19 12 2 19 11 4 19 10 5 19 14 8 19 12 9 19 9
45 160 1 1 1 8 16 13
46 161 1 1 1 4 12 12
47 163 5 5 2 2 12 11 3 12 12 8 12 10 1 19 11 9 19 11
48 166 60 6 10 0 10 12 1 10 13 2 10 9 3 10 10 5 10 13 9 10 13 0 11 8 1 11 11 2 11 9 3 11 13 5 11 9 9 11 9 0 12 10 1 12 11 2 12 12 3 12 9 5 12 11 9 12 9 0 13 8 1 13 12 2 13 6 3 13 11 5 13 9 9 13 12 0 14 8 1 14 6 2 14 11 3 14 7 5 14 9 9 14 11 0 15 10 1 15 9 2 15 12 3 15 9 5 15 14 9 15 15 0 16 10 1 16 10 2 16 15 3 16 14 5 16 6 9 16 13 0 17 11 1 17 9 2 17 10 3 17 10 5 17 9 9 17 10 0 18 8 1 18 9 2 18 9 3 18 9 5 18 7 9 18 8 0 19 12 1 19 9 2 19 9 3 19 10 5 19 10 9 19 9
49 167 2 2 2 1 11 10 0 16 12
