20 50
0 0 1 1 1 1 10 14
1 2 16 4 6 0 10 12 2 10 13 2 11 13 5 11 11 9 11 13 0 12 15 2 12 13 5 12 8 9 12 12 0 14 10 2 14 9 5 14 13 9 14 8 0 17 11 9 17 10 5 19 10
2 4 18 6 5 1 10 9 3 10 13 4 10 11 1 11 9 3 11 10 4 11 16 9 11 8 0 13 11 3 13 13 4 13 10 8 13 11 9 13 9 0 14 12 1 14 12 8 14 9 0 16 12 8 16 11 9 16 11
3 8 6 6 3 2 11 9 3 11 11 6 11 9 4 17 7 8 17 13 9 19 10
4 10 10 1 10 6 10 10 6 11 12 6 12 13 6 13 10 6 14 11 6 15 13 6 16 12 6 17 14 6 18 11 6 19 10
5 11 3 3 1 1 10 14 3 10 6 7 10 10
6 13 6 6 1 0 16 9 1 16 10 3 16 12 5 16 12 8 16 10 9 16 12
7 14 6 3 3 2 12 15 6 12 9 2 15 10 7 15 11 6 17 11 7 17 11
8 17 12 6 5 3 12 11 5 12 13 7 12 9 6 13 12 9 13 10 0 15 10 3 15 8 6 15 11 5 17 11 9 17 10 0 18 9 7 18 10
9 20 6 6 2 2 12 10 4 12 10 6 12 12 3 19 10 5 19 11 8 19 10
10 24 4 4 2 4 17 9 6 17 8 7 18 11 8 18 8
11 27 18 6 5 0 12 11 1 12 10 2 12 8 5 12 15 6 12 13 8 12 12 1 15 7 2 15 8 5 15 12 0 16 8 1 16 13 8 16 13 5 18 14 6 18 8 8 18 12 0 19 9 2 19 8 6 19 13
12 28 30 3 10 2 10 11 3 10 11 6 10 7 2 11 11 3 11 9 6 11 13 2 12 11 3 12 13 6 12 10 2 13 15 3 13 5 6 13 6 2 14 10 3 14 10 6 14 14 2 15 9 3 15 6 6 15 10 2 16 9 3 16 9 6 16 11 2 17 10 3 17 12 6 17 10 2 18 10 3 18 10 6 18 11 2 19 10 3 19 12 6 19 9
13 42 4 2 2 0 14 9 3 14 9 0 16 10 3 16 9
14 43 6 6 1 1 17 9 3 17 12 4 17 8 5 17 9 6 17 9 8 17 8
15 45 6 6 1 1 12 9 2 12 14 4 12 9 6 12 12 7 12 11 8 12 11
16 46 18 6 6 0 10 11 2 10 15 3 10 8 7 10 9 0 11 12 3 11 11 7 11 11 9 11 11 2 12 13 3 12 7 4 12 10 9 12 9 0 13 11 2 13 11 7 13 10 4 14 11 4 19 8 9 19 10
17 47 20 2 10 5 10 9 8 10 7 5 11 11 8 11 11 5 12 9 8 12 12 5 13 10 8 13 12 5 14 10 8 14 13 5 15 12 8 15 14 5 16 9 8 16 9 5 17 12 8 17 12 5 18 11 8 18 11 5 19 11 8 19 9
18 52 30 3 10 1 10 12 7 10 12 8 10 12 1 11 11 7 11 8 8 11 12 1 12 14 7 12 10 8 12 14 1 13 13 7 13 11 8 13 11 1 14 9 7 14 8 8 14 13 1 15 7 7 15 11 8 15 12 1 16 12 7 16 10 8 16 11 1 17 8 7 17 10 8 17 6 1 18 12 7 18 6 8 18 14 1 19 14 7 19 9 8 19 10
19 57 6 6 2 2 12 10 6 12 10 9 12 10 0 14 11 3 14 8 8 14 9
20 59 50 5 10 0 10 11 6 10 8 7 10 9 8 10 10 9 10 8 0 11 13 6 11 12 7 11 7 8 11 10 9 11 10 0 12 11 6 12 11 7 12 12 8 12 10 9 12 7 0 13 11 6 13 10 7 13 11 8 13 6 9 13 12 0 14 12 6 14 11 7 14 11 8 14 12 9 14 12 0 15 12 6 15 14 7 15 7 8 15 16 9 15 11 0 16 13 6 16 9 7 16 11 8 16 10 9 16 11 0 17 12 6 17 10 7 17 12 8 17 9 9 17 9 0 18 9 6 18 10 7 18 12 8 18 12 9 18 11 0 19 9 6 19 13 7 19 13 8 19 10 9 19 10
21 67 60 6 10 0 10 12 1 10 6 2 10 11 3 10 12 6 10 10 7 10 11 0 11 10 1 11 9 2 11 10 3 11 8 6 11 10 7 11 12 0 12 9 1 12 11 2 12 9 3 12 11 6 12 10 7 12 13 0 13 9 1 13 12 2 13 13 3 13 9 6 13 10 7 13 10 0 14 13 1 14 11 2 14 12 3 14 13 6 14 10 7 14 15 0 15 11 1 15 12 2 15 11 3 15 9 6 15 12 7 15 8 0 16 12 1 16 8 2 16 10 3 16 10 6 16 11 7 16 10 0 17 12 1 17 11 2 17 11 3 17 10 6 17 13 7 17 11 0 18 13 1 18 9 2 18 11 3 18 11 6 18 10 7 18 12 0 19 8 1 19 9 2 19 12 3 19 10 6 19 13 7 19 13
22 68 3 3 1 2 18 10 6 18 11 8 18 16
23 71 40 4 10 2 10 10 3 10 12 6 10 11 8 10 10 2 11 11 3 11 14 6 11 10 8 11 12 2 12 10 3 12 12 6 12 11 8 12 10 2 13 10 3 13 9 6 13 12 8 13 11 2 14 9 3 14 7 6 14 12 8 14 8 2 15 13 3 15 8 6 15 15 8 15 14 2 16 10 3 16 17 6 16 9 8 16 11 2 17 13 3 17 16 6 17 10 8 17 10 2 18 13 3 18 15 6 18 8 8 18 9 2 19 9 3 19 11 6 19 13 8 19 7
24 80 2 2 2 0 13 8 6 19 12
25 86 6 6 2 1 11 10 2 11 10 3 16 12 4 16 13 5 16 7 8 16 9
26 89 3 3 1 3 17 12 7 17 10 9 17 9
27 90 2 2 1 4 10 10 9 10 11
28 91 2 2 1 5 18 9 6 18 10
29 95 60 6 10 0 10 10 1 10 10 2 10 12 3 10 10 6 10 10 8 10 10 0 11 14 1 11 12 2 11 15 3 11 13 6 11 9 8 11 9 0 12 13 1 12 9 2 12 11 3 12 9 6 12 13 8 12 13 0 13 10 1 13 11 2 13 8 3 13 11 6 13 9 8 13 7 0 14 10 1 14 13 2 14 9 3 14 13 6 14 14 8 14 13 0 15 13 1 15 6 2 15 13 3 15 12 6 15 11 8 15 12 0 16 12 1 16 10 2 16 9 3 16 12 6 16 10 8 16 10 0 17 7 1 17 11 2 17 9 3 17 10 6 17 13 8 17 11 0 18 8 1 18 8 2 18 13 3 18 10 6 18 12 8 18 9 0 19 6 1 19 11 2 19 14 3 19 9 6 19 11 8 19 13
30 101 3 3 1 0 14 12 2 14 12 5 14 11
31 107 20 2 10 6 10 12 9 10 10 6 11 11 9 11 10 6 12 9 9 12 15 6 13 9 9 13 12 6 14 14 9 14 11 6 15 10 9 15 13 6 16 9 9 16 13 6 17 9 9 17 10 6 18 13 9 18 10 6 19 13 9 19 9
32 114 20 5 6 5 10 12 0 11 13 4 11 8 7 11 9 8 11 10 4 12 10 5 12 13 8 12 11 0 14 9 4 14 13 5 14 9 7 14 12 0 16 6 7 16 12 8 16 10 0 17 6 4 17 11 5 17 8 7 17 9 8 17 10
33 120 3 3 2 1 15 9 7 17 14 9 17 13
34 125 1 1 1 9 15 14
35 127 3 3 2 5 10 7 0 12 11 1 12 8
36 132 12 3 6 1 10 11 2 10 12 9 10 9 2 11 14 9 11 12 9 12 13 1 13 7 2 13 9 1 14 14 9 14 13 1 15 9 2 15 13
37 135 12 6 4 1 10 13 5 10 11 3 11 12 5 11 13 8 11 12 0 14 7 1 14 8 3 14 12 9 14 7 0 15 9 8 15 11 9 15 9
38 137 2 2 1 1 16 9 2 16 10
39 140 18 6 6 0 10 14 7 10 9 3 11 7 5 11 12 6 11 7 8 11 8 6 13 9 0 14 10 3 14 10 5 14 11 3 15 13 5 15 10 7 15 10 8 15 13 0 17 10 6 17 8 7 17 12 8 17 9
40 146 12 6 4 0 13 11 3 13 11 5 13 10 0 15 12 1 15 14 3 15 15 4 15 14 1 16 11 4 16 8 5 16 12 6 16 13 6 17 13
41 149 20 4 8 4 10 9 0 11 7 4 11 9 8 11 8 9 11 10 0 12 12 4 12 10 8 12 8 0 13 10 9 13 12 4 14 8 8 14 10 0 15 8 9 15 8 4 17 10 8 17 10 9 17 12 0 19 15 8 19 11 9 19 12
42 155 24 6 7 0 11 8 2 11 10 4 11 11 6 11 9 9 11 9 0 12 12 1 12 9 4 12 7 1 13 13 2 13 12 4 13 11 2 14 10 6 14 13 1 15 10 2 15 14 6 15 11 9 15 9 0 16 14 1 16 10 4 16 15 6 16 8 9 16 10 0 19 12 9 19 15
43 156 3 3 1 0 16 12 1 16 12 7 16 11
44 159 18 6 5 2 13 9 3 13 10 8 13 9 9 13 10 2 14 8 3 14 10 5 14 8 8 14 8 9 14 14 2 15 11 3 15 6 4 15 11 5 15 14 8 15 8 9 15 9 4 16 7 4 18 8 5 18 10
45 160 30 3 10 1 10 13 6 10 9 8 10 9 1 11 8 6 11 11 8 11 11 1 12 10 6 12 11 8 12 8 1 13 7 6 13 13 8 13 11 1 14 12 6 14 10 8 14 14 1 15 12 6 15 10 8 15 8 1 16 11 6 16 10 8 16 9 1 17 15 6 17 8 8 17 12 1 18 12 6 18 12 8 18 9 1 19 12 6 19 11 8 19 13
46 161 2 2 1 0 18 9 2 18 8
47 163 40 4 10 2 10 11 3 10 11 4 10 12 7 10 11 2 11 13 3 11 10 4 11 12 7 11 14 2 12 13 3 12 15 4 12 10 7 12 11 2 13 8 3 13 9 4 13 9 7 13 10 2 14 12 3 14 12 4 14 8 7 14 10 2 15 11 3 15 12 4 15 12 7 15 13 2 16 9 3 16 12 4 16 11 7 16 9 2 17 9 3 17 10 4 17 5 7 17 10 2 18 15 3 18 11 4 18 12 7 18 11 2 19 11 3 19 12 4 19 13 7 19 9
48 166 4 4 1 1 19 14 3 19 9 5 19 10 8 19 10
49 167 4 4 2 6 11 12 1 13 10 4 13 13 7 13 10
