20 50
0 0 2 2 1 2 12 10 6 12 14
1 2 12 6 3 1 12 12 2 12 13 5 12 12 8 12 9 1 16 10 2 16 6 3 16 12 4 16 9 5 16 10 3 17 10 4 17 9 8 17 10
2 4 18 6 6 3 11 10 9 11 12 3 12 11 9 12 8 1 13 13 4 13 11 7 13 7 1 17 11 4 17 11 6 17 10 7 17 9 3 18 10 6 18 9 7 18 14 1 19 11 4 19 13 6 19 11 9 19 13
3 8 1 1 1 6 11 10
4 10 1 1 1 4 12 11
5 11 6 6 1 1 16 12 2 16 8 3 16 9 5 16 12 7 16 6 9 16 9
6 13 6 6 3 4 10 10 7 10 9 9 10 13 1 16 10 6 16 13 0 19 9
7 14 2 2 1 6 12 9 7 12 13
8 17 2 2 1 2 19 9 5 19 12
9 20 18 6 5 1 10 9 3 10 12 4 10 8 6 10 11 8 10 11 9 10 14 3 11 10 4 11 15 8 11 11 6 14 9 9 14 15 1 15 11 4 15 8 6 15 11 9 15 12 1 17 13 3 17 11 8 17 10
10 24 2 2 1 3 15 11 4 15 11
11 27 5 5 3 7 14 8 8 14 11 3 15 9 1 19 13 5 19 13
12 28 15 5 6 3 10 11 4 10 11 1 13 12 3 13 12 4 13 10 7 13 11 2 14 9 4 14 13 7 14 10 1 15 8 2 15 12 7 15 11 1 16 8 2 16 12 3 18 9
13 42 50 5 10 1 10 8 2 10 14 6 10 9 7 10 9 9 10 14 1 11 15 2 11 13 6 11 12 7 11 11 9 11 12 1 12 11 2 12 12 6 12 11 7 12 12 9 12 13 1 13 12 2 13 8 6 13 12 7 13 10 9 13 7 1 14 12 2 14 9 6 14 13 7 14 13 9 14 8 1 15 9 2 15 9 6 15 8 7 15 9 9 15 12 1 16 11 2 16 10 6 16 7 7 16 11 9 16 10 1 17 10 2 17 10 6 17 9 7 17 7 9 17 9 1 18 13 2 18 14 6 18 10 7 18 10 9 18 11 1 19 11 2 19 8 6 19 7 7 19 9 9 19 12
14 43 30 3 10 7 10 10 8 10 13 9 10 10 7 11 9 8 11 10 9 11 13 7 12 11 8 12 10 9 12 9 7 13 6 8 13 10 9 13 8 7 14 15 8 14 7 9 14 11 7 15 10 8 15 11 9 15 13 7 16 12 8 16 13 9 16 11 7 17 7 8 17 7 9 17 9 7 18 11 8 18 8 9 18 12 7 19 7 8 19 10 9 19 11
15 45 6 3 3 1 13 11 1 14 7 5 14 12 6 14 12 5 19 8 6 19 11
16 46 6 6 2 1 14 14 4 14 14 7 14 9 8 14 10 5 18 10 9 18 12
17 47 2 2 1 0 18 9 2 18 10
18 52 1 1 1 9 18 7
19 57 6 6 1 1 14 10 2 14 13 3 14 8 4 14 10 7 14 9 9 14 13
20 59 3 3 1 0 11 11 2 11 10 5 11 10
21 67 60 6 10 2 10 10 4 10 11 5 10 8 6 10 14 8 10 11 9 10 14 2 11 10 4 11 12 5 11 10 6 11 11 8 11 10 9 11 14 2 12 12 4 12 14 5 12 8 6 12 11 8 12 13 9 12 12 2 13 11 4 13 8 5 13 10 6 13 13 8 13 14 9 13 9 2 14 14 4 14 8 5 14 10 6 14 9 8 14 9 9 14 11 2 15 13 4 15 14 5 15 9 6 15 6 8 15 12 9 15 10 2 16 8 4 16 8 5 16 11 6 16 9 8 16 14 9 16 8 2 17 11 4 17 9 5 17 11 6 17 10 8 17 11 9 17 11 2 18 10 4 18 10 5 18 12 6 18 9 8 18 12 9 18 10 2 19 12 4 19 11 5 19 9 6 19 8 8 19 10 9 19 13
22 68 3 3 1 0 18 10 5 18 8 8 18 12
23 71 5 5 1 0 18 12 3 18 12 4 18 12 8 18 13 9 18 13
24 80 2 2 2 6 10 13 3 18 10
25 86 18 6 5 1 10 15 6 10 9 7 10 14 3 11 13 5 11 13 6 11 13 7 11 11 5 13 12 6 13 10 7 13 14 9 13 13 1 15 12 3 15 9 9 15 13 1 17 11 3 17 12 5 17 9 9 17 16
26 89 18 6 5 1 11 6 4 11 8 5 11 10 7 11 11 8 11 9 1 13 13 5 13 9 1 16 13 4 16 12 6 16 12 7 16 9 4 17 12 5 17 12 6 17 9 8 17 14 6 19 10 7 19 16 8 19 10
27 90 6 6 1 0 18 11 2 18 10 3 18 9 6 18 10 8 18 12 9 18 11
28 91 12 6 3 0 12 9 4 12 11 5 12 8 6 12 6 8 12 6 0 13 11 3 13 15 6 13 6 8 13 7 3 14 9 4 14 10 5 14 11
29 95 2 2 1 5 15 13 8 15 8
30 101 20 2 10 0 10 12 8 10 11 0 11 7 8 11 8 0 12 10 8 12 10 0 13 7 8 13 10 0 14 12 8 14 11 0 15 9 8 15 10 0 16 8 8 16 11 0 17 9 8 17 9 0 18 8 8 18 13 0 19 10 8 19 11
31 107 6 6 1 1 11 12 2 11 6 4 11 10 5 11 12 7 11 12 9 11 10
32 114 2 2 1 1 12 10 9 12 10
33 120 12 6 3 2 11 9 6 11 11 7 11 10 8 11 8 9 11 15 2 17 7 3 17 12 6 17 13 7 17 12 8 17 13 9 17 10 3 19 10
34 125 6 6 2 0 14 8 2 14 9 8 14 9 9 14 9 1 18 10 6 18 12
35 127 5 5 1 0 14 8 1 14 13 5 14 8 8 14 8 9 14 11
36 132 1 1 1 5 10 7
37 135 24 6 6 0 11 10 1 11 12 2 11 12 6 11 12 9 11 8 5 12 10 6 12 10 1 14 11 2 14 12 5 14 16 6 14 11 9 14 11 0 15 11 1 15 10 5 15 10 6 15 12 9 15 11 0 18 11 2 18 9 5 18 11 9 18 12 0 19 13 1 19 12 2 19 12
38 137 10 5 3 0 10 12 2 10 11 5 10 10 0 14 12 2 14 11 5 14 11 6 14 10 8 14 14 6 15 8 8 15 9
39 140 1 1 1 0 12 12
40 146 3 3 2 2 10 5 5 10 8 1 16 7
41 149 6 6 1 0 14 10 2 14 9 4 14 11 6 14 10 8 14 9 9 14 10
42 155 8 4 3 0 12 11 5 12 11 7 12 8 8 12 12 5 16 10 8 16 11 0 17 10 7 17 10
43 156 4 4 1 1 11 13 2 11 11 4 11 14 8 11 12
44 159 6 6 2 0 11 10 2 11 13 8 11 12 1 13 11 5 13 10 7 13 12
45 160 2 2 1 1 17 9 5 17 12
46 161 4 4 1 0 12 10 3 12 9 7 12 12 9 12 9
47 163 60 6 10 0 10 12 2 10 11 4 10 8 5 10 12 7 10 11 9 10 8 0 11 12 2 11 11 4 11 11 5 11 10 7 11 10 9 11 5 0 12 13 2 12 10 4 12 12 5 12 13 7 12 12 9 12 11 0 13 12 2 13 10 4 13 10 5 13 11 7 13 13 9 13 12 0 14 12 2 14 7 4 14 10 5 14 10 7 14 12 9 14 12 0 15 11 2 15 10 4 15 11 5 15 10 7 15 6 9 15 8 0 16 15 2 16 11 4 16 10 5 16 12 7 16 8 9 16 9 0 17 9 2 17 12 4 17 10 5 17 8 7 17 10 9 17 8 0 18 13 2 18 10 4 18 9 5 18 10 7 18 9 9 18 12 0 19 9 2 19 7 4 19 10 5 19 13 7 19 9 9 19 11
48 166 6 6 2 4 14 10 5 14 16 7 14 11 3 15 10 6 15 8 9 15 10
49 167 6 3 3 5 13 11 9 13 13 0 14 9 5 14 11 9 14 8 0 19 8
