20 50
0 0 60 6 10 1 10 10 2 10 9 3 10 11 4 10 12 6 10 7 8 10 13 1 11 12 2 11 13 3 11 9 4 11 11 6 11 13 8 11 11 1 12 8 2 12 13 3 12 12 4 12 9 6 12 15 8 12 7 1 13 12 2 13 13 3 13 13 4 13 14 6 13 14 8 13 10 1 14 13 2 14 13 3 14 10 4 14 7 6 14 14 8 14 13 1 15 10 2 15 10 3 15 11 4 15 10 6 15 8 8 15 11 1 16 11 2 16 15 3 16 9 4 16 10 6 16 13 8 16 10 1 17 11 2 17 10 3 17 12 4 17 14 6 17 14 8 17 11 1 18 9 2 18 10 3 18 12 4 18 10 6 18 12 8 18 7 1 19 10 2 19 10 3 19 8 4 19 10 6 19 9 8 19 13
1 2 6 6 1 1 10 13 4 10 12 5 10 11 6 10 10 7 10 10 8 10 8
2 4 1 1 1 9 19 7
3 8 6 6 1 3 13 9 4 13 8 5 13 9 6 13 10 8 13 7 9 13 13
4 10 2 2 1 6 16 9 7 16 8
5 11 1 1 1 9 10 9
6 13 18 6 6 0 11 13 2 11 7 4 11 13 6 11 10 7 11 9 0 12 9 4 12 10 6 12 11 7 12 9 8 12 11 2 13 12 4 13 9 8 13 10 8 14 4 2 17 10 7 17 9 0 19 12 6 19 10
7 14 20 2 10 2 10 10 3 10 9 2 11 13 3 11 11 2 12 12 3 12 13 2 13 9 3 13 11 2 14 9 3 14 14 2 15 6 3 15 12 2 16 9 3 16 13 2 17 11 3 17 13 2 18 8 3 18 11 2 19 16 3 19 11
8 17 1 1 1 3 12 9
9 20 4 4 1 3 17 10 4 17 13 5 17 13 6 17 10
10 24 15 5 5 1 10 9 7 10 9 2 14 10 4 14 13 4 15 13 5 15 13 7 15 8 1 16 13 2 16 7 5 16 11 7 16 9 1 17 12 2 17 13 4 17 10 5 17 11
11 27 2 2 1 0 10 7 1 10 13
12 28 18 6 5 0 10 12 1 10 9 4 10 11 6 10 9 1 14 11 2 14 9 6 14 12 8 14 7 0 16 9 1 16 9 2 16 9 4 16 11 0 17 11 2 17 10 4 17 8 6 17 10 8 17 12 8 19 13
13 42 2 2 1 2 11 10 8 11 9
14 43 1 1 1 8 16 13
15 45 3 3 2 2 13 7 3 15 7 4 15 11
16 46 1 1 1 0 11 10
17 47 12 6 4 0 12 7 6 12 8 9 12 11 0 13 9 4 13 11 6 13 16 7 13 10 3 17 10 9 17 10 3 18 14 4 18 10 7 18 15
18 52 2 2 1 0 12 13 9 12 10
19 57 6 6 1 2 10 12 3 10 14 4 10 12 5 10 10 7 10 12 9 10 10
20 59 12 4 4 7 15 7 3 16 11 5 16 14 9 16 9 3 17 10 5 17 9 7 17 11 9 17 13 3 19 9 5 19 10 7 19 10 9 19 10
21 67 12 6 4 7 11 8 9 11 12 7 14 10 8 14 13 1 17 10 2 17 12 6 17 8 1 18 10 2 18 8 6 18 14 8 18 11 9 18 10
22 68 60 6 10 2 10 12 3 10 9 4 10 12 5 10 8 6 10 10 9 10 11 2 11 11 3 11 10 4 11 9 5 11 9 6 11 10 9 11 7 2 12 8 3 12 11 4 12 12 5 12 9 6 12 9 9 12 10 2 13 11 3 13 13 4 13 15 5 13 8 6 13 10 9 13 12 2 14 10 3 14 10 4 14 7 5 14 12 6 14 10 9 14 10 2 15 8 3 15 11 4 15 9 5 15 13 6 15 12 9 15 10 2 16 10 3 16 11 4 16 10 5 16 6 6 16 11 9 16 6 2 17 11 3 17 12 4 17 9 5 17 12 6 17 9 9 17 11 2 18 8 3 18 13 4 18 11 5 18 8 6 18 10 9 18 15 2 19 9 3 19 10 4 19 10 5 19 12 6 19 16 9 19 9
23 71 12 6 4 3 12 10 9 12 10 1 13 13 5 13 12 7 13 8 8 13 11 1 14 12 3 14 6 9 14 12 5 19 12 7 19 11 8 19 11
24 80 60 6 10 0 10 7 3 10 11 4 10 10 6 10 11 7 10 12 8 10 13 0 11 9 3 11 11 4 11 9 6 11 12 7 11 13 8 11 10 0 12 11 3 12 12 4 12 9 6 12 9 7 12 11 8 12 14 0 13 9 3 13 9 4 13 11 6 13 9 7 13 11 8 13 13 0 14 9 3 14 7 4 14 13 6 14 10 7 14 12 8 14 12 0 15 11 3 15 14 4 15 7 6 15 13 7 15 13 8 15 9 0 16 5 3 16 10 4 16 10 6 16 11 7 16 11 8 16 10 0 17 12 3 17 11 4 17 10 6 17 11 7 17 10 8 17 10 0 18 10 3 18 9 4 18 8 6 18 8 7 18 16 8 18 11 0 19 9 3 19 15 4 19 11 6 19 11 7 19 7 8 19 10
25 86 1 1 1 7 11 13
26 89 2 2 1 7 18 7 9 18 11
27 90 12 6 5 0 13 9 7 13 11 1 14 11 4 14 10 7 14 10 0 15 13 4 15 12 8 15 9 9 18 6 1 19 6 8 19 9 9 19 11
28 91 40 4 10 0 10 10 1 10 8 4 10 10 5 10 8 0 11 9 1 11 10 4 11 14 5 11 12 0 12 10 1 12 10 4 12 10 5 12 11 0 13 10 1 13 12 4 13 11 5 13 10 0 14 10 1 14 8 4 14 13 5 14 11 0 15 11 1 15 6 4 15 10 5 15 9 0 16 9 1 16 13 4 16 11 5 16 13 0 17 10 1 17 9 4 17 9 5 17 9 0 18 10 1 18 10 4 18 12 5 18 11 0 19 10 1 19 13 4 19 13 5 19 7
29 95 2 2 2 2 11 11 0 12 10
30 101 20 2 10 6 10 11 9 10 9 6 11 10 9 11 11 6 12 11 9 12 11 6 13 11 9 13 9 6 14 10 9 14 8 6 15 9 9 15 11 6 16 10 9 16 9 6 17 9 9 17 11 6 18 13 9 18 13 6 19 8 9 19 12
31 107 1 1 1 1 19 14
32 114 3 3 1 0 17 11 1 17 9 3 17 11
33 120 3 3 1 1 13 7 2 13 8 6 13 10
34 125 6 3 4 4 11 12 7 14 9 8 14 10 8 15 7 4 18 11 7 18 13
35 127 18 6 5 0 12 11 4 12 12 9 12 12 5 14 11 6 14 10 3 15 11 4 15 12 5 15 12 9 15 11 0 16 15 3 16 11 4 16 8 6 16 13 9 16 7 0 19 10 3 19 8 5 19 12 6 19 9
36 132 2 2 1 6 10 13 9 10 13
37 135 12 6 4 0 10 11 5 10 10 1 14 10 6 14 8 8 14 10 9 14 11 5 18 10 6 18 7 0 19 9 1 19 12 8 19 14 9 19 12
38 137 2 2 1 0 16 10 5 16 14
39 140 60 6 10 3 10 10 4 10 8 6 10 10 7 10 11 8 10 11 9 10 9 3 11 10 4 11 8 6 11 6 7 11 8 8 11 10 9 11 12 3 12 10 4 12 10 6 12 13 7 12 9 8 12 9 9 12 7 3 13 9 4 13 12 6 13 12 7 13 8 8 13 10 9 13 10 3 14 9 4 14 14 6 14 8 7 14 10 8 14 11 9 14 10 3 15 14 4 15 11 6 15 9 7 15 11 8 15 13 9 15 9 3 16 13 4 16 12 6 16 16 7 16 11 8 16 5 9 16 13 3 17 7 4 17 8 6 17 10 7 17 15 8 17 13 9 17 9 3 18 9 4 18 7 6 18 11 7 18 14 8 18 13 9 18 9 3 19 14 4 19 9 6 19 10 7 19 10 8 19 12 9 19 10
40 146 3 3 1 4 13 11 7 13 11 8 13 8
41 149 2 2 1 0 11 10 4 11 8
42 155 12 6 4 1 10 10 6 10 10 7 10 13 0 13 12 1 13 8 3 13 11 6 13 13 8 13 12 0 14 11 7 14 9 3 16 10 8 16 10
43 156 24 6 7 3 10 11 5 10 11 9 10 14 3 11 10 5 11 11 8 11 13 3 12 10 5 12 15 7 12 11 8 12 12 6 13 9 7 13 10 9 13 10 6 15 9 7 15 13 8 15 12 3 18 11 6 18 10 7 18 12 8 18 10 9 18 10 5 19 11 6 19 10 9 19 7
44 159 20 2 10 0 10 12 5 10 11 0 11 8 5 11 11 0 12 9 5 12 11 0 13 13 5 13 12 0 14 11 5 14 10 0 15 11 5 15 14 0 16 12 5 16 13 0 17 7 5 17 12 0 18 8 5 18 8 0 19 11 5 19 12
45 160 30 3 10 0 10 11 5 10 11 9 10 13 0 11 10 5 11 7 9 11 8 0 12 11 5 12 9 9 12 8 0 13 9 5 13 8 9 13 12 0 14 9 5 14 15 9 14 11 0 15 12 5 15 11 9 15 11 0 16 12 5 16 11 9 16 11 0 17 12 5 17 12 9 17 13 0 18 10 5 18 8 9 18 9 0 19 13 5 19 11 9 19 6
46 161 4 4 1 0 15 11 2 15 13 5 15 13 6 15 10
47 163 30 3 10 2 10 11 3 10 8 6 10 7 2 11 10 3 11 9 6 11 12 2 12 13 3 12 10 6 12 10 2 13 8 3 13 13 6 13 11 2 14 12 3 14 10 6 14 13 2 15 9 3 15 14 6 15 8 2 16 8 3 16 11 6 16 13 2 17 10 3 17 11 6 17 8 2 18 12 3 18 13 6 18 10 2 19 11 3 19 12 6 19 13
48 166 6 3 2 2 11 11 5 11 9 8 11 10 2 16 9 5 16 9 8 16 10
49 167 6 6 1 0 10 9 1 10 15 2 10 12 5 10 12 8 10 9 9 10 11
