20 50
0 0 6 6 1 0 16 9 1 16 11 2 16 11 4 16 12 6 16 10 8 16 12
1 2 60 6 10 0 10 14 1 10 12 2 10 14 4 10 12 5 10 13 7 10 7 0 11 12 1 11 10 2 11 10 4 11 12 5 11 9 7 11 11 0 12 10 1 12 10 2 12 8 4 12 12 5 12 13 7 12 9 0 13 11 1 13 10 2 13 7 4 13 11 5 13 9 7 13 11 0 14 13 1 14 9 2 14 9 4 14 8 5 14 8 7 14 11 0 15 7 1 15 12 2 15 10 4 15 12 5 15 13 7 15 9 0 16 11 1 16 14 2 16 10 4 16 10 5 16 11 7 16 11 0 17 15 1 17 12 2 17 10 4 17 13 5 17 11 7 17 10 0 18 13 1 18 10 2 18 8 4 18 13 5 18 12 7 18 12 0 19 9 1 19 10 2 19 7 4 19 9 5 19 11 7 19 9
2 4 24 6 7 1 10 12 3 10 11 7 10 10 8 10 12 9 10 10 1 11 11 4 11 12 7 11 10 8 11 12 9 11 15 1 12 9 3 12 9 4 12 11 8 12 15 7 13 13 3 14 8 4 14 8 7 14 8 8 14 8 9 14 11 1 15 9 4 15 8 9 15 12 3 18 8
3 8 50 5 10 0 10 12 1 10 8 3 10 11 7 10 11 8 10 9 0 11 9 1 11 11 3 11 11 7 11 12 8 11 8 0 12 9 1 12 15 3 12 7 7 12 10 8 12 10 0 13 15 1 13 11 3 13 9 7 13 9 8 13 11 0 14 8 1 14 11 3 14 10 7 14 14 8 14 11 0 15 8 1 15 10 3 15 8 7 15 13 8 15 11 0 16 11 1 16 4 3 16 10 7 16 9 8 16 10 0 17 10 1 17 11 3 17 9 7 17 11 8 17 12 0 18 9 1 18 9 3 18 11 7 18 11 8 18 12 0 19 11 1 19 13 3 19 10 7 19 9 8 19 9
4 10 18 6 5 4 10 10 6 10 15 9 10 13 5 11 6 8 11 13 9 11 10 3 13 13 5 13 13 3 16 11 4 16 9 6 16 8 8 16 11 9 16 8 3 18 12 4 18 9 5 18 10 6 18 11 8 18 9
5 11 60 6 10 0 10 11 1 10 9 2 10 11 6 10 9 7 10 9 9 10 11 0 11 12 1 11 11 2 11 11 6 11 13 7 11 10 9 11 10 0 12 6 1 12 10 2 12 9 6 12 13 7 12 10 9 12 12 0 13 10 1 13 7 2 13 14 6 13 12 7 13 13 9 13 7 0 14 8 1 14 12 2 14 11 6 14 8 7 14 12 9 14 8 0 15 7 1 15 13 2 15 14 6 15 7 7 15 8 9 15 13 0 16 8 1 16 9 2 16 11 6 16 11 7 16 8 9 16 10 0 17 14 1 17 8 2 17 8 6 17 8 7 17 10 9 17 9 0 18 8 1 18 8 2 18 11 6 18 10 7 18 11 9 18 11 0 19 13 1 19 13 2 19 10 6 19 9 7 19 13 9 19 10
6 13 12 6 3 0 14 9 2 14 9 8 14 7 1 15 10 3 15 12 5 15 8 0 17 12 1 17 11 2 17 9 3 17 10 5 17 11 8 17 12
7 14 1 1 1 9 17 12
8 17 30 3 10 0 10 13 6 10 12 7 10 11 0 11 11 6 11 12 7 11 10 0 12 11 6 12 6 7 12 8 0 13 10 6 13 11 7 13 9 0 14 10 6 14 13 7 14 13 0 15 12 6 15 11 7 15 12 0 16 8 6 16 8 7 16 9 0 17 15 6 17 7 7 17 11 0 18 10 6 18 4 7 18 11 0 19 7 6 19 11 7 19 7
9 20 60 6 10 0 10 12 1 10 10 2 10 11 3 10 13 5 10 12 9 10 10 0 11 10 1 11 13 2 11 9 3 11 12 5 11 10 9 11 10 0 12 9 1 12 14 2 12 12 3 12 11 5 12 6 9 12 12 0 13 8 1 13 9 2 13 10 3 13 9 5 13 14 9 13 10 0 14 8 1 14 9 2 14 11 3 14 9 5 14 14 9 14 11 0 15 9 1 15 8 2 15 14 3 15 12 5 15 11 9 15 12 0 16 9 1 16 10 2 16 11 3 16 11 5 16 11 9 16 8 0 17 11 1 17 11 2 17 12 3 17 11 5 17 11 9 17 9 0 18 10 1 18 7 2 18 8 3 18 9 5 18 11 9 18 13 0 19 15 1 19 11 2 19 7 3 19 12 5 19 11 9 19 11
10 24 6 6 1 1 12 11 2 12 9 4 12 12 7 12 11 8 12 12 9 12 10
11 27 18 6 6 0 10 11 1 10 10 2 10 11 3 10 7 4 10 13 6 10 8 0 11 12 3 11 8 6 11 13 2 13 12 0 16 11 1 16 10 2 16 13 3 16 10 4 18 13 6 18 9 1 19 10 4 19 11
12 28 40 4 10 1 10 8 3 10 11 5 10 12 9 10 10 1 11 12 3 11 10 5 11 12 9 11 9 1 12 12 3 12 11 5 12 10 9 12 8 1 13 12 3 13 14 5 13 7 9 13 15 1 14 10 3 14 8 5 14 8 9 14 9 1 15 5 3 15 11 5 15 12 9 15 10 1 16 7 3 16 12 5 16 14 9 16 6 1 17 7 3 17 9 5 17 10 9 17 8 1 18 10 3 18 12 5 18 11 9 18 12 1 19 12 3 19 10 5 19 8 9 19 10
13 42 6 6 1 2 10 11 3 10 12 4 10 11 5 10 10 6 10 9 7 10 9
14 43 2 2 1 1 13 8 8 13 8
15 45 18 6 5 0 12 10 1 12 14 2 12 7 7 12 9 0 13 8 4 13 12 9 13 9 1 15 11 2 15 12 9 15 10 1 17 12 4 17 12 7 17 10 0 19 13 2 19 7 4 19 10 7 19 8 9 19 10
16 46 2 2 1 3 11 14 5 11 9
17 47 10 5 4 4 10 8 9 10 9 2 13 10 9 13 10 1 14 13 2 14 9 4 14 13 5 14 9 1 17 12 5 17 13
18 52 4 4 1 0 18 9 2 18 10 5 18 11 6 18 9
19 57 2 2 2 4 14 12 7 17 11
20 59 3 3 1 2 19 8 7 19 7 9 19 11
21 67 18 6 5 2 12 10 7 12 11 9 12 9 2 13 13 3 13 10 5 13 13 6 13 9 7 13 11 3 14 15 5 14 9 2 15 10 5 15 11 6 15 10 7 15 8 9 15 11 3 18 8 6 18 7 9 18 10
22 68 2 2 1 1 18 11 5 18 8
23 71 6 6 1 2 15 10 3 15 7 4 15 13 6 15 9 7 15 11 8 15 10
24 80 6 3 3 4 11 10 7 11 10 0 12 8 4 12 11 0 18 17 7 18 13
25 86 10 5 3 1 11 7 3 11 14 4 11 10 8 11 6 2 15 10 4 15 9 1 18 10 2 18 12 3 18 10 8 18 8
26 89 12 6 3 0 10 7 2 10 10 8 10 13 1 16 15 5 16 7 6 16 11 0 17 11 1 17 12 2 17 10 5 17 14 6 17 10 8 17 10
27 90 35 5 10 0 10 10 2 10 12 7 10 11 9 10 9 6 11 11 7 11 11 9 11 9 2 12 10 7 12 15 9 12 9 0 13 11 2 13 10 9 13 11 0 14 11 2 14 10 6 14 11 6 15 13 7 15 11 9 15 10 0 16 8 2 16 11 6 16 10 7 16 13 0 17 9 2 17 12 6 17 9 0 18 12 2 18 9 6 18 12 7 18 14 9 18 10 0 19 9 6 19 12 7 19 12 9 19 8
28 91 60 6 10 1 10 12 3 10 9 4 10 6 5 10 14 8 10 11 9 10 9 1 11 7 3 11 10 4 11 8 5 11 9 8 11 13 9 11 11 1 12 12 3 12 11 4 12 15 5 12 8 8 12 7 9 12 7 1 13 10 3 13 9 4 13 12 5 13 15 8 13 14 9 13 12 1 14 10 3 14 9 4 14 10 5 14 12 8 14 12 9 14 13 1 15 10 3 15 7 4 15 11 5 15 16 8 15 11 9 15 11 1 16 11 3 16 9 4 16 11 5 16 9 8 16 10 9 16 10 1 17 8 3 17 11 4 17 13 5 17 14 8 17 11 9 17 12 1 18 14 3 18 7 4 18 11 5 18 14 8 18 12 9 18 12 1 19 11 3 19 12 4 19 12 5 19 12 8 19 9 9 19 13
29 95 12 3 5 3 10 12 6 10 11 9 10 12 3 11 9 6 11 13 3 14 11 9 14 10 6 15 11 9 15 12 3 18 11 6 18 7 9 18 14
30 101 12 6 4 0 11 8 4 11 8 0 13 8 1 13 8 2 13 11 4 13 9 6 13 9 1 14 9 2 14 12 6 14 8 9 14 10 9 17 12
31 107 60 6 10 1 10 9 4 10 12 5 10 11 6 10 10 7 10 7 9 10 10 1 11 8 4 11 10 5 11 11 6 11 8 7 11 6 9 11 6 1 12 10 4 12 5 5 12 10 6 12 9 7 12 11 9 12 9 1 13 13 4 13 14 5 13 12 6 13 12 7 13 12 9 13 9 1 14 12 4 14 10 5 14 12 6 14 12 7 14 15 9 14 9 1 15 15 4 15 16 5 15 12 6 15 13 7 15 11 9 15 11 1 16 10 4 16 11 5 16 10 6 16 10 7 16 12 9 16 13 1 17 12 4 17 14 5 17 11 6 17 9 7 17 11 9 17 8 1 18 10 4 18 9 5 18 12 6 18 10 7 18 7 9 18 11 1 19 7 4 19 11 5 19 10 6 19 12 7 19 11 9 19 10
32 114 1 1 1 7 11 14
33 120 36 4 10 3 10 9 5 10 13 6 10 12 9 10 11 3 11 10 5 11 11 6 11 11 9 11 11 3 12 9 5 12 10 3 13 11 5 13 12 6 13 12 9 13 15 5 14 11 6 14 9 9 14 11 3 15 12 5 15 11 6 15 9 9 15 14 3 16 12 5 16 10 6 16 13 9 16 9 3 17 10 5 17 14 6 17 8 9 17 13 3 18 11 5 18 10 6 18 9 9 18 12 3 19 12 6 19 10 9 19 10
34 125 6 3 3 0 13 9 4 13 11 0 16 14 8 16 9 4 18 13 8 18 7
35 127 4 4 1 5 11 15 7 11 12 8 11 9 9 11 10
36 132 1 1 1 9 17 10
37 135 12 6 4 0 10 10 7 10 9 9 10 11 2 11 10 4 11 10 6 11 8 7 11 11 6 12 9 0 19 9 2 19 9 4 19 9 9 19 13
38 137 6 6 1 0 12 12 3 12 10 6 12 11 7 12 8 8 12 15 9 12 10
39 140 4 4 1 0 12 12 5 12 12 6 12 12 9 12 11
40 146 18 6 5 0 10 13 1 10 13 4 10 14 6 10 11 8 10 9 9 10 9 0 13 7 1 13 10 6 13 11 9 13 12 0 15 10 1 15 9 4 15 10 6 15 9 4 16 6 8 16 6 9 16 11 8 17 12
41 149 12 6 3 0 10 7 5 10 10 6 10 6 8 10 12 9 10 13 0 14 10 1 14 11 6 14 9 9 14 13 1 18 10 5 18 12 8 18 11
42 155 12 6 3 0 14 10 4 14 8 7 14 8 8 14 10 9 14 16 0 16 8 4 16 17 6 16 10 7 16 5 8 16 10 6 17 10 9 17 11
43 156 3 3 1 1 15 9 4 15 9 8 15 16
44 159 1 1 1 2 10 9
45 160 6 6 2 3 10 13 0 18 11 1 18 10 6 18 12 7 18 10 8 18 9
46 161 2 2 1 2 14 9 6 14 8
47 163 2 2 1 1 10 18 5 10 12
48 166 18 6 6 3 11 13 5 11 10 8 11 13 3 14 9 6 14 15 7 14 12 3 16 11 5 16 13 6 16 10 7 16 9 2 17 14 7 17 9 8 17 12 2 18 11 8 18 7 2 19 10 5 19 13 6 19 12
49 167 10 1 10 5 10 11 5 11 11 5 12 9 5 13 12 5 14 11 5 15 13 5 16 12 5 17 12 5 18 10 5 19 10
