20 50
0 0 30 3 10 0 10 10 4 10 9 9 10 11 0 11 11 4 11 10 9 11 12 0 12 11 4 12 12 9 12 8 0 13 11 4 13 9 9 13 11 0 14 10 4 14 8 9 14 12 0 15 11 4 15 15 9 15 10 0 16 11 4 16 13 9 16 9 0 17 13 4 17 7 9 17 8 0 18 11 4 18 10 9 18 12 0 19 8 4 19 15 9 19 12
1 2 12 6 3 0 14 10 1 14 15 4 14 12 7 14 10 0 15 9 6 15 11 7 15 10 8 15 9 1 16 12 4 16 10 6 16 12 8 16 12
2 4 3 3 1 0 17 9 1 17 13 2 17 9
3 8 2 2 1 4 19 13 6 19 11
4 10 2 2 1 2 12 9 7 12 5
5 11 12 6 4 5 11 11 6 11 11 4 12 10 6 12 10 2 15 9 3 15 12 4 15 8 5 15 8 9 15 11 2 16 10 3 16 5 9 16 14
6 13 1 1 1 0 10 10
7 14 2 2 2 1 14 9 8 19 9
8 17 3 3 1 4 10 9 5 10 5 8 10 12
9 20 12 6 3 1 10 12 2 10 12 4 10 10 5 10 12 1 11 12 4 11 9 5 11 9 7 11 9 9 11 10 2 15 10 7 15 12 9 15 9
10 24 4 4 1 1 18 12 6 18 10 7 18 10 9 18 11
11 27 12 6 4 3 11 14 4 11 10 5 11 11 9 11 11 1 12 12 2 12 11 4 12 11 1 18 6 2 18 11 5 18 10 9 18 10 3 19 13
12 28 1 1 1 1 17 12
13 42 2 2 1 8 16 11 9 16 9
14 43 6 6 1 1 10 12 3 10 13 5 10 9 6 10 11 7 10 12 9 10 9
15 45 4 4 2 5 16 11 6 16 10 3 19 11 4 19 15
16 46 6 6 1 0 16 13 2 16 11 4 16 11 5 16 11 6 16 13 7 16 11
17 47 40 4 10 0 10 11 4 10 9 6 10 9 9 10 10 0 11 12 4 11 11 6 11 10 9 11 8 0 12 14 4 12 8 6 12 10 9 12 14 0 13 9 4 13 16 6 13 13 9 13 12 0 14 14 4 14 7 6 14 11 9 14 10 0 15 7 4 15 12 6 15 14 9 15 9 0 16 11 4 16 12 6 16 10 9 16 7 0 17 11 4 17 8 6 17 8 9 17 11 0 18 10 4 18 9 6 18 9 9 18 10 0 19 13 4 19 9 6 19 10 9 19 12
18 52 2 2 2 0 18 10 1 19 14
19 57 30 3 10 0 10 12 3 10 9 7 10 13 0 11 14 3 11 10 7 11 10 0 12 11 3 12 9 7 12 13 0 13 11 3 13 14 7 13 12 0 14 8 3 14 11 7 14 12 0 15 9 3 15 9 7 15 9 0 16 7 3 16 10 7 16 12 0 17 13 3 17 7 7 17 11 0 18 10 3 18 9 7 18 9 0 19 10 3 19 11 7 19 13
20 59 4 4 1 0 16 11 4 16 7 5 16 6 7 16 11
21 67 18 6 5 3 10 9 4 10 10 5 10 11 7 10 13 8 10 8 6 11 10 7 11 10 8 11 8 4 12 8 5 12 11 6 12 9 7 12 8 8 12 9 3 14 10 4 14 10 5 14 10 6 14 10 3 15 8
22 68 6 3 2 2 10 8 5 10 10 6 10 12 2 15 12 5 15 12 6 15 7
23 71 15 5 6 4 10 7 6 10 10 9 10 13 2 12 8 5 12 12 9 12 10 2 15 12 6 15 9 2 16 12 4 16 11 6 16 13 9 16 13 5 18 8 4 19 7 5 19 9
24 80 6 6 2 2 16 8 5 16 10 7 16 12 6 18 11 8 18 7 9 18 14
25 86 3 3 1 1 15 12 4 15 12 7 15 10
26 89 4 4 3 6 10 9 9 11 12 1 15 12 8 15 14
27 90 3 3 1 2 13 13 3 13 10 5 13 10
28 91 12 6 4 2 10 9 3 10 14 8 10 12 1 14 10 2 14 8 3 14 9 0 16 13 1 16 10 4 16 9 0 18 8 4 18 10 8 18 12
29 95 6 6 2 1 15 6 2 15 12 7 15 8 4 17 9 8 17 4 9 17 8
30 101 2 2 1 1 18 12 6 18 10
31 107 3 3 1 3 19 6 7 19 10 9 19 11
32 114 12 6 3 1 13 11 3 13 11 5 13 11 9 13 10 1 15 9 2 15 8 3 15 11 4 15 10 5 15 11 9 15 9 2 17 8 4 17 12
33 120 6 6 1 2 12 10 3 12 10 5 12 15 6 12 5 8 12 10 9 12 11
34 125 12 6 4 2 12 11 4 12 8 9 12 10 0 14 10 7 14 10 8 14 11 0 16 12 8 16 11 9 16 10 2 19 8 4 19 11 7 19 14
35 127 12 6 4 1 11 12 5 16 11 6 16 14 9 16 13 1 18 10 2 18 8 3 18 15 5 18 10 6 18 13 9 18 15 2 19 12 3 19 10
36 132 1 1 1 1 18 10
37 135 3 3 2 3 11 10 7 11 7 1 13 9
38 137 6 6 1 1 15 11 3 15 10 5 15 8 6 15 11 8 15 9 9 15 13
39 140 4 4 1 1 19 12 3 19 12 8 19 9 9 19 12
40 146 60 6 10 1 10 11 2 10 12 3 10 6 6 10 10 7 10 11 8 10 12 1 11 11 2 11 12 3 11 12 6 11 9 7 11 14 8 11 11 1 12 12 2 12 9 3 12 10 6 12 12 7 12 10 8 12 10 1 13 11 2 13 16 3 13 11 6 13 9 7 13 10 8 13 13 1 14 6 2 14 10 3 14 11 6 14 11 7 14 10 8 14 8 1 15 13 2 15 10 3 15 8 6 15 8 7 15 11 8 15 10 1 16 11 2 16 12 3 16 12 6 16 9 7 16 11 8 16 11 1 17 13 2 17 9 3 17 15 6 17 10 7 17 10 8 17 10 1 18 12 2 18 10 3 18 10 6 18 13 7 18 10 8 18 12 1 19 13 2 19 11 3 19 10 6 19 16 7 19 12 8 19 11
41 149 18 6 6 1 10 12 3 10 11 5 10 10 6 11 10 8 11 9 3 12 11 5 12 11 8 12 10 9 12 10 6 15 11 8 15 8 1 17 8 3 17 9 5 17 11 6 17 9 9 17 11 1 19 12 9 19 12
42 155 3 3 2 2 11 11 1 12 11 4 12 8
43 156 12 6 4 2 12 13 6 12 15 9 12 11 3 14 9 4 14 11 5 14 11 9 14 6 4 17 12 5 17 7 2 18 9 3 18 8 6 18 12
44 159 2 2 1 2 10 10 7 10 9
45 160 2 2 1 7 18 9 8 18 8
46 161 3 3 1 2 12 8 3 12 8 9 12 8
47 163 10 1 10 0 10 8 0 11 9 0 12 10 0 13 11 0 14 8 0 15 16 0 16 9 0 17 9 0 18 8 0 19 9
48 166 2 2 1 2 17 9 7 17 11
49 167 1 1 1 1 10 8
