20 50
0 0 6 6 1 0 15 11 1 15 8 2 15 11 5 15 12 8 15 9 9 15 11
1 2 2 2 1 7 19 15 8 19 8
2 4 18 6 5 0 13 12 4 13 13 9 13 10 0 14 12 3 14 13 5 14 10 6 14 6 9 14 11 3 17 10 4 17 8 5 17 8 3 18 11 4 18 9 5 18 13 6 18 14 9 18 11 0 19 6 6 19 6
3 8 10 1 10 2 10 9 2 11 9 2 12 12 2 13 10 2 14 16 2 15 13 2 16 11 2 17 12 2 18 10 2 19 8
4 10 1 1 1 0 18 10
5 11 24 6 6 1 10 12 4 10 11 5 10 11 7 10 12 9 10 10 1 13 8 2 13 10 4 13 12 5 13 8 7 13 10 2 14 13 4 14 10 5 14 9 7 14 12 9 14 10 2 15 8 7 15 8 1 17 13 2 17 11 4 17 10 9 17 7 1 18 10 5 18 10 9 18 8
6 13 20 2 10 6 10 8 8 10 10 6 11 10 8 11 7 6 12 11 8 12 10 6 13 11 8 13 11 6 14 9 8 14 12 6 15 13 8 15 10 6 16 12 8 16 12 6 17 12 8 17 8 6 18 13 8 18 8 6 19 12 8 19 9
7 14 6 3 3 2 13 12 3 13 11 2 15 14 5 15 12 3 18 9 5 18 10
8 17 12 4 4 2 13 11 3 13 8 6 13 11 9 13 9 2 16 10 6 16 12 9 16 11 2 17 6 3 17 14 9 17 11 3 18 12 6 18 13
9 20 3 3 1 1 18 9 2 18 8 4 18 10
10 24 1 1 1 0 13 14
11 27 24 6 7 9 11 10 1 13 13 2 13 8 3 13 14 4 13 9 2 14 12 3 14 12 4 14 13 9 14 8 0 15 11 1 15 13 2 15 12 4 15 10 9 15 10 0 16 13 1 16 9 3 16 12 0 18 8 1 18 8 3 18 8 4 18 10 0 19 11 2 19 10 9 19 11
12 28 2 2 1 0 16 9 3 16 15
13 42 4 4 1 0 15 10 1 15 14 4 15 14 5 15 10
14 43 6 6 1 1 13 10 2 13 10 3 13 11 4 13 12 8 13 11 9 13 12
15 45 1 1 1 3 15 9
16 46 18 6 5 0 12 12 1 12 10 2 12 10 3 12 9 4 12 11 9 12 10 1 13 9 9 13 12 0 14 12 1 14 11 2 14 9 3 14 11 4 14 10 0 16 11 4 16 9 9 16 10 2 18 12 3 18 8
17 47 12 6 4 0 10 9 2 10 11 5 10 14 1 15 6 9 15 10 0 16 12 2 16 7 5 16 6 6 16 9 1 17 9 6 17 7 9 17 11
18 52 6 6 1 1 19 11 2 19 9 3 19 12 4 19 9 5 19 9 8 19 11
19 57 30 3 10 1 10 13 5 10 9 9 10 12 1 11 8 5 11 11 9 11 10 1 12 12 5 12 8 9 12 12 1 13 9 5 13 9 9 13 9 1 14 11 5 14 10 9 14 11 1 15 15 5 15 9 9 15 10 1 16 13 5 16 10 9 16 10 1 17 9 5 17 12 9 17 9 1 18 10 5 18 7 9 18 10 1 19 11 5 19 12 9 19 12
20 59 6 6 1 1 12 11 2 12 8 3 12 10 5 12 16 6 12 12 9 12 13
21 67 12 4 5 5 12 12 7 12 9 4 13 8 7 13 14 2 15 12 4 15 9 2 16 12 4 16 13 5 16 13 2 19 12 5 19 7 7 19 11
22 68 18 6 5 4 10 9 5 10 10 7 10 11 9 10 6 1 11 9 4 11 9 5 11 8 1 12 10 3 12 9 7 12 10 1 16 13 3 16 10 7 16 11 9 16 12 3 19 12 4 19 14 5 19 9 9 19 11
23 71 1 1 1 7 15 9
24 80 2 2 2 9 14 7 8 19 12
25 86 6 6 1 0 19 6 2 19 13 3 19 9 5 19 9 8 19 10 9 19 12
26 89 20 2 10 4 10 8 7 10 9 4 11 10 7 11 10 4 12 10 7 12 10 4 13 11 7 13 12 4 14 10 7 14 12 4 15 15 7 15 13 4 16 11 7 16 14 4 17 6 7 17 12 4 18 16 7 18 10 4 19 10 7 19 9
27 90 20 2 10 2 10 12 3 10 7 2 11 9 3 11 12 2 12 11 3 12 9 2 13 8 3 13 9 2 14 11 3 14 8 2 15 9 3 15 12 2 16 11 3 16 13 2 17 7 3 17 10 2 18 9 3 18 8 2 19 12 3 19 11
28 91 4 4 2 2 14 11 7 14 12 1 15 9 9 15 9
29 95 1 1 1 1 18 15
30 101 2 2 1 1 16 9 7 16 11
31 107 3 3 1 2 17 15 7 17 13 9 17 10
32 114 30 6 8 2 10 12 4 10 9 6 10 12 3 11 8 5 11 10 6 11 13 9 11 10 3 13 11 4 13 12 6 13 8 2 14 11 4 14 11 5 14 12 6 14 9 9 14 10 2 15 13 3 15 9 4 15 13 5 15 11 9 15 11 5 16 15 6 16 11 2 18 13 3 18 7 5 18 7 9 18 12 2 19 12 3 19 12 4 19 12 9 19 10
33 120 1 1 1 2 14 10
34 125 60 6 10 0 10 5 1 10 12 2 10 10 3 10 9 8 10 11 9 10 10 0 11 8 1 11 11 2 11 10 3 11 8 8 11 8 9 11 13 0 12 12 1 12 7 2 12 11 3 12 9 8 12 9 9 12 12 0 13 13 1 13 12 2 13 12 3 13 13 8 13 9 9 13 8 0 14 10 1 14 8 2 14 11 3 14 12 8 14 11 9 14 11 0 15 11 1 15 8 2 15 12 3 15 6 8 15 10 9 15 12 0 16 10 1 16 11 2 16 12 3 16 10 8 16 8 9 16 11 0 17 10 1 17 9 2 17 11 3 17 8 8 17 8 9 17 8 0 18 15 1 18 10 2 18 12 3 18 14 8 18 12 9 18 12 0 19 12 1 19 8 2 19 7 3 19 13 8 19 9 9 19 9
35 127 20 2 10 4 10 10 5 10 10 4 11 9 5 11 13 4 12 11 5 12 10 4 13 7 5 13 12 4 14 8 5 14 12 4 15 12 5 15 12 4 16 10 5 16 13 4 17 12 5 17 11 4 18 7 5 18 9 4 19 9 5 19 8
36 132 2 2 1 6 15 6 9 15 6
37 135 1 1 1 2 14 13
38 137 6 6 1 2 19 11 3 19 12 4 19 14 5 19 10 8 19 12 9 19 11
39 140 4 4 1 0 18 10 2 18 7 3 18 11 5 18 12
40 146 1 1 1 5 15 8
41 149 40 4 10 0 10 11 2 10 8 6 10 12 9 10 10 0 11 12 2 11 9 6 11 13 9 11 8 0 12 13 2 12 14 6 12 15 9 12 10 0 13 14 2 13 10 6 13 10 9 13 10 0 14 9 2 14 10 6 14 12 9 14 9 0 15 11 2 15 12 6 15 10 9 15 13 0 16 10 2 16 11 6 16 10 9 16 11 0 17 7 2 17 12 6 17 11 9 17 9 0 18 11 2 18 8 6 18 13 9 18 10 0 19 9 2 19 10 6 19 6 9 19 11
42 155 60 6 10 1 10 10 2 10 12 5 10 8 7 10 12 8 10 13 9 10 13 1 11 9 2 11 12 5 11 9 7 11 10 8 11 12 9 11 9 1 12 9 2 12 8 5 12 10 7 12 8 8 12 9 9 12 7 1 13 9 2 13 12 5 13 8 7 13 12 8 13 10 9 13 11 1 14 11 2 14 13 5 14 7 7 14 10 8 14 11 9 14 7 1 15 9 2 15 9 5 15 13 7 15 14 8 15 12 9 15 11 1 16 10 2 16 9 5 16 10 7 16 9 8 16 11 9 16 9 1 17 6 2 17 11 5 17 11 7 17 10 8 17 10 9 17 11 1 18 10 2 18 10 5 18 10 7 18 10 8 18 9 9 18 8 1 19 9 2 19 12 5 19 8 7 19 8 8 19 12 9 19 10
43 156 18 6 6 2 11 13 9 11 9 0 13 11 4 13 12 9 13 12 2 14 6 5 14 12 7 14 13 0 15 10 2 15 12 4 15 10 5 15 13 5 16 8 7 16 10 9 16 9 0 17 12 4 17 9 7 17 8
44 159 1 1 1 7 14 12
45 160 3 3 1 0 13 9 5 13 8 8 13 10
46 161 3 3 1 1 17 8 2 17 12 3 17 12
47 163 2 2 1 0 14 13 6 14 6
48 166 1 1 1 8 17 6
49 167 3 3 2 5 12 9 6 12 9 3 15 11
