20 50
0 0 6 6 2 1 11 9 7 11 9 2 17 10 4 17 13 8 17 9 9 17 10
1 2 4 4 2 5 10 12 8 10 10 4 11 10 6 11 13
2 4 6 6 1 1 15 10 2 15 8 3 15 10 5 15 12 6 15 7 9 15 8
3 8 6 6 2 2 15 12 3 15 13 0 17 10 1 17 10 6 17 8 7 17 11
4 10 10 1 10 5 10 10 5 11 12 5 12 9 5 13 11 5 14 9 5 15 8 5 16 11 5 17 9 5 18 10 5 19 11
5 11 3 3 2 2 10 9 6 10 11 0 11 10
6 13 2 2 1 1 17 10 9 17 7
7 14 6 6 2 3 11 11 7 11 11 1 13 14 4 13 8 5 13 10 9 13 9
8 17 40 4 10 2 10 8 4 10 11 8 10 11 9 10 10 2 11 13 4 11 11 8 11 12 9 11 9 2 12 9 4 12 9 8 12 12 9 12 14 2 13 13 4 13 12 8 13 7 9 13 10 2 14 11 4 14 11 8 14 10 9 14 9 2 15 10 4 15 12 8 15 13 9 15 14 2 16 12 4 16 14 8 16 10 9 16 16 2 17 11 4 17 13 8 17 10 9 17 11 2 18 11 4 18 13 8 18 14 9 18 8 2 19 8 4 19 10 8 19 11 9 19 7
9 20 8 4 3 6 14 11 0 15 10 3 15 8 5 15 9 0 17 10 3 17 11 5 17 9 6 17 11
10 24 18 6 5 0 12 8 2 12 8 4 12 12 7 12 12 1 13 9 2 13 11 6 13 10 7 13 9 0 17 8 1 17 8 4 17 10 6 17 13 7 17 10 0 18 9 1 19 11 2 19 11 4 19 12 6 19 11
11 27 12 6 4 0 11 10 3 11 13 5 11 10 1 13 10 2 13 8 7 13 10 1 15 11 3 15 11 0 16 8 2 16 10 5 16 8 7 16 7
12 28 6 3 2 0 15 12 4 15 14 9 15 14 0 16 10 4 16 12 9 16 14
13 42 4 4 1 0 15 14 1 15 9 2 15 8 8 15 10
14 43 12 6 4 4 10 12 7 10 11 2 11 9 5 11 10 0 12 6 4 12 8 5 12 12 7 12 10 9 12 16 0 16 11 2 16 6 9 16 11
15 45 18 3 9 7 10 9 2 11 12 7 11 9 9 11 11 9 12 12 2 14 14 7 14 5 9 14 10 2 15 13 7 16 11 2 17 12 9 17 8 2 18 10 7 18 10 9 18 7 2 19 13 7 19 10 9 19 13
16 46 10 5 2 1 12 8 4 12 12 6 12 12 8 12 11 9 12 10 1 15 11 4 15 15 6 15 14 8 15 11 9 15 8
17 47 1 1 1 0 11 11
18 52 4 4 2 4 15 10 7 15 10 8 15 11 1 17 12
19 57 18 6 5 0 11 11 8 11 10 2 13 11 4 13 7 7 13 7 8 13 10 9 13 9 0 15 12 9 15 12 2 16 5 4 16 8 7 16 8 9 16 9 0 19 12 2 19 10 4 19 8 7 19 9 8 19 8
20 59 12 6 4 1 11 9 4 11 12 6 11 10 0 12 13 2 12 15 5 12 11 0 14 10 5 14 14 6 14 11 1 15 10 2 15 9 4 15 11
21 67 4 4 2 4 12 9 6 12 8 0 18 13 5 18 5
22 68 60 6 10 0 10 11 1 10 12 2 10 8 3 10 13 5 10 12 9 10 13 0 11 7 1 11 12 2 11 10 3 11 13 5 11 13 9 11 9 0 12 11 1 12 13 2 12 15 3 12 13 5 12 10 9 12 14 0 13 9 1 13 11 2 13 9 3 13 10 5 13 13 9 13 9 0 14 7 1 14 12 2 14 10 3 14 9 5 14 10 9 14 9 0 15 12 1 15 7 2 15 10 3 15 11 5 15 14 9 15 10 0 16 9 1 16 13 2 16 13 3 16 11 5 16 10 9 16 15 0 17 12 1 17 11 2 17 9 3 17 13 5 17 10 9 17 9 0 18 12 1 18 10 2 18 15 3 18 9 5 18 9 9 18 10 0 19 11 1 19 10 2 19 10 3 19 16 5 19 14 9 19 6
23 71 2 2 1 4 19 10 9 19 8
24 80 18 6 6 0 10 12 2 10 10 5 10 14 7 10 12 8 10 17 2 13 10 4 13 12 7 13 9 0 15 10 2 15 10 7 15 10 5 16 12 8 16 7 0 17 11 4 17 11 8 17 11 4 18 9 5 18 10
25 86 3 3 2 0 13 12 2 18 12 7 18 14
26 89 8 4 3 4 10 9 5 10 7 6 10 9 4 11 12 5 11 9 6 11 5 8 11 11 8 18 10
27 90 6 3 2 1 12 10 6 12 12 7 12 12 1 15 9 6 15 10 7 15 10
28 91 6 6 2 3 10 13 9 10 15 0 15 13 5 15 9 6 15 8 7 15 10
29 95 6 3 3 0 13 14 3 13 13 0 16 13 3 16 9 5 16 11 5 19 13
30 101 1 1 1 9 16 11
31 107 18 6 5 0 11 8 3 11 10 4 11 8 8 11 8 0 14 12 1 14 11 5 14 7 8 14 14 0 15 10 1 15 15 3 15 7 4 15 8 5 15 11 8 15 13 1 17 14 3 19 8 4 19 10 5 19 9
32 114 60 6 10 2 10 13 3 10 9 4 10 10 6 10 13 7 10 15 8 10 9 2 11 11 3 11 10 4 11 9 6 11 10 7 11 10 8 11 11 2 12 10 3 12 12 4 12 11 6 12 14 7 12 13 8 12 8 2 13 12 3 13 10 4 13 8 6 13 14 7 13 11 8 13 10 2 14 8 3 14 12 4 14 10 6 14 11 7 14 13 8 14 13 2 15 12 3 15 10 4 15 15 6 15 9 7 15 9 8 15 8 2 16 13 3 16 8 4 16 8 6 16 12 7 16 8 8 16 11 2 17 11 3 17 11 4 17 12 6 17 13 7 17 9 8 17 10 2 18 13 3 18 8 4 18 10 6 18 11 7 18 9 8 18 7 2 19 10 3 19 14 4 19 13 6 19 10 7 19 8 8 19 7
33 120 6 3 3 7 11 9 6 14 8 8 14 11 6 18 10 7 18 13 8 18 10
34 125 1 1 1 7 17 12
35 127 18 6 5 2 10 14 3 10 10 6 10 11 0 11 12 6 11 16 7 11 10 1 13 14 2 13 8 3 13 10 6 13 12 7 13 10 0 14 12 1 14 12 3 14 13 0 17 11 1 17 8 2 17 11 7 17 16
36 132 6 6 1 2 13 9 3 13 11 4 13 9 6 13 10 7 13 9 9 13 9
37 135 2 2 2 0 13 12 1 18 9
38 137 60 6 10 2 10 11 3 10 12 4 10 10 6 10 13 7 10 9 8 10 8 2 11 10 3 11 12 4 11 10 6 11 10 7 11 6 8 11 10 2 12 10 3 12 6 4 12 9 6 12 13 7 12 9 8 12 12 2 13 13 3 13 9 4 13 10 6 13 16 7 13 13 8 13 10 2 14 10 3 14 10 4 14 11 6 14 9 7 14 9 8 14 16 2 15 13 3 15 10 4 15 10 6 15 11 7 15 12 8 15 13 2 16 11 3 16 14 4 16 8 6 16 13 7 16 7 8 16 14 2 17 7 3 17 10 4 17 13 6 17 10 7 17 10 8 17 7 2 18 14 3 18 9 4 18 10 6 18 12 7 18 12 8 18 8 2 19 10 3 19 11 4 19 10 6 19 11 7 19 15 8 19 7
39 140 18 6 6 4 10 12 9 10 10 0 11 10 8 11 10 9 11 12 6 12 7 7 12 8 0 13 11 4 13 13 7 13 11 8 13 11 9 13 11 4 18 12 6 18 8 7 18 12 0 19 11 6 19 10 8 19 11
40 146 12 6 4 5 14 9 2 16 12 4 16 9 5 16 13 9 16 13 1 18 11 4 18 8 8 18 10 1 19 11 2 19 12 8 19 11 9 19 8
41 149 6 6 2 2 10 9 5 10 13 7 10 11 0 18 11 3 18 10 6 18 8
42 155 24 6 7 5 11 11 8 11 9 9 11 9 0 12 7 3 12 8 5 12 12 7 12 10 3 13 11 7 13 9 8 13 8 9 13 15 0 14 9 5 14 12 9 14 11 0 15 7 3 15 15 5 15 13 8 15 11 0 18 7 7 18 9 3 19 9 7 19 11 8 19 11 9 19 9
43 156 60 6 10 1 10 9 3 10 12 4 10 9 5 10 9 7 10 10 9 10 10 1 11 7 3 11 13 4 11 10 5 11 11 7 11 10 9 11 9 1 12 11 3 12 11 4 12 12 5 12 11 7 12 13 9 12 8 1 13 11 3 13 12 4 13 11 5 13 10 7 13 3 9 13 11 1 14 12 3 14 10 4 14 12 5 14 13 7 14 9 9 14 12 1 15 12 3 15 9 4 15 11 5 15 13 7 15 10 9 15 9 1 16 11 3 16 11 4 16 7 5 16 10 7 16 15 9 16 7 1 17 9 3 17 10 4 17 11 5 17 10 7 17 12 9 17 12 1 18 9 3 18 8 4 18 8 5 18 8 7 18 9 9 18 9 1 19 10 3 19 10 4 19 12 5 19 11 7 19 13 9 19 6
44 159 18 6 5 0 11 12 2 11 11 5 11 13 6 11 10 8 11 15 0 12 9 5 12 9 6 12 13 8 12 8 9 12 6 2 14 9 9 14 10 6 16 14 8 16 9 9 16 8 0 17 12 2 17 9 5 17 12
45 160 3 3 2 0 11 12 7 11 8 1 12 10
46 161 3 3 1 2 17 9 6 17 11 8 17 12
47 163 24 6 7 0 10 11 4 10 10 5 11 9 6 11 8 0 13 12 3 13 11 4 13 10 5 13 13 6 13 9 7 13 13 3 15 10 4 15 8 5 15 9 6 15 8 7 15 10 0 17 13 5 17 9 7 17 10 0 18 11 3 18 12 6 18 10 7 18 11 3 19 10 4 19 8
48 166 18 6 6 6 10 7 7 10 11 8 10 11 0 11 10 3 11 13 6 11 9 0 12 10 3 12 12 4 12 13 7 12 7 3 14 12 4 14 10 7 18 10 8 18 6 0 19 12 4 19 10 6 19 10 8 19 9
49 167 6 6 1 0 15 9 1 15 14 2 15 11 5 15 13 6 15 10 8 15 14
