20 50
0 0 60 6 10 0 10 11 1 10 12 6 10 12 7 10 13 8 10 10 9 10 11 0 11 10 1 11 9 6 11 9 7 11 4 8 11 10 9 11 13 0 12 7 1 12 11 6 12 12 7 12 9 8 12 11 9 12 9 0 13 13 1 13 10 6 13 9 7 13 11 8 13 10 9 13 12 0 14 10 1 14 11 6 14 9 7 14 10 8 14 10 9 14 7 0 15 12 1 15 11 6 15 11 7 15 11 8 15 10 9 15 9 0 16 11 1 16 8 6 16 12 7 16 12 8 16 11 9 16 13 0 17 10 1 17 8 6 17 13 7 17 8 8 17 14 9 17 13 0 18 10 1 18 13 6 18 10 7 18 10 8 18 7 9 18 11 0 19 11 1 19 13 6 19 10 7 19 9 8 19 12 9 19 9
1 2 2 2 2 7 10 10 1 17 12
2 4 18 6 6 0 11 9 3 11 11 5 11 12 8 11 9 4 13 9 7 13 11 0 14 8 4 14 12 8 14 11 0 15 11 3 15 14 5 15 10 7 18 11 8 18 15 3 19 11 4 19 11 5 19 10 7 19 13
3 8 2 2 1 5 13 9 7 13 8
4 10 4 4 1 4 14 13 6 14 13 8 14 11 9 14 10
5 11 24 6 7 2 10 11 3 10 7 4 10 10 6 10 10 8 10 10 8 12 14 9 12 11 2 13 10 4 13 7 6 13 12 8 13 10 9 13 9 4 14 12 9 14 13 3 17 12 4 17 12 6 17 9 2 18 10 3 18 14 6 18 10 9 18 9 2 19 11 3 19 12 8 19 8
6 13 60 6 10 0 10 13 1 10 13 2 10 12 5 10 13 6 10 10 8 10 7 0 11 12 1 11 11 2 11 9 5 11 15 6 11 12 8 11 10 0 12 11 1 12 9 2 12 6 5 12 11 6 12 11 8 12 9 0 13 11 1 13 11 2 13 13 5 13 13 6 13 9 8 13 9 0 14 12 1 14 12 2 14 12 5 14 10 6 14 13 8 14 5 0 15 14 1 15 11 2 15 12 5 15 12 6 15 11 8 15 8 0 16 9 1 16 9 2 16 8 5 16 13 6 16 8 8 16 9 0 17 10 1 17 11 2 17 13 5 17 15 6 17 9 8 17 11 0 18 13 1 18 12 2 18 13 5 18 12 6 18 13 8 18 8 0 19 9 1 19 11 2 19 8 5 19 12 6 19 10 8 19 11
7 14 3 3 1 0 16 10 4 16 13 9 16 10
8 17 30 3 10 1 10 7 2 10 11 9 10 7 1 11 8 2 11 11 9 11 10 1 12 11 2 12 12 9 12 12 1 13 10 2 13 12 9 13 9 1 14 15 2 14 12 9 14 9 1 15 12 2 15 9 9 15 11 1 16 10 2 16 10 9 16 11 1 17 10 2 17 11 9 17 12 1 18 10 2 18 12 9 18 12 1 19 10 2 19 12 9 19 12
9 20 6 3 3 9 14 12 2 18 10 7 18 12 2 19 12 7 19 7 9 19 11
10 24 1 1 1 6 17 6
11 27 2 2 1 1 12 12 6 12 13
12 28 1 1 1 0 19 13
13 42 6 6 1 1 17 11 5 17 12 6 17 12 7 17 10 8 17 10 9 17 13
14 43 18 6 5 0 10 13 2 10 13 8 10 9 9 10 9 0 12 10 1 12 15 2 12 11 6 12 10 8 12 12 9 12 11 6 15 10 1 16 6 2 16 11 6 16 12 8 16 11 0 19 14 1 19 13 9 19 12
15 45 2 2 1 0 19 11 6 19 11
16 46 1 1 1 7 13 12
17 47 1 1 1 3 14 9
18 52 12 6 4 4 11 9 6 11 7 7 11 9 1 14 7 3 14 12 6 14 7 9 14 8 1 15 15 4 15 12 7 15 13 3 16 10 9 16 11
19 57 18 6 6 0 10 9 1 10 12 3 10 8 9 10 13 0 11 7 1 11 10 5 11 4 0 12 12 3 12 11 4 12 11 9 12 11 9 14 12 1 17 15 3 17 12 4 17 13 5 17 7 4 19 11 5 19 9
20 59 1 1 1 5 12 12
21 67 30 3 10 2 10 15 4 10 12 5 10 13 2 11 12 4 11 12 5 11 13 2 12 9 4 12 13 5 12 10 2 13 10 4 13 10 5 13 10 2 14 13 4 14 10 5 14 8 2 15 11 4 15 12 5 15 11 2 16 9 4 16 9 5 16 13 2 17 10 4 17 8 5 17 9 2 18 8 4 18 10 5 18 6 2 19 12 4 19 11 5 19 10
22 68 4 4 1 2 11 11 5 11 10 8 11 10 9 11 11
23 71 18 6 5 0 10 16 1 10 8 6 10 11 8 10 9 0 13 10 4 13 10 8 13 12 9 13 10 1 14 11 4 14 9 9 14 12 0 15 8 4 15 12 6 15 10 8 15 15 9 15 10 1 16 7 6 16 9
24 80 12 6 3 0 12 13 3 12 10 4 12 12 8 12 14 9 12 11 3 16 8 7 16 10 9 16 12 0 19 9 4 19 11 7 19 10 8 19 6
25 86 2 2 1 0 19 10 2 19 11
26 89 2 2 1 6 13 11 8 13 11
27 90 6 3 4 8 11 10 2 16 7 8 16 10 0 18 7 2 18 13 0 19 9
28 91 60 6 10 0 10 13 1 10 8 3 10 9 7 10 11 8 10 9 9 10 8 0 11 14 1 11 9 3 11 13 7 11 9 8 11 11 9 11 13 0 12 9 1 12 11 3 12 9 7 12 9 8 12 9 9 12 15 0 13 11 1 13 16 3 13 10 7 13 11 8 13 12 9 13 13 0 14 11 1 14 12 3 14 12 7 14 12 8 14 14 9 14 8 0 15 11 1 15 8 3 15 8 7 15 10 8 15 12 9 15 8 0 16 11 1 16 12 3 16 8 7 16 10 8 16 8 9 16 10 0 17 9 1 17 11 3 17 10 7 17 11 8 17 10 9 17 10 0 18 12 1 18 14 3 18 10 7 18 10 8 18 12 9 18 11 0 19 14 1 19 11 3 19 9 7 19 8 8 19 11 9 19 9
29 95 2 2 2 5 14 12 4 15 8
30 101 30 3 10 0 10 11 4 10 7 8 10 10 0 11 12 4 11 6 8 11 10 0 12 11 4 12 11 8 12 8 0 13 10 4 13 7 8 13 12 0 14 11 4 14 9 8 14 12 0 15 11 4 15 13 8 15 7 0 16 10 4 16 9 8 16 5 0 17 11 4 17 12 8 17 9 0 18 10 4 18 10 8 18 9 0 19 13 4 19 10 8 19 13
31 107 6 3 3 1 10 9 4 10 11 7 10 10 4 14 10 1 16 12 7 16 11
32 114 3 3 1 1 14 7 3 14 9 6 14 11
33 120 25 5 9 3 11 12 5 11 11 6 11 11 3 12 11 3 13 11 4 13 11 8 13 8 5 14 13 6 14 9 8 14 13 3 15 6 4 15 7 5 15 12 6 15 12 8 15 12 4 16 10 5 16 9 6 16 12 8 16 15 4 17 12 6 17 10 8 17 11 3 18 9 5 18 12 4 19 12
34 125 60 6 10 0 10 10 1 10 16 2 10 11 3 10 10 4 10 12 9 10 12 0 11 13 1 11 12 2 11 9 3 11 7 4 11 11 9 11 9 0 12 8 1 12 10 2 12 14 3 12 8 4 12 9 9 12 13 0 13 9 1 13 8 2 13 12 3 13 14 4 13 8 9 13 9 0 14 12 1 14 9 2 14 9 3 14 9 4 14 13 9 14 8 0 15 10 1 15 10 2 15 8 3 15 11 4 15 11 9 15 6 0 16 9 1 16 8 2 16 11 3 16 12 4 16 13 9 16 7 0 17 12 1 17 13 2 17 11 3 17 13 4 17 11 9 17 11 0 18 13 1 18 8 2 18 11 3 18 11 4 18 10 9 18 10 0 19 13 1 19 11 2 19 12 3 19 12 4 19 7 9 19 11
35 127 12 6 4 2 11 12 3 11 8 5 11 13 7 11 11 9 11 15 2 12 9 5 12 13 9 12 9 0 14 8 0 16 10 3 16 13 7 16 12
36 132 18 6 5 3 11 12 4 11 12 7 11 11 9 11 13 0 15 14 4 15 11 7 15 10 8 15 9 0 16 12 3 16 13 8 16 9 9 16 13 0 17 9 3 17 8 7 17 12 9 17 10 4 18 9 8 18 11
37 135 2 2 1 6 17 8 7 17 12
38 137 20 2 10 2 10 6 4 10 11 2 11 9 4 11 11 2 12 11 4 12 13 2 13 7 4 13 13 2 14 8 4 14 8 2 15 11 4 15 14 2 16 9 4 16 9 2 17 11 4 17 13 2 18 11 4 18 10 2 19 12 4 19 12
39 140 6 3 3 5 15 8 8 15 10 0 16 11 8 16 9 0 18 12 5 18 7
40 146 4 4 1 0 18 12 2 18 11 8 18 10 9 18 9
41 149 6 6 1 0 17 11 3 17 9 5 17 8 7 17 10 8 17 8 9 17 8
42 155 10 1 10 8 10 8 8 11 12 8 12 11 8 13 11 8 14 13 8 15 10 8 16 14 8 17 10 8 18 9 8 19 14
43 156 3 3 1 0 12 11 4 12 8 7 12 11
44 159 8 4 3 6 10 10 8 10 11 5 11 12 6 11 12 8 11 11 9 11 9 5 18 9 9 18 12
45 160 6 3 3 5 13 11 6 13 10 4 14 10 6 14 8 4 17 11 5 17 10
46 161 6 6 1 0 18 11 1 18 9 2 18 11 4 18 12 7 18 15 9 18 12
47 163 12 6 4 0 10 11 1 10 7 7 10 10 5 13 11 0 14 10 1 14 7 2 14 14 5 14 9 7 14 10 8 14 10 2 19 7 8 19 11
48 166 1 1 1 5 13 7
49 167 6 6 1 0 11 8 1 11 10 3 11 10 4 11 10 8 11 14 9 11 9
