20 50
0 0 5 5 1 3 10 9 4 10 9 5 10 12 6 10 11 7 10 9
1 2 2 2 1 3 17 14 7 17 9
2 4 2 2 1 0 12 8 5 12 10
3 8 2 2 1 8 16 12 9 16 8
4 10 60 6 10 0 10 11 1 10 9 2 10 10 5 10 14 7 10 11 8 10 9 0 11 12 1 11 11 2 11 12 5 11 11 7 11 13 8 11 8 0 12 7 1 12 12 2 12 11 5 12 9 7 12 14 8 12 8 0 13 10 1 13 14 2 13 11 5 13 11 7 13 12 8 13 9 0 14 10 1 14 10 2 14 10 5 14 10 7 14 11 8 14 8 0 15 12 1 15 9 2 15 11 5 15 9 7 15 12 8 15 8 0 16 12 1 16 5 2 16 10 5 16 11 7 16 9 8 16 9 0 17 8 1 17 9 2 17 10 5 17 9 7 17 13 8 17 7 0 18 9 1 18 10 2 18 13 5 18 9 7 18 10 8 18 9 0 19 10 1 19 9 2 19 9 5 19 8 7 19 11 8 19 10
5 11 60 6 10 0 10 9 1 10 7 3 10 13 4 10 6 5 10 9 6 10 9 0 11 9 1 11 11 3 11 10 4 11 8 5 11 12 6 11 9 0 12 10 1 12 6 3 12 8 4 12 14 5 12 9 6 12 11 0 13 11 1 13 12 3 13 13 4 13 15 5 13 11 6 13 11 0 14 10 1 14 13 3 14 9 4 14 6 5 14 14 6 14 11 0 15 12 1 15 11 3 15 13 4 15 14 5 15 9 6 15 8 0 16 12 1 16 7 3 16 13 4 16 10 5 16 11 6 16 11 0 17 14 1 17 13 3 17 10 4 17 9 5 17 10 6 17 8 0 18 12 1 18 9 3 18 8 4 18 13 5 18 13 6 18 14 0 19 12 1 19 13 3 19 12 4 19 14 5 19 13 6 19 8
6 13 4 4 1 0 11 11 4 11 7 5 11 12 8 11 9
7 14 2 2 1 5 12 9 6 12 11
8 17 2 2 1 2 13 11 7 13 11
9 20 12 6 3 4 11 14 6 11 11 7 11 12 8 11 11 2 15 11 3 15 12 4 15 10 6 15 8 7 15 12 8 15 13 2 17 9 3 17 11
10 24 60 6 10 0 10 10 1 10 16 2 10 7 3 10 8 4 10 11 8 10 11 0 11 10 1 11 13 2 11 11 3 11 15 4 11 13 8 11 6 0 12 4 1 12 12 2 12 12 3 12 10 4 12 7 8 12 13 0 13 11 1 13 8 2 13 10 3 13 17 4 13 13 8 13 10 0 14 9 1 14 8 2 14 11 3 14 11 4 14 12 8 14 12 0 15 11 1 15 10 2 15 11 3 15 9 4 15 13 8 15 10 0 16 9 1 16 7 2 16 12 3 16 6 4 16 14 8 16 9 0 17 15 1 17 11 2 17 5 3 17 11 4 17 7 8 17 10 0 18 13 1 18 12 2 18 11 3 18 8 4 18 10 8 18 11 0 19 13 1 19 11 2 19 7 3 19 13 4 19 8 8 19 13
11 27 4 1 4 8 10 10 8 12 15 8 15 10 8 19 9
12 28 18 6 5 0 10 10 6 10 8 7 10 11 3 13 10 5 13 10 8 13 11 3 14 7 5 14 12 7 14 9 8 14 9 0 15 9 6 15 13 7 15 9 0 16 10 3 16 11 5 16 8 6 16 16 8 16 14
13 42 6 6 1 1 19 6 2 19 10 3 19 11 4 19 13 5 19 12 8 19 9
14 43 2 2 1 2 13 15 3 13 11
15 45 6 6 1 0 12 9 1 12 11 4 12 11 5 12 12 7 12 11 9 12 11
16 46 2 2 1 3 14 11 9 14 12
17 47 18 6 5 5 12 11 6 12 9 7 12 10 3 13 11 4 13 10 6 13 9 1 16 11 3 16 9 4 16 6 5 16 15 7 16 10 1 17 12 5 17 8 7 17 12 1 19 10 3 19 12 4 19 10 6 19 7
18 52 12 6 4 1 11 10 5 11 8 0 13 10 3 13 9 4 13 11 5 13 12 9 13 9 0 17 9 9 17 11 1 18 8 3 18 9 4 18 9
19 57 3 3 1 6 11 11 8 11 8 9 11 10
20 59 2 2 1 1 19 10 5 19 13
21 67 36 6 10 1 10 10 3 10 10 4 10 9 8 10 10 0 11 8 1 11 9 3 11 9 4 11 11 8 11 14 9 11 13 1 12 10 4 12 9 0 13 11 3 13 10 8 13 11 4 14 10 9 14 12 0 15 7 1 15 11 9 15 5 0 16 7 1 16 13 4 16 9 8 16 12 9 16 11 3 17 11 4 17 12 8 17 12 0 18 10 3 18 12 8 18 10 9 18 10 0 19 10 1 19 15 3 19 11 9 19 15
22 68 24 6 7 1 12 13 2 12 10 3 12 12 7 12 11 0 13 11 1 13 11 3 13 10 4 13 13 0 14 13 3 14 9 7 14 10 1 15 14 2 15 5 3 15 9 1 16 11 4 16 11 0 18 10 2 18 6 4 18 12 7 18 13 0 19 9 2 19 9 4 19 12 7 19 9
23 71 12 6 3 2 12 11 6 12 8 0 14 11 2 14 13 4 14 11 5 14 13 8 14 10 0 18 11 4 18 9 5 18 8 6 18 8 8 18 12
24 80 40 4 10 1 10 8 2 10 13 6 10 10 8 10 11 1 11 10 2 11 10 6 11 13 8 11 10 1 12 13 2 12 9 6 12 12 8 12 11 1 13 10 2 13 11 6 13 6 8 13 11 1 14 6 2 14 8 6 14 6 8 14 10 1 15 10 2 15 10 6 15 8 8 15 10 1 16 12 2 16 11 6 16 11 8 16 8 1 17 11 2 17 13 6 17 10 8 17 11 1 18 10 2 18 9 6 18 7 8 18 10 1 19 9 2 19 11 6 19 11 8 19 9
25 86 12 6 4 1 13 6 5 13 12 9 13 10 3 15 12 5 15 8 6 15 10 7 15 10 1 16 10 6 16 12 9 16 9 3 18 8 7 18 12
26 89 12 6 3 3 14 11 5 14 9 7 14 8 8 14 14 2 15 11 5 15 8 6 15 11 8 15 8 2 19 11 3 19 8 6 19 11 7 19 12
27 90 40 4 10 1 10 9 3 10 14 4 10 12 5 10 9 1 11 11 3 11 7 4 11 12 5 11 13 1 12 12 3 12 12 4 12 10 5 12 11 1 13 8 3 13 9 4 13 12 5 13 7 1 14 12 3 14 10 4 14 5 5 14 7 1 15 13 3 15 11 4 15 10 5 15 8 1 16 10 3 16 8 4 16 9 5 16 12 1 17 13 3 17 10 4 17 11 5 17 13 1 18 9 3 18 11 4 18 11 5 18 11 1 19 13 3 19 13 4 19 13 5 19 7
28 91 4 4 2 5 10 11 6 10 12 2 19 11 4 19 13
29 95 1 1 1 8 15 12
30 101 6 6 2 5 10 12 7 10 13 2 18 10 6 18 11 8 18 10 9 18 11
31 107 12 6 4 1 11 8 2 11 11 7 11 12 9 11 6 6 13 12 1 15 10 4 15 10 6 15 12 2 19 10 4 19 11 7 19 9 9 19 13
32 114 18 6 6 0 11 8 3 11 13 4 11 10 6 11 14 7 11 11 0 12 10 4 12 8 3 13 9 9 13 11 0 16 10 6 16 6 9 16 12 6 17 11 7 17 9 3 18 7 4 18 11 7 18 11 9 18 10
33 120 6 6 1 0 14 15 1 14 13 2 14 7 6 14 11 8 14 11 9 14 9
34 125 6 6 2 2 15 11 4 15 12 5 15 11 6 15 12 7 15 7 9 16 11
35 127 3 3 1 3 15 8 5 15 8 7 15 12
36 132 3 3 2 0 11 8 1 18 7 2 18 11
37 135 8 4 3 4 13 9 5 13 12 7 13 12 8 13 12 5 14 11 7 14 6 8 14 14 4 18 11
38 137 3 3 1 0 11 10 2 11 13 4 11 15
39 140 60 6 10 0 10 8 2 10 8 3 10 8 5 10 10 6 10 12 9 10 13 0 11 9 2 11 14 3 11 11 5 11 14 6 11 14 9 11 12 0 12 9 2 12 9 3 12 13 5 12 10 6 12 17 9 12 11 0 13 10 2 13 13 3 13 10 5 13 9 6 13 12 9 13 8 0 14 12 2 14 9 3 14 13 5 14 9 6 14 8 9 14 11 0 15 9 2 15 7 3 15 12 5 15 13 6 15 10 9 15 10 0 16 12 2 16 14 3 16 11 5 16 9 6 16 9 9 16 11 0 17 10 2 17 11 3 17 10 5 17 10 6 17 12 9 17 11 0 18 11 2 18 9 3 18 10 5 18 13 6 18 10 9 18 10 0 19 11 2 19 10 3 19 13 5 19 10 6 19 15 9 19 10
40 146 2 2 1 0 18 8 7 18 10
41 149 4 4 1 0 18 10 4 18 11 6 18 8 7 18 10
42 155 6 3 3 3 11 9 5 11 11 5 12 13 8 12 11 3 16 8 8 16 11
43 156 2 2 1 4 19 10 9 19 9
44 159 60 6 10 0 10 9 2 10 12 4 10 15 6 10 8 7 10 7 8 10 5 0 11 10 2 11 12 4 11 11 6 11 6 7 11 10 8 11 7 0 12 12 2 12 12 4 12 9 6 12 9 7 12 8 8 12 10 0 13 10 2 13 11 4 13 8 6 13 9 7 13 8 8 13 11 0 14 7 2 14 8 4 14 8 6 14 12 7 14 11 8 14 10 0 15 10 2 15 14 4 15 12 6 15 10 7 15 11 8 15 11 0 16 9 2 16 9 4 16 13 6 16 13 7 16 9 8 16 9 0 17 11 2 17 10 4 17 14 6 17 12 7 17 10 8 17 12 0 18 12 2 18 12 4 18 11 6 18 11 7 18 12 8 18 10 0 19 12 2 19 11 4 19 10 6 19 12 7 19 12 8 19 11
45 160 1 1 1 4 14 8
46 161 2 2 1 0 10 11 1 10 12
47 163 1 1 1 8 11 11
48 166 1 1 1 6 17 9
49 167 24 6 6 0 11 11 1 11 13 2 11 13 3 11 12 6 11 7 1 13 13 3 13 10 0 14 13 1 14 10 3 14 11 7 14 8 0 15 14 1 15 13 2 15 11 6 15 9 7 15 13 0 16 6 2 16 12 6 16 8 7 16 9 2 17 10 3 17 11 6 17 12 7 17 9
