20 50
0 0 1 1 1 8 12 14
1 2 6 6 1 1 11 14 2 11 9 3 11 8 4 11 11 6 11 13 8 11 9
2 4 6 3 2 2 14 10 3 14 11 5 14 11 2 16 10 3 16 9 5 16 10
3 8 2 2 1 0 14 11 5 14 12
4 10 60 6 10 1 10 9 2 10 8 3 10 8 4 10 7 7 10 8 9 10 7 1 11 11 2 11 9 3 11 10 4 11 16 7 11 10 9 11 13 1 12 9 2 12 9 3 12 11 4 12 13 7 12 11 9 12 14 1 13 11 2 13 14 3 13 9 4 13 8 7 13 11 9 13 11 1 14 7 2 14 11 3 14 13 4 14 9 7 14 12 9 14 15 1 15 10 2 15 12 3 15 8 4 15 10 7 15 10 9 15 11 1 16 13 2 16 9 3 16 10 4 16 10 7 16 12 9 16 9 1 17 10 2 17 12 3 17 11 4 17 11 7 17 12 9 17 12 1 18 8 2 18 11 3 18 10 4 18 10 7 18 12 9 18 12 1 19 14 2 19 10 3 19 8 4 19 11 7 19 7 9 19 10
5 11 1 1 1 9 18 12
6 13 2 2 1 4 16 10 6 16 9
7 14 2 1 2 9 11 9 9 19 9
8 17 12 4 5 4 12 10 5 12 12 6 12 10 8 12 7 4 13 13 6 13 8 5 15 12 6 15 11 8 16 10 4 18 10 5 18 12 8 18 8
9 20 18 6 6 0 12 13 3 12 10 3 14 8 6 14 13 7 14 11 8 14 14 0 15 6 4 15 9 3 17 10 4 17 9 7 17 11 8 17 10 0 18 9 4 18 12 6 18 9 6 19 11 7 19 12 8 19 11
10 24 2 2 1 2 15 11 6 15 7
11 27 24 6 6 1 10 8 4 10 14 6 10 10 9 10 11 1 11 11 5 11 8 8 11 14 9 11 10 1 12 10 5 12 14 6 12 8 8 12 8 4 13 10 6 13 10 8 13 9 1 14 11 4 14 11 5 14 8 8 14 11 9 14 15 4 18 13 5 18 12 6 18 9 9 18 12
12 28 12 4 5 1 11 9 3 11 11 6 11 11 6 12 11 7 14 8 1 18 12 3 18 10 6 18 10 7 18 12 1 19 12 3 19 11 7 19 14
13 42 1 1 1 4 16 10
14 43 1 1 1 1 14 13
15 45 1 1 1 3 11 9
16 46 24 6 7 5 10 10 7 10 8 8 10 10 1 13 8 3 13 11 5 13 8 7 13 10 0 14 15 1 14 5 3 14 8 0 15 12 1 15 9 3 15 11 5 15 9 8 15 13 0 16 11 1 16 8 5 16 10 7 16 11 8 16 6 0 18 10 8 18 9 3 19 10 7 19 12
17 47 60 6 10 0 10 10 1 10 10 2 10 11 3 10 9 6 10 9 8 10 10 0 11 10 1 11 11 2 11 13 3 11 9 6 11 10 8 11 10 0 12 10 1 12 13 2 12 9 3 12 7 6 12 10 8 12 9 0 13 12 1 13 12 2 13 9 3 13 11 6 13 11 8 13 12 0 14 12 1 14 11 2 14 8 3 14 12 6 14 9 8 14 12 0 15 7 1 15 10 2 15 12 3 15 13 6 15 8 8 15 9 0 16 11 1 16 9 2 16 10 3 16 8 6 16 11 8 16 12 0 17 6 1 17 12 2 17 10 3 17 9 6 17 8 8 17 10 0 18 8 1 18 10 2 18 11 3 18 13 6 18 6 8 18 11 0 19 9 1 19 9 2 19 11 3 19 8 6 19 12 8 19 11
18 52 12 4 4 3 11 13 8 11 12 9 11 10 7 16 14 3 17 7 7 17 8 8 17 12 9 17 11 3 18 11 7 18 9 8 18 6 9 18 12
19 57 2 2 2 3 16 10 1 19 11
20 59 12 6 3 0 13 12 2 13 10 4 13 9 5 13 10 6 13 11 0 15 11 2 15 12 7 15 9 4 16 12 5 16 12 6 16 3 7 16 13
21 67 2 2 1 5 19 9 8 19 17
22 68 3 3 1 1 17 11 2 17 12 9 17 9
23 71 3 1 3 8 13 12 8 14 11 8 18 8
24 80 3 3 1 0 12 9 3 12 14 9 12 8
25 86 1 1 1 5 12 6
26 89 4 4 2 2 11 11 1 14 9 6 14 13 7 14 12
27 90 1 1 1 5 11 12
28 91 18 6 6 8 10 11 1 12 8 2 12 9 3 12 12 5 12 10 9 12 12 1 13 10 2 13 9 5 13 9 8 13 11 1 15 12 3 15 9 5 15 14 9 15 8 8 16 9 9 16 8 2 17 6 3 17 8
29 95 1 1 1 0 12 10
30 101 24 6 7 0 10 12 8 10 9 0 11 8 2 11 12 3 11 10 4 11 10 5 11 14 8 11 13 3 12 10 4 12 10 2 13 7 4 13 10 5 13 12 5 17 10 0 18 10 2 18 14 3 18 9 5 18 8 8 18 15 0 19 9 2 19 9 3 19 9 4 19 12 8 19 10
31 107 1 1 1 6 12 11
32 114 3 3 2 9 13 5 2 19 13 3 19 5
33 120 3 3 2 9 14 15 2 17 13 5 17 10
34 125 12 6 4 0 10 9 1 10 10 3 10 15 0 14 14 6 14 11 1 16 13 3 16 9 8 16 10 9 16 14 6 19 15 8 19 13 9 19 13
35 127 6 6 2 3 14 12 4 14 10 7 14 10 8 14 12 9 14 10 5 17 13
36 132 60 6 10 0 10 11 3 10 9 4 10 10 5 10 14 6 10 11 7 10 10 0 11 11 3 11 9 4 11 8 5 11 12 6 11 10 7 11 9 0 12 11 3 12 10 4 12 11 5 12 14 6 12 10 7 12 7 0 13 12 3 13 8 4 13 12 5 13 11 6 13 13 7 13 12 0 14 9 3 14 14 4 14 9 5 14 14 6 14 9 7 14 9 0 15 10 3 15 14 4 15 10 5 15 10 6 15 8 7 15 8 0 16 13 3 16 9 4 16 10 5 16 10 6 16 12 7 16 11 0 17 9 3 17 11 4 17 11 5 17 14 6 17 10 7 17 10 0 18 8 3 18 7 4 18 8 5 18 11 6 18 12 7 18 10 0 19 12 3 19 12 4 19 10 5 19 10 6 19 15 7 19 15
37 135 12 6 3 1 14 13 5 14 12 6 14 8 3 15 8 4 15 12 5 15 8 6 15 5 7 15 9 1 17 13 3 17 11 4 17 12 7 17 10
38 137 24 6 6 0 10 11 3 10 13 4 10 11 5 10 12 8 10 9 9 10 12 9 11 11 0 13 8 3 13 10 4 13 11 5 13 11 3 15 12 4 15 8 5 15 11 8 15 10 0 16 9 4 16 7 5 16 10 8 16 12 9 16 9 0 18 12 3 18 13 8 18 13 9 18 8
39 140 18 6 6 3 11 9 4 11 15 0 12 9 4 12 12 6 12 11 8 12 6 0 14 10 1 14 10 0 16 10 1 16 10 3 16 10 8 16 13 1 17 9 4 17 9 6 17 14 3 18 9 6 18 8 8 18 13
40 146 6 6 1 1 11 11 2 11 12 3 11 10 4 11 13 6 11 12 7 11 11
41 149 6 6 1 0 16 15 3 16 8 4 16 10 5 16 13 7 16 8 8 16 10
42 155 4 4 1 0 12 12 1 12 11 6 12 11 7 12 9
43 156 15 5 5 2 10 10 3 10 10 5 10 11 6 10 12 6 12 9 9 12 12 5 15 11 9 15 11 2 17 9 3 17 17 5 17 11 6 17 10 9 17 9 2 19 12 3 19 10
44 159 18 6 6 9 10 13 1 12 9 5 12 9 6 12 12 7 12 12 0 14 13 1 14 10 9 14 15 7 16 14 9 16 12 0 17 8 1 17 11 5 17 9 6 17 11 7 17 10 0 19 10 5 19 9 6 19 7
45 160 6 6 1 0 15 12 2 15 12 3 15 10 5 15 12 7 15 10 8 15 11
46 161 1 1 1 5 14 10
47 163 4 4 1 0 13 7 2 13 13 7 13 10 8 13 10
48 166 60 6 10 0 10 11 1 10 12 2 10 15 5 10 9 8 10 10 9 10 8 0 11 11 1 11 10 2 11 10 5 11 9 8 11 11 9 11 9 0 12 13 1 12 10 2 12 13 5 12 10 8 12 11 9 12 12 0 13 11 1 13 10 2 13 11 5 13 10 8 13 15 9 13 11 0 14 10 1 14 12 2 14 11 5 14 13 8 14 11 9 14 12 0 15 14 1 15 9 2 15 8 5 15 10 8 15 8 9 15 13 0 16 9 1 16 10 2 16 11 5 16 8 8 16 12 9 16 12 0 17 11 1 17 11 2 17 10 5 17 11 8 17 6 9 17 10 0 18 9 1 18 10 2 18 8 5 18 9 8 18 11 9 18 11 0 19 8 1 19 8 2 19 12 5 19 9 8 19 10 9 19 10
49 167 6 6 2 0 11 12 1 11 10 5 11 10 9 11 10 6 13 10 7 13 12
