20 50
0 0 6 6 2 7 17 11 8 17 12 9 17 10 0 18 11 3 18 10 6 18 8
1 2 12 6 3 1 10 13 2 10 12 7 10 11 8 10 14 0 12 10 1 12 10 5 12 10 8 12 13 0 13 9 2 13 9 5 13 12 7 13 13
2 4 6 6 1 0 13 8 2 13 11 3 13 10 4 13 10 5 13 10 9 13 11
3 8 60 6 10 3 10 11 4 10 8 5 10 12 7 10 11 8 10 9 9 10 11 3 11 8 4 11 8 5 11 11 7 11 9 8 11 11 9 11 12 3 12 15 4 12 10 5 12 9 7 12 11 8 12 10 9 12 13 3 13 10 4 13 6 5 13 10 7 13 6 8 13 9 9 13 10 3 14 13 4 14 14 5 14 10 7 14 14 8 14 11 9 14 7 3 15 12 4 15 10 5 15 12 7 15 13 8 15 11 9 15 14 3 16 12 4 16 14 5 16 10 7 16 11 8 16 9 9 16 8 3 17 11 4 17 17 5 17 7 7 17 13 8 17 10 9 17 10 3 18 9 4 18 12 5 18 11 7 18 13 8 18 12 9 18 14 3 19 12 4 19 16 5 19 9 7 19 10 8 19 10 9 19 10
4 10 60 6 10 0 10 9 1 10 12 5 10 8 6 10 12 7 10 12 8 10 9 0 11 11 1 11 10 5 11 7 6 11 11 7 11 12 8 11 13 0 12 7 1 12 10 5 12 12 6 12 12 7 12 9 8 12 8 0 13 10 1 13 10 5 13 12 6 13 10 7 13 8 8 13 10 0 14 10 1 14 10 5 14 10 6 14 11 7 14 11 8 14 8 0 15 12 1 15 11 5 15 7 6 15 8 7 15 9 8 15 11 0 16 11 1 16 7 5 16 14 6 16 10 7 16 12 8 16 12 0 17 9 1 17 13 5 17 8 6 17 9 7 17 10 8 17 9 0 18 12 1 18 12 5 18 11 6 18 9 7 18 13 8 18 7 0 19 12 1 19 12 5 19 10 6 19 8 7 19 10 8 19 13
5 11 24 6 7 4 10 8 6 10 11 7 10 10 9 10 10 7 12 12 8 12 11 9 12 9 4 13 10 6 13 10 8 13 9 1 16 11 4 16 6 6 16 8 1 17 14 7 17 12 8 17 13 9 17 10 1 18 11 4 18 11 1 19 11 6 19 7 7 19 11 8 19 9 9 19 14
6 13 18 6 6 2 10 11 6 10 10 3 11 14 4 11 11 7 11 13 1 12 12 2 12 14 4 12 13 7 14 11 1 15 9 3 15 10 4 15 13 6 15 10 7 15 11 1 17 12 2 17 9 3 17 10 6 17 12
7 14 1 1 1 5 10 11
8 17 1 1 1 3 17 11
9 20 6 6 2 3 10 13 5 10 7 8 10 11 0 15 12 2 15 12 4 15 12
10 24 2 2 2 5 14 10 9 16 8
11 27 12 6 3 1 10 10 2 10 12 3 10 11 6 10 14 7 10 11 9 10 13 2 17 10 6 17 10 7 17 7 9 17 10 1 18 11 3 18 10
12 28 3 3 1 0 19 12 5 19 14 9 19 12
13 42 24 6 7 0 12 7 3 12 11 4 12 14 4 13 10 5 13 10 6 13 10 8 13 11 0 15 12 3 15 14 4 15 8 5 15 11 6 15 12 0 16 12 5 16 8 3 17 9 8 17 10 0 18 15 3 18 13 6 18 9 8 18 9 4 19 10 5 19 11 6 19 10 8 19 10
14 43 18 6 5 1 10 11 5 10 8 6 10 13 8 10 13 1 12 12 5 12 10 6 12 9 7 12 11 9 12 10 1 14 13 7 14 11 8 14 7 5 16 10 6 16 12 7 16 10 9 16 14 8 18 9 9 18 7
15 45 3 3 1 0 16 9 3 16 12 6 16 7
16 46 12 6 4 8 13 11 9 13 11 4 16 7 0 17 9 5 17 10 6 17 11 8 17 9 0 18 9 4 18 8 5 18 10 6 18 8 9 18 8
17 47 4 4 1 0 11 10 1 11 11 4 11 11 5 11 13
18 52 18 6 6 1 10 14 5 10 11 8 10 11 1 14 11 2 14 7 5 14 10 7 14 10 8 14 11 6 15 10 7 15 12 1 16 8 2 16 11 6 16 12 7 16 13 5 18 10 6 18 11 8 18 13 2 19 9
19 57 6 6 1 0 11 14 1 11 8 4 11 10 6 11 8 7 11 13 9 11 12
20 59 2 2 1 4 10 9 8 10 8
21 67 20 2 10 1 10 12 3 10 12 1 11 17 3 11 14 1 12 8 3 12 10 1 13 11 3 13 9 1 14 11 3 14 11 1 15 9 3 15 10 1 16 11 3 16 15 1 17 13 3 17 12 1 18 9 3 18 13 1 19 11 3 19 11
22 68 8 4 3 1 12 10 4 12 11 5 12 11 1 16 10 2 16 12 5 16 9 2 19 13 4 19 10
23 71 1 1 1 4 15 8
24 80 60 6 10 1 10 12 3 10 13 4 10 9 6 10 11 8 10 8 9 10 13 1 11 8 3 11 12 4 11 9 6 11 12 8 11 14 9 11 9 1 12 14 3 12 13 4 12 13 6 12 12 8 12 11 9 12 11 1 13 8 3 13 10 4 13 13 6 13 10 8 13 9 9 13 11 1 14 8 3 14 13 4 14 12 6 14 11 8 14 10 9 14 12 1 15 10 3 15 17 4 15 11 6 15 10 8 15 8 9 15 8 1 16 13 3 16 14 4 16 11 6 16 9 8 16 13 9 16 11 1 17 12 3 17 11 4 17 9 6 17 10 8 17 11 9 17 13 1 18 12 3 18 11 4 18 9 6 18 13 8 18 12 9 18 11 1 19 9 3 19 14 4 19 13 6 19 13 8 19 9 9 19 4
25 86 60 6 10 0 10 12 1 10 12 2 10 11 5 10 10 7 10 12 8 10 7 0 11 9 1 11 17 2 11 12 5 11 15 7 11 11 8 11 9 0 12 13 1 12 10 2 12 14 5 12 10 7 12 13 8 12 11 0 13 11 1 13 9 2 13 11 5 13 9 7 13 14 8 13 10 0 14 9 1 14 9 2 14 10 5 14 11 7 14 10 8 14 8 0 15 13 1 15 10 2 15 7 5 15 11 7 15 11 8 15 13 0 16 13 1 16 10 2 16 10 5 16 5 7 16 12 8 16 12 0 17 10 1 17 10 2 17 12 5 17 11 7 17 10 8 17 13 0 18 10 1 18 8 2 18 9 5 18 13 7 18 9 8 18 12 0 19 11 1 19 10 2 19 14 5 19 14 7 19 14 8 19 8
26 89 40 4 10 0 10 10 1 10 11 3 10 13 7 10 11 0 11 11 1 11 10 3 11 13 7 11 9 0 12 10 1 12 11 3 12 13 7 12 9 0 13 10 1 13 8 3 13 10 7 13 12 0 14 11 1 14 14 3 14 8 7 14 15 0 15 9 1 15 9 3 15 7 7 15 12 0 16 9 1 16 12 3 16 12 7 16 10 0 17 14 1 17 13 3 17 13 7 17 8 0 18 8 1 18 11 3 18 10 7 18 10 0 19 12 1 19 10 3 19 9 7 19 11
27 90 1 1 1 6 13 10
28 91 18 6 6 5 10 8 7 10 11 8 10 9 9 10 8 5 11 9 7 11 13 3 12 11 5 12 9 6 12 8 6 13 10 8 13 11 3 16 11 8 16 6 9 16 12 3 19 9 6 19 10 7 19 16 9 19 11
29 95 3 3 1 1 17 11 6 17 12 7 17 11
30 101 3 3 2 4 13 8 9 13 11 5 16 10
31 107 10 5 4 0 10 8 8 10 10 6 12 10 0 16 11 2 16 8 3 16 15 6 16 12 2 18 8 3 18 13 8 18 11
32 114 24 6 7 5 11 9 6 11 11 8 11 11 6 12 12 7 12 9 8 12 12 9 12 9 5 13 10 6 13 9 9 13 10 4 14 15 7 14 11 8 14 9 4 15 10 7 15 9 9 15 11 4 18 12 5 18 10 6 18 10 7 18 12 4 19 9 5 19 11 8 19 11 9 19 11
33 120 1 1 1 9 15 7
34 125 1 1 1 8 18 8
35 127 20 2 10 5 10 10 6 10 13 5 11 8 6 11 13 5 12 10 6 12 10 5 13 8 6 13 8 5 14 8 6 14 9 5 15 13 6 15 10 5 16 11 6 16 9 5 17 14 6 17 8 5 18 8 6 18 12 5 19 12 6 19 8
36 132 50 5 10 1 10 9 3 10 11 5 10 12 7 10 12 8 10 7 1 11 11 3 11 11 5 11 10 7 11 10 8 11 13 1 12 12 3 12 12 5 12 13 7 12 9 8 12 11 1 13 10 3 13 11 5 13 12 7 13 13 8 13 15 1 14 12 3 14 16 5 14 10 7 14 13 8 14 9 1 15 12 3 15 10 5 15 8 7 15 8 8 15 9 1 16 12 3 16 7 5 16 12 7 16 11 8 16 10 1 17 8 3 17 11 5 17 13 7 17 11 8 17 8 1 18 11 3 18 11 5 18 10 7 18 11 8 18 8 1 19 10 3 19 11 5 19 12 7 19 10 8 19 13
37 135 4 4 2 9 10 7 0 11 12 3 11 13 6 11 11
38 137 12 6 4 3 13 8 4 13 10 7 13 7 8 13 10 4 14 11 8 14 10 9 14 11 1 16 13 3 16 11 7 16 8 9 16 11 1 18 9
39 140 4 4 1 2 16 11 3 16 8 6 16 7 9 16 13
40 146 48 6 10 7 10 13 8 10 11 9 10 11 0 11 9 2 11 13 6 11 10 7 11 10 9 11 10 0 12 12 2 12 6 6 12 10 7 12 9 8 12 14 9 12 14 0 13 12 6 13 9 7 13 10 8 13 11 9 13 11 0 14 12 2 14 11 6 14 9 7 14 10 8 14 7 9 14 9 0 15 7 2 15 6 6 15 10 7 15 9 8 15 11 9 15 7 0 16 12 2 16 10 7 16 12 8 16 10 0 17 9 2 17 12 6 17 9 7 17 11 8 17 14 9 17 8 0 18 13 2 18 12 6 18 11 8 18 12 9 18 13 2 19 13 6 19 9
41 149 24 6 8 0 10 10 1 10 9 5 10 10 9 10 11 0 11 8 4 11 12 5 11 10 6 11 11 5 12 9 4 13 6 6 13 7 9 13 12 1 14 10 6 14 10 9 14 10 0 15 10 1 15 10 6 15 7 9 15 13 1 16 11 4 16 13 0 17 13 4 17 11 5 17 9
42 155 24 6 7 1 10 14 3 10 11 7 10 7 1 11 11 3 11 10 4 11 8 6 11 10 0 13 12 3 13 11 4 13 12 7 13 14 4 14 11 6 14 10 7 14 12 0 16 12 3 16 13 6 16 9 0 18 8 1 18 12 6 18 11 0 19 13 1 19 9 4 19 6 7 19 14
43 156 6 6 1 0 16 11 1 16 10 3 16 8 4 16 11 7 16 7 8 16 13
44 159 15 5 5 4 10 12 6 10 8 9 10 13 3 12 13 6 12 11 9 12 12 4 14 7 8 14 9 9 14 9 3 15 13 6 15 13 8 15 6 3 18 9 4 18 10 8 18 8
45 160 18 6 6 3 10 11 4 10 11 6 10 10 8 12 11 9 12 14 3 14 13 4 14 10 6 14 14 9 14 12 2 17 8 4 17 12 8 17 12 9 17 11 2 18 11 6 18 12 2 19 15 3 19 13 8 19 12
46 161 18 6 6 7 11 9 8 11 12 0 12 10 2 12 9 4 12 14 5 12 12 7 12 9 8 12 10 2 14 10 4 14 12 5 14 7 8 14 10 0 16 11 2 16 10 4 16 12 7 16 8 5 18 13 0 19 10
47 163 4 4 1 0 15 13 1 15 12 8 15 12 9 15 14
48 166 6 6 3 5 10 11 2 13 10 3 13 11 6 15 11 7 15 14 8 15 9
49 167 2 2 1 2 12 8 6 12 9
