20 50
0 0 1 1 1 7 18 11
1 2 6 6 2 0 10 10 1 10 9 2 10 8 5 10 6 4 12 14 9 12 12
2 4 4 4 1 0 18 10 2 18 10 3 18 9 7 18 9
3 8 6 6 2 0 10 9 8 10 11 9 10 11 1 16 9 3 16 8 6 16 12
4 10 60 6 10 1 10 11 3 10 11 5 10 14 6 10 12 7 10 15 8 10 9 1 11 12 3 11 12 5 11 13 6 11 10 7 11 10 8 11 12 1 12 9 3 12 7 5 12 11 6 12 10 7 12 8 8 12 11 1 13 11 3 13 9 5 13 11 6 13 14 7 13 10 8 13 8 1 14 13 3 14 12 5 14 10 6 14 15 7 14 11 8 14 12 1 15 10 3 15 14 5 15 9 6 15 13 7 15 13 8 15 11 1 16 11 3 16 5 5 16 7 6 16 11 7 16 9 8 16 5 1 17 9 3 17 12 5 17 8 6 17 11 7 17 16 8 17 8 1 18 9 3 18 12 5 18 8 6 18 13 7 18 9 8 18 11 1 19 11 3 19 11 5 19 9 6 19 7 7 19 8 8 19 10
5 11 18 6 5 0 11 9 1 11 10 6 11 6 8 11 10 0 12 13 4 12 11 6 12 11 7 12 12 0 13 9 1 13 8 4 13 11 8 13 12 1 16 12 7 16 7 8 16 15 4 19 10 6 19 12 7 19 12
6 13 2 2 1 2 12 11 4 12 13
7 14 30 3 10 3 10 13 4 10 10 9 10 12 3 11 11 4 11 12 9 11 8 3 12 12 4 12 9 9 12 12 3 13 13 4 13 9 9 13 11 3 14 7 4 14 11 9 14 12 3 15 7 4 15 10 9 15 11 3 16 13 4 16 8 9 16 14 3 17 8 4 17 11 9 17 9 3 18 13 4 18 10 9 18 8 3 19 14 4 19 13 9 19 8
8 17 2 2 1 4 12 9 7 12 14
9 20 4 4 1 0 18 10 2 18 10 3 18 12 5 18 9
10 24 1 1 1 0 16 10
11 27 1 1 1 0 18 10
12 28 12 6 4 3 13 11 5 13 10 6 13 9 8 13 11 5 14 11 6 14 9 9 14 12 0 16 14 8 16 9 0 18 11 3 18 11 9 18 5
13 42 2 2 1 0 13 12 7 13 13
14 43 2 2 2 6 10 10 9 17 7
15 45 18 6 6 0 10 11 5 10 12 2 11 13 6 11 6 0 13 10 2 13 11 4 13 10 5 13 9 6 13 8 8 13 10 4 14 8 5 14 12 4 15 9 8 15 8 0 18 11 2 18 8 6 18 13 8 18 10
16 46 3 3 1 1 15 8 2 15 10 5 15 11
17 47 18 6 5 4 13 9 6 13 12 0 14 12 3 14 11 4 14 11 6 14 9 7 14 9 3 15 7 4 15 7 5 15 10 7 15 6 0 17 11 5 17 10 6 17 9 7 17 11 0 19 11 3 19 6 5 19 13
18 52 2 2 1 1 13 10 8 13 8
19 57 12 6 4 8 11 9 1 12 8 6 12 7 7 12 10 8 12 14 0 16 11 1 16 10 5 16 13 6 16 10 0 18 7 5 18 13 7 18 11
20 59 12 6 3 6 12 11 7 12 8 8 12 7 9 12 11 2 16 10 5 16 10 6 16 8 9 16 13 2 19 13 5 19 11 7 19 9 8 19 14
21 67 8 4 4 1 10 10 4 10 12 8 10 14 9 10 11 8 12 11 9 15 7 1 19 10 4 19 8
22 68 2 2 2 6 15 11 1 16 10
23 71 60 6 10 0 10 14 1 10 12 2 10 9 4 10 13 6 10 8 7 10 12 0 11 12 1 11 11 2 11 11 4 11 10 6 11 10 7 11 12 0 12 10 1 12 10 2 12 10 4 12 10 6 12 7 7 12 11 0 13 13 1 13 8 2 13 12 4 13 12 6 13 11 7 13 9 0 14 11 1 14 11 2 14 12 4 14 10 6 14 9 7 14 12 0 15 9 1 15 9 2 15 9 4 15 10 6 15 12 7 15 10 0 16 13 1 16 9 2 16 11 4 16 8 6 16 11 7 16 12 0 17 11 1 17 12 2 17 9 4 17 12 6 17 7 7 17 11 0 18 9 1 18 13 2 18 11 4 18 14 6 18 11 7 18 12 0 19 8 1 19 8 2 19 11 4 19 9 6 19 9 7 19 15
24 80 2 2 1 0 18 11 3 18 12
25 86 6 6 1 0 14 11 2 14 10 3 14 11 4 14 12 7 14 10 8 14 9
26 89 2 2 1 3 12 13 7 12 10
27 90 6 6 1 1 12 14 2 12 11 3 12 8 4 12 10 5 12 8 9 12 10
28 91 6 6 1 0 19 11 1 19 9 2 19 8 3 19 14 6 19 8 8 19 13
29 95 60 6 10 0 10 7 1 10 7 2 10 10 3 10 11 6 10 8 7 10 14 0 11 11 1 11 10 2 11 10 3 11 11 6 11 6 7 11 11 0 12 11 1 12 11 2 12 6 3 12 8 6 12 13 7 12 11 0 13 13 1 13 10 2 13 11 3 13 9 6 13 11 7 13 9 0 14 8 1 14 8 2 14 11 3 14 10 6 14 10 7 14 8 0 15 11 1 15 14 2 15 8 3 15 11 6 15 11 7 15 12 0 16 11 1 16 7 2 16 13 3 16 14 6 16 9 7 16 11 0 17 11 1 17 13 2 17 12 3 17 13 6 17 10 7 17 10 0 18 13 1 18 13 2 18 13 3 18 10 6 18 10 7 18 9 0 19 7 1 19 11 2 19 8 3 19 11 6 19 8 7 19 13
30 101 1 1 1 1 13 12
31 107 10 1 10 7 10 9 7 11 10 7 12 11 7 13 14 7 14 10 7 15 13 7 16 10 7 17 13 7 18 14 7 19 12
32 114 2 2 2 8 13 15 6 17 11
33 120 3 3 1 0 11 11 3 11 9 7 11 10
34 125 1 1 1 3 15 9
35 127 6 3 3 3 10 13 4 10 12 2 11 11 2 19 11 3 19 10 4 19 9
36 132 2 2 1 5 10 11 7 10 11
37 135 12 6 3 1 13 14 9 13 7 3 14 9 5 14 13 6 14 15 8 14 7 1 15 10 3 15 9 5 15 10 6 15 7 8 15 11 9 15 13
38 137 6 6 1 1 16 11 3 16 9 4 16 7 5 16 7 6 16 10 7 16 11
39 140 24 6 7 8 10 12 9 10 8 0 11 11 4 11 12 7 11 12 9 11 10 6 12 13 7 12 6 8 12 11 0 14 11 4 14 8 6 14 8 0 15 6 4 15 10 6 15 13 0 17 8 7 17 10 8 17 10 9 17 8 4 19 10 6 19 10 7 19 10 8 19 11 9 19 14
40 146 10 1 10 6 10 9 6 11 11 6 12 10 6 13 10 6 14 8 6 15 9 6 16 12 6 17 10 6 18 11 6 19 12
41 149 1 1 1 0 15 14
42 155 1 1 1 5 12 12
43 156 12 6 3 0 10 11 5 10 10 8 10 9 4 12 6 5 12 8 6 12 10 7 12 10 0 14 11 4 14 9 6 14 12 7 14 7 8 14 12
44 159 3 1 3 1 12 13 1 14 11 1 17 12
45 160 2 2 2 2 15 11 3 17 10
46 161 3 3 1 5 17 12 7 17 11 9 17 10
47 163 60 6 10 2 10 10 3 10 14 4 10 12 6 10 12 7 10 11 8 10 12 2 11 12 3 11 10 4 11 9 6 11 12 7 11 14 8 11 8 2 12 13 3 12 13 4 12 9 6 12 8 7 12 6 8 12 10 2 13 9 3 13 9 4 13 8 6 13 13 7 13 12 8 13 9 2 14 11 3 14 10 4 14 12 6 14 12 7 14 11 8 14 10 2 15 10 3 15 9 4 15 11 6 15 14 7 15 11 8 15 14 2 16 11 3 16 11 4 16 9 6 16 12 7 16 11 8 16 12 2 17 10 3 17 10 4 17 9 6 17 10 7 17 10 8 17 7 2 18 7 3 18 13 4 18 8 6 18 12 7 18 10 8 18 9 2 19 8 3 19 9 4 19 10 6 19 9 7 19 9 8 19 11
48 166 3 3 1 2 12 12 6 12 10 9 12 9
49 167 24 6 7 2 10 9 3 10 10 6 10 5 7 10 12 8 10 11 9 10 9 2 11 13 3 11 9 9 11 13 3 12 12 6 12 13 8 12 12 9 12 12 7 14 13 8 14 12 2 16 9 7 16 8 2 17 11 3 17 10 6 17 9 7 17 7 9 17 13 6 18 13 8 18 11
