20 50
0 0 2 2 1 3 10 9 6 10 13
1 2 2 2 2 9 16 9 6 17 10
2 4 10 1 10 8 10 6 8 11 10 8 12 9 8 13 8 8 14 9 8 15 11 8 16 9 8 17 11 8 18 11 8 19 15
3 8 12 6 4 3 10 11 9 10 13 0 15 8 3 15 9 4 15 7 7 15 9 4 16 8 5 16 11 9 16 9 0 18 12 5 18 11 7 18 11
4 10 6 6 2 3 17 11 8 17 12 0 18 8 4 18 8 6 18 9 7 18 7
5 11 6 6 3 5 11 10 8 11 10 0 12 13 1 12 11 7 17 10 9 17 14
6 13 60 6 10 0 10 10 1 10 7 2 10 9 4 10 9 6 10 12 8 10 12 0 11 8 1 11 9 2 11 8 4 11 11 6 11 8 8 11 7 0 12 6 1 12 11 2 12 11 4 12 10 6 12 11 8 12 10 0 13 11 1 13 11 2 13 10 4 13 8 6 13 4 8 13 11 0 14 12 1 14 9 2 14 14 4 14 9 6 14 9 8 14 12 0 15 10 1 15 9 2 15 11 4 15 14 6 15 9 8 15 12 0 16 10 1 16 10 2 16 13 4 16 11 6 16 9 8 16 12 0 17 13 1 17 15 2 17 12 4 17 10 6 17 5 8 17 10 0 18 13 1 18 12 2 18 12 4 18 8 6 18 10 8 18 11 0 19 11 1 19 13 2 19 7 4 19 11 6 19 10 8 19 10
7 14 2 2 1 3 13 9 6 13 12
8 17 10 5 3 0 16 16 5 16 12 6 16 10 4 17 8 6 17 11 7 17 12 0 19 7 4 19 9 5 19 12 7 19 12
9 20 1 1 1 1 13 7
10 24 6 6 2 3 11 9 5 11 9 9 11 7 0 16 8 1 16 10 7 16 9
11 27 3 3 1 1 12 12 2 12 12 3 12 14
12 28 1 1 1 1 18 12
13 42 2 2 1 0 17 10 6 17 11
14 43 3 3 1 5 10 17 6 10 12 9 10 11
15 45 1 1 1 8 15 13
16 46 60 6 10 1 10 12 4 10 10 5 10 11 6 10 11 7 10 12 8 10 10 1 11 10 4 11 11 5 11 11 6 11 8 7 11 9 8 11 13 1 12 11 4 12 13 5 12 13 6 12 9 7 12 11 8 12 12 1 13 13 4 13 10 5 13 10 6 13 11 7 13 9 8 13 10 1 14 10 4 14 11 5 14 8 6 14 13 7 14 12 8 14 10 1 15 4 4 15 13 5 15 10 6 15 10 7 15 8 8 15 12 1 16 11 4 16 12 5 16 13 6 16 12 7 16 11 8 16 13 1 17 11 4 17 13 5 17 10 6 17 12 7 17 14 8 17 11 1 18 10 4 18 11 5 18 8 6 18 10 7 18 9 8 18 12 1 19 7 4 19 10 5 19 11 6 19 7 7 19 14 8 19 11
17 47 18 6 6 2 10 11 4 10 10 6 10 7 3 11 13 4 11 9 9 11 9 0 12 11 2 12 13 3 12 13 9 12 12 3 13 6 0 14 15 2 14 10 4 14 8 6 14 13 9 14 8 0 18 11 6 18 11
18 52 30 3 10 0 10 12 6 10 12 9 10 10 0 11 12 6 11 10 9 11 11 0 12 9 6 12 7 9 12 10 0 13 10 6 13 11 9 13 11 0 14 11 6 14 16 9 14 15 0 15 7 6 15 9 9 15 11 0 16 12 6 16 10 9 16 10 0 17 11 6 17 10 9 17 11 0 18 12 6 18 15 9 18 14 0 19 12 6 19 11 9 19 10
19 57 1 1 1 2 16 6
20 59 12 6 3 2 16 8 4 16 11 7 16 10 8 16 9 9 16 10 1 17 8 2 17 11 8 17 13 1 18 7 4 18 10 7 18 11 9 18 11
21 67 12 6 3 0 11 10 2 11 13 8 11 6 0 12 12 4 12 12 5 12 10 6 12 14 8 12 13 2 17 10 4 17 7 5 17 7 6 17 15
22 68 5 5 1 2 10 11 3 10 10 5 10 11 7 10 11 8 10 10
23 71 18 6 5 0 11 10 2 11 11 3 11 6 5 11 7 7 11 10 3 12 7 1 13 16 2 13 9 3 13 11 0 14 11 1 14 10 5 14 12 7 14 11 0 19 12 1 19 12 2 19 12 5 19 10 7 19 8
24 80 8 4 3 4 13 7 5 13 11 6 13 11 0 16 10 6 16 10 0 19 10 4 19 10 5 19 9
25 86 2 2 1 0 11 9 7 11 8
26 89 12 6 4 3 14 9 0 15 12 8 15 12 9 15 9 4 17 11 5 17 8 8 17 12 0 19 10 3 19 13 4 19 9 5 19 13 9 19 6
27 90 6 6 1 1 18 8 2 18 10 4 18 9 6 18 11 8 18 11 9 18 7
28 91 24 6 7 1 11 11 2 11 9 5 11 14 7 11 11 1 12 10 2 12 11 4 12 11 7 12 11 8 12 9 2 13 12 4 13 12 5 13 13 1 14 12 4 14 9 5 14 5 8 14 10 4 15 13 7 15 13 8 15 10 1 16 9 2 16 9 5 16 12 8 16 10 7 17 9
29 95 12 6 3 1 12 11 2 12 8 3 12 13 4 12 11 1 15 8 4 15 13 7 15 13 9 15 13 2 17 9 3 17 10 7 17 9 9 17 12
30 101 6 3 3 4 11 13 1 13 12 2 13 11 1 19 7 2 19 12 4 19 11
31 107 18 6 5 3 10 10 4 10 8 6 10 9 7 10 10 2 13 10 3 13 14 5 13 12 6 13 16 7 13 10 2 15 10 3 15 7 4 15 11 2 18 11 4 18 14 5 18 11 5 19 8 6 19 9 7 19 9
32 114 1 1 1 8 16 7
33 120 2 2 1 4 10 11 6 10 9
34 125 10 1 10 2 10 10 2 11 13 2 12 12 2 13 15 2 14 15 2 15 11 2 16 6 2 17 11 2 18 12 2 19 11
35 127 1 1 1 6 16 10
36 132 42 6 10 1 10 12 2 10 12 3 10 10 4 10 12 9 10 10 1 11 11 2 11 12 3 11 14 4 11 13 8 11 14 1 12 9 3 12 13 8 12 10 9 12 9 1 13 9 2 13 11 4 13 6 8 13 12 9 13 9 2 14 12 3 14 14 4 14 9 9 14 10 1 15 13 2 15 7 8 15 9 9 15 13 2 16 8 3 16 10 4 16 9 8 16 14 9 16 11 1 17 9 4 17 10 8 17 12 3 18 13 4 18 12 8 18 13 9 18 9 1 19 7 2 19 10 3 19 10
37 135 2 2 1 3 18 10 7 18 12
38 137 6 6 1 0 12 10 2 12 10 6 12 9 7 12 12 8 12 13 9 12 11
39 140 60 6 10 1 10 12 3 10 7 4 10 11 7 10 11 8 10 12 9 10 8 1 11 11 3 11 10 4 11 5 7 11 8 8 11 8 9 11 14 1 12 14 3 12 8 4 12 13 7 12 8 8 12 8 9 12 10 1 13 9 3 13 7 4 13 9 7 13 9 8 13 8 9 13 12 1 14 11 3 14 7 4 14 9 7 14 7 8 14 7 9 14 10 1 15 9 3 15 12 4 15 10 7 15 5 8 15 10 9 15 8 1 16 12 3 16 11 4 16 13 7 16 9 8 16 12 9 16 10 1 17 10 3 17 10 4 17 12 7 17 10 8 17 7 9 17 11 1 18 12 3 18 8 4 18 10 7 18 10 8 18 8 9 18 10 1 19 8 3 19 11 4 19 11 7 19 12 8 19 8 9 19 13
40 146 18 6 6 1 10 14 4 10 11 5 10 14 6 10 9 1 11 7 5 11 10 7 11 13 1 13 11 3 13 12 3 14 8 4 14 8 5 14 10 6 14 11 7 14 10 6 17 10 3 18 10 4 18 11 7 18 10
41 149 21 3 10 0 10 12 6 10 14 9 10 14 0 11 10 6 11 12 9 11 7 9 12 8 0 13 7 0 14 11 6 14 10 6 15 10 9 15 8 0 16 10 6 16 12 0 17 10 6 17 15 9 17 7 9 18 8 0 19 10 6 19 10 9 19 9
42 155 1 1 1 4 11 10
43 156 2 2 1 0 12 8 4 12 7
44 159 6 3 3 1 10 10 4 10 12 4 18 10 9 18 17 1 19 12 9 19 10
45 160 1 1 1 0 19 7
46 161 12 6 3 2 12 11 4 12 11 9 12 10 3 13 8 7 13 14 8 13 11 2 15 14 3 15 12 4 15 14 7 15 12 8 15 9 9 15 10
47 163 6 6 2 0 12 14 2 12 7 6 12 9 4 15 12 5 15 13 8 15 12
48 166 24 6 7 1 10 8 2 10 11 6 10 9 7 10 10 4 11 8 5 11 8 6 11 8 7 11 7 1 12 13 2 12 8 5 12 14 7 12 9 2 15 11 5 15 12 4 16 5 6 16 12 1 17 9 2 17 7 4 17 11 5 17 10 6 17 11 7 17 11 1 19 8 4 19 13
49 167 24 6 6 2 10 16 4 10 8 5 10 11 0 11 8 2 11 8 4 11 7 5 11 11 6 11 10 1 13 9 2 13 8 4 13 8 5 13 14 0 14 11 1 14 12 5 14 12 6 14 11 0 16 11 1 16 13 2 16 7 4 16 11 6 16 10 0 19 11 1 19 13 6 19 10
