20 50
0 0 1 1 1 0 17 10
1 2 60 6 10 2 10 7 3 10 12 4 10 8 5 10 14 8 10 12 9 10 10 2 11 8 3 11 5 4 11 12 5 11 8 8 11 11 9 11 14 2 12 8 3 12 12 4 12 11 5 12 9 8 12 10 9 12 8 2 13 12 3 13 11 4 13 11 5 13 8 8 13 6 9 13 12 2 14 10 3 14 12 4 14 8 5 14 12 8 14 10 9 14 11 2 15 12 3 15 13 4 15 12 5 15 8 8 15 11 9 15 9 2 16 7 3 16 10 4 16 12 5 16 8 8 16 9 9 16 12 2 17 12 3 17 11 4 17 11 5 17 13 8 17 11 9 17 10 2 18 13 3 18 12 4 18 11 5 18 9 8 18 8 9 18 11 2 19 8 3 19 11 4 19 8 5 19 9 8 19 8 9 19 10
2 4 4 4 1 1 17 10 6 17 11 7 17 14 9 17 8
3 8 1 1 1 7 12 6
4 10 6 6 1 2 12 10 3 12 8 4 12 10 6 12 10 7 12 9 9 12 12
5 11 6 6 3 6 10 10 2 15 12 3 15 12 5 15 13 1 19 8 7 19 7
6 13 10 1 10 4 10 11 4 11 10 4 12 12 4 13 10 4 14 12 4 15 11 4 16 13 4 17 10 4 18 7 4 19 10
7 14 12 6 3 0 10 11 3 10 11 4 10 9 5 10 10 8 10 13 9 10 10 0 15 14 3 15 11 5 15 9 8 15 17 9 15 9 4 19 10
8 17 60 6 10 0 10 11 1 10 10 3 10 9 6 10 10 7 10 12 9 10 10 0 11 6 1 11 11 3 11 10 6 11 9 7 11 13 9 11 14 0 12 11 1 12 10 3 12 9 6 12 15 7 12 13 9 12 10 0 13 10 1 13 10 3 13 15 6 13 9 7 13 10 9 13 12 0 14 11 1 14 5 3 14 12 6 14 11 7 14 8 9 14 9 0 15 13 1 15 9 3 15 10 6 15 13 7 15 12 9 15 12 0 16 10 1 16 9 3 16 13 6 16 12 7 16 11 9 16 8 0 17 12 1 17 9 3 17 11 6 17 8 7 17 11 9 17 10 0 18 14 1 18 8 3 18 6 6 18 11 7 18 8 9 18 11 0 19 8 1 19 11 3 19 10 6 19 8 7 19 11 9 19 12
9 20 2 2 1 2 18 12 6 18 8
10 24 6 3 3 0 10 12 4 10 9 0 12 9 4 12 12 6 12 11 6 13 9
11 27 24 6 7 0 10 12 5 10 10 9 10 11 3 12 11 4 12 12 6 12 12 0 14 11 3 14 14 5 14 10 6 14 10 3 16 10 5 16 9 6 16 13 0 17 10 4 17 11 6 17 11 9 17 7 0 18 11 4 18 12 9 18 12 3 19 10 4 19 9 5 19 8 9 19 14
12 28 3 3 2 8 14 9 9 14 12 0 18 8
13 42 60 6 10 0 10 11 3 10 13 4 10 16 5 10 7 6 10 10 9 10 11 0 11 11 3 11 11 4 11 10 5 11 9 6 11 8 9 11 11 0 12 9 3 12 11 4 12 15 5 12 14 6 12 13 9 12 12 0 13 10 3 13 11 4 13 8 5 13 7 6 13 10 9 13 12 0 14 12 3 14 13 4 14 11 5 14 13 6 14 9 9 14 12 0 15 10 3 15 11 4 15 10 5 15 12 6 15 9 9 15 9 0 16 9 3 16 11 4 16 8 5 16 9 6 16 9 9 16 13 0 17 12 3 17 12 4 17 13 5 17 12 6 17 12 9 17 9 0 18 12 3 18 11 4 18 9 5 18 12 6 18 13 9 18 8 0 19 15 3 19 12 4 19 11 5 19 9 6 19 12 9 19 12
14 43 18 6 6 2 13 12 3 13 13 8 13 12 0 15 11 3 15 13 6 15 14 3 16 11 6 16 10 7 16 11 2 17 12 7 17 9 8 17 7 0 18 11 2 18 7 8 18 11 0 19 11 6 19 11 7 19 11
15 45 6 6 1 0 15 8 3 15 10 5 15 11 6 15 10 8 15 9 9 15 14
16 46 3 3 1 1 18 10 7 18 8 9 18 11
17 47 30 3 10 1 10 10 3 10 11 8 10 6 1 11 8 3 11 9 8 11 9 1 12 10 3 12 13 8 12 9 1 13 14 3 13 11 8 13 12 1 14 13 3 14 8 8 14 8 1 15 8 3 15 12 8 15 11 1 16 13 3 16 11 8 16 8 1 17 8 3 17 13 8 17 10 1 18 8 3 18 10 8 18 11 1 19 10 3 19 15 8 19 10
18 52 6 6 2 1 10 6 2 10 13 7 10 10 3 15 7 4 15 9 8 15 11
19 57 10 5 3 2 12 12 4 12 9 1 16 10 6 16 12 7 16 10 1 18 13 2 18 10 4 18 12 6 18 12 7 18 4
20 59 12 6 4 0 10 10 2 10 9 4 10 11 7 10 8 9 10 10 6 11 10 9 11 14 2 12 15 4 12 9 7 12 12 0 16 11 6 16 12
21 67 2 2 1 1 13 10 4 13 12
22 68 3 3 1 3 18 12 5 18 9 8 18 11
23 71 1 1 1 2 17 8
24 80 18 6 6 0 10 9 2 10 12 3 10 10 4 10 13 2 12 9 3 12 11 7 12 9 8 12 13 8 13 13 0 15 10 4 15 11 7 15 11 2 18 10 4 18 7 7 18 10 0 19 13 3 19 11 8 19 12
25 86 20 2 10 0 10 14 9 10 8 0 11 9 9 11 6 0 12 12 9 12 10 0 13 12 9 13 5 0 14 13 9 14 10 0 15 10 9 15 11 0 16 11 9 16 7 0 17 12 9 17 11 0 18 9 9 18 10 0 19 10 9 19 9
26 89 18 6 6 0 10 11 5 10 11 0 11 9 2 11 10 3 11 9 9 11 9 2 12 10 3 12 11 4 12 13 5 12 9 9 12 11 4 14 11 5 14 11 0 15 13 2 15 7 4 15 11 3 17 12 9 17 7
27 90 2 2 1 1 11 10 4 11 8
28 91 6 6 3 3 12 11 2 17 9 9 17 12 0 19 10 7 19 13 8 19 10
29 95 2 2 1 3 19 13 7 19 13
30 101 6 6 2 0 17 14 5 17 10 9 17 10 2 19 13 3 19 12 8 19 8
31 107 60 6 10 0 10 13 2 10 11 3 10 12 5 10 9 7 10 11 8 10 10 0 11 11 2 11 9 3 11 13 5 11 11 7 11 11 8 11 14 0 12 10 2 12 11 3 12 10 5 12 8 7 12 13 8 12 10 0 13 9 2 13 11 3 13 11 5 13 8 7 13 12 8 13 10 0 14 11 2 14 10 3 14 10 5 14 11 7 14 15 8 14 15 0 15 11 2 15 9 3 15 12 5 15 11 7 15 11 8 15 12 0 16 13 2 16 8 3 16 13 5 16 8 7 16 9 8 16 10 0 17 15 2 17 13 3 17 14 5 17 10 7 17 11 8 17 11 0 18 8 2 18 10 3 18 14 5 18 9 7 18 9 8 18 12 0 19 11 2 19 13 3 19 9 5 19 11 7 19 11 8 19 15
32 114 40 4 10 1 10 12 3 10 14 6 10 13 9 10 13 1 11 6 3 11 11 6 11 10 9 11 13 1 12 12 3 12 11 6 12 14 9 12 14 1 13 13 3 13 13 6 13 12 9 13 9 1 14 9 3 14 13 6 14 11 9 14 14 1 15 14 3 15 10 6 15 15 9 15 11 1 16 6 3 16 13 6 16 11 9 16 14 1 17 9 3 17 9 6 17 11 9 17 7 1 18 10 3 18 8 6 18 11 9 18 13 1 19 7 3 19 10 6 19 9 9 19 11
33 120 3 3 2 7 13 10 6 15 13 9 15 8
34 125 18 6 5 0 11 16 2 11 12 6 11 8 8 11 9 0 13 10 2 13 7 5 13 10 0 14 13 1 14 10 2 14 10 5 14 9 6 14 14 8 14 8 1 15 13 5 15 10 8 15 9 1 18 13 6 18 11
35 127 3 3 1 1 12 14 4 12 11 9 12 14
36 132 2 2 1 0 17 10 8 17 6
37 135 4 4 1 2 15 9 3 15 10 7 15 11 8 15 13
38 137 1 1 1 5 11 8
39 140 20 2 10 3 10 9 6 10 12 3 11 7 6 11 12 3 12 9 6 12 11 3 13 9 6 13 11 3 14 11 6 14 7 3 15 10 6 15 12 3 16 11 6 16 10 3 17 9 6 17 8 3 18 11 6 18 11 3 19 11 6 19 9
40 146 1 1 1 8 14 10
41 149 1 1 1 0 17 15
42 155 18 6 6 1 10 11 4 10 12 5 10 10 6 10 10 1 13 12 8 13 11 9 13 9 8 15 6 1 17 8 4 17 12 5 17 11 6 17 11 9 17 9 5 18 12 6 18 11 9 18 10 4 19 15 8 19 11
43 156 3 3 2 3 10 9 4 10 11 5 13 10
44 159 1 1 1 1 17 8
45 160 3 3 1 0 17 7 1 17 8 5 17 7
46 161 6 6 1 0 16 15 1 16 11 3 16 11 4 16 12 5 16 11 8 16 10
47 163 24 6 7 2 10 11 8 10 8 2 11 13 4 11 9 5 11 12 8 11 14 2 12 11 3 12 13 5 12 11 3 13 12 7 13 10 3 14 10 4 14 11 7 14 11 8 14 7 4 15 13 5 15 11 7 15 12 8 15 16 2 18 12 3 18 11 4 18 8 5 18 7 7 18 13
48 166 2 2 1 8 10 8 9 10 11
49 167 2 2 1 2 18 9 8 18 8
