20 50
0 0 24 6 6 0 10 13 1 10 11 3 10 7 5 10 7 0 12 9 1 12 10 3 12 9 4 12 15 6 12 10 3 13 12 4 13 13 6 13 9 1 14 12 3 14 9 5 14 14 0 17 7 1 17 11 4 17 9 5 17 12 6 17 10 0 19 14 4 19 10 5 19 14 6 19 9
1 2 1 1 1 5 11 9
2 4 6 6 1 3 13 9 4 13 10 5 13 13 6 13 11 7 13 15 9 13 14
3 8 1 1 1 4 16 13
4 10 2 2 1 6 15 13 9 15 12
5 11 24 6 7 4 10 9 8 10 9 1 11 10 4 11 14 7 11 12 8 11 9 1 12 11 1 13 9 5 13 9 7 13 13 9 13 13 5 14 10 7 14 11 8 14 5 9 14 12 1 15 15 4 15 8 5 15 11 7 15 12 9 15 8 4 16 13 5 16 8 8 16 9 9 16 7
6 13 24 6 7 1 11 11 5 11 12 9 11 10 1 12 13 2 12 10 5 12 13 9 12 13 0 13 12 1 13 12 3 13 11 5 13 7 9 13 14 0 15 12 2 15 10 3 15 11 0 16 11 3 16 10 0 18 8 2 18 9 5 18 8 9 18 14 1 19 9 2 19 7 3 19 7
7 14 6 6 1 0 11 6 2 11 8 5 11 11 7 11 13 8 11 7 9 11 11
8 17 18 6 6 4 11 11 8 11 10 9 11 8 0 12 11 4 12 12 7 12 9 3 14 12 7 14 9 0 15 13 3 15 10 8 15 10 9 15 11 3 16 9 4 16 12 7 16 10 8 16 7 0 17 8 9 17 8
9 20 6 6 2 3 13 9 4 13 12 6 13 9 1 14 12 2 14 11 9 14 11
10 24 30 3 10 3 10 11 8 10 10 9 10 8 3 11 9 8 11 7 9 11 13 3 12 12 8 12 13 9 12 12 3 13 10 8 13 10 9 13 12 3 14 9 8 14 10 9 14 12 3 15 12 8 15 11 9 15 8 3 16 10 8 16 13 9 16 13 3 17 12 8 17 9 9 17 11 3 18 11 8 18 8 9 18 10 3 19 8 8 19 12 9 19 8
11 27 24 6 7 6 10 11 9 10 12 5 11 8 6 11 11 7 11 12 0 12 11 5 12 8 9 12 10 1 13 11 5 13 9 7 13 9 0 14 12 1 14 11 6 14 14 7 14 13 9 14 11 0 15 8 1 15 8 5 15 9 6 15 11 7 15 14 9 15 10 0 17 14 1 17 10
12 28 24 6 7 5 10 8 8 10 9 9 10 12 2 11 9 3 11 10 5 11 13 7 11 9 8 11 11 3 12 14 5 12 8 8 12 10 7 15 11 9 15 9 2 16 11 3 16 7 7 16 14 8 16 11 2 18 12 3 18 13 9 18 11 2 19 8 5 19 11 7 19 10 9 19 7
13 42 3 3 1 0 11 11 4 11 10 8 11 9
14 43 6 6 2 2 14 11 4 14 6 6 14 13 0 19 8 3 19 8 9 19 8
15 45 8 4 3 3 10 12 6 10 13 7 10 8 3 15 9 5 15 7 6 15 11 7 15 7 5 19 11
16 46 4 4 1 2 15 9 3 15 9 4 15 8 8 15 15
17 47 1 1 1 3 13 10
18 52 6 3 3 2 11 14 2 12 12 4 12 11 5 12 12 4 15 11 5 15 11
19 57 12 6 3 2 10 13 3 10 7 8 10 14 9 10 8 2 13 12 6 13 13 7 13 12 8 13 13 3 16 11 6 16 12 7 16 8 9 16 6
20 59 2 2 1 2 18 12 8 18 11
21 67 6 3 3 6 14 8 1 15 13 2 15 8 1 18 8 2 18 9 6 18 12
22 68 30 3 10 3 10 8 4 10 7 6 10 11 3 11 15 4 11 10 6 11 12 3 12 13 4 12 10 6 12 14 3 13 11 4 13 8 6 13 9 3 14 11 4 14 9 6 14 13 3 15 9 4 15 16 6 15 10 3 16 13 4 16 11 6 16 8 3 17 11 4 17 8 6 17 10 3 18 9 4 18 9 6 18 11 3 19 10 4 19 8 6 19 14
23 71 1 1 1 9 15 11
24 80 6 3 3 5 14 8 6 14 8 0 15 6 5 15 10 6 15 12 0 19 11
25 86 6 6 1 0 11 14 1 11 11 2 11 11 7 11 7 8 11 11 9 11 11
26 89 4 4 2 0 11 14 4 11 12 5 13 11 9 13 11
27 90 1 1 1 4 13 13
28 91 2 2 2 7 10 10 4 17 11
29 95 18 6 5 0 10 7 1 10 12 4 10 5 5 10 9 8 10 12 1 11 9 4 11 7 6 11 14 8 11 10 5 12 6 0 13 10 6 13 9 0 14 11 1 14 7 4 14 10 5 14 9 6 14 14 8 14 13
30 101 6 6 1 0 11 13 1 11 11 2 11 9 5 11 10 8 11 10 9 11 10
31 107 6 6 1 0 15 8 1 15 11 4 15 11 5 15 9 7 15 8 8 15 8
32 114 3 3 1 3 10 10 5 10 8 6 10 12
33 120 3 3 1 0 11 11 4 11 7 8 11 10
34 125 12 6 4 0 14 12 2 14 10 4 14 13 5 14 11 2 15 13 3 16 8 5 16 12 8 16 11 0 17 10 3 17 10 4 17 10 8 17 9
35 127 3 3 1 4 13 8 7 13 11 9 13 7
36 132 24 6 7 1 11 10 2 11 7 3 11 8 4 11 8 5 11 10 1 12 7 3 12 7 4 12 11 5 12 12 9 12 10 1 14 12 2 14 10 5 14 11 9 14 9 2 15 8 3 15 8 4 15 12 3 16 12 4 16 15 9 16 14 9 17 12 1 18 10 2 18 10 5 18 12
37 135 6 6 2 3 15 9 5 15 9 9 15 10 6 17 11 7 17 12 8 17 11
38 137 1 1 1 1 19 9
39 140 3 3 1 0 10 9 1 10 10 9 10 11
40 146 3 1 3 8 11 13 8 12 11 8 17 10
41 149 6 6 1 1 15 10 2 15 10 4 15 10 5 15 8 7 15 13 9 15 12
42 155 12 6 3 1 11 10 5 11 9 8 11 8 9 11 13 1 12 8 2 12 12 4 12 11 5 12 12 8 12 8 2 15 13 4 15 7 9 15 9
43 156 20 2 10 1 10 13 5 10 11 1 11 12 5 11 12 1 12 8 5 12 10 1 13 10 5 13 13 1 14 11 5 14 11 1 15 11 5 15 13 1 16 11 5 16 10 1 17 10 5 17 11 1 18 9 5 18 9 1 19 12 5 19 12
44 159 5 5 1 2 10 13 3 10 11 6 10 7 7 10 11 8 10 9
45 160 2 2 1 2 18 11 3 18 11
46 161 1 1 1 4 18 11
47 163 60 6 10 2 10 9 4 10 12 5 10 10 6 10 16 8 10 10 9 10 12 2 11 11 4 11 6 5 11 11 6 11 14 8 11 7 9 11 11 2 12 9 4 12 7 5 12 9 6 12 10 8 12 7 9 12 10 2 13 16 4 13 14 5 13 10 6 13 11 8 13 12 9 13 9 2 14 10 4 14 11 5 14 9 6 14 15 8 14 11 9 14 9 2 15 13 4 15 6 5 15 9 6 15 13 8 15 6 9 15 10 2 16 11 4 16 10 5 16 10 6 16 8 8 16 14 9 16 10 2 17 10 4 17 12 5 17 9 6 17 11 8 17 10 9 17 11 2 18 10 4 18 10 5 18 12 6 18 13 8 18 13 9 18 11 2 19 12 4 19 11 5 19 11 6 19 8 8 19 14 9 19 11
48 166 18 6 5 0 11 11 5 11 11 8 11 9 0 13 10 4 13 9 5 13 12 9 13 12 0 14 11 2 14 11 4 14 8 5 14 9 9 14 11 2 17 13 8 17 10 2 19 12 4 19 9 8 19 11 9 19 8
49 167 3 3 2 2 17 11 5 17 11 8 18 11
