20 50
0 0 12 6 3 1 11 12 3 11 9 8 11 11 9 11 13 3 13 11 5 13 13 7 13 9 9 13 9 1 14 11 5 14 12 7 14 10 8 14 11
1 2 6 6 1 0 18 12 1 18 8 2 18 9 4 18 11 5 18 13 8 18 10
2 4 10 1 10 9 10 10 9 11 8 9 12 11 9 13 14 9 14 8 9 15 8 9 16 12 9 17 7 9 18 11 9 19 6
3 8 1 1 1 6 19 12
4 10 18 6 6 0 10 8 8 10 11 0 11 10 1 11 12 6 11 13 8 11 11 6 13 10 5 14 11 7 14 8 0 15 9 1 15 11 5 15 9 7 15 12 8 15 9 1 17 14 5 17 16 6 17 14 7 17 13
5 11 6 6 2 5 10 9 0 15 9 1 15 10 4 15 12 7 15 12 9 15 10
6 13 1 1 1 0 13 10
7 14 20 2 10 8 10 9 9 10 12 8 11 12 9 11 11 8 12 9 9 12 11 8 13 10 9 13 11 8 14 9 9 14 12 8 15 11 9 15 9 8 16 13 9 16 8 8 17 7 9 17 8 8 18 14 9 18 7 8 19 14 9 19 11
8 17 3 3 1 0 10 11 1 10 12 8 10 12
9 20 24 6 7 5 10 10 6 10 11 7 10 8 8 10 13 9 10 8 3 11 10 8 11 12 9 11 10 8 13 12 9 13 12 6 14 11 3 16 6 5 16 12 6 16 10 7 16 8 8 16 9 9 16 14 3 18 7 5 18 15 7 18 9 3 19 11 5 19 12 6 19 5 7 19 14
10 24 12 6 3 0 10 15 2 10 10 3 10 8 7 10 10 9 10 8 0 16 8 1 16 14 2 16 9 3 16 7 7 16 4 1 19 13 9 19 9
11 27 24 6 7 4 11 8 6 11 15 7 11 9 1 12 12 6 12 10 7 12 12 9 12 10 1 14 11 2 14 12 2 15 10 4 15 11 6 15 12 7 15 7 9 15 11 2 16 11 4 16 11 6 16 10 1 18 12 2 18 14 4 18 11 9 18 15 1 19 11 7 19 14 9 19 11
12 28 1 1 1 2 11 9
13 42 1 1 1 8 16 12
14 43 2 2 2 9 13 8 4 15 12
15 45 1 1 1 9 17 8
16 46 4 4 2 0 13 11 6 13 11 2 15 12 8 15 9
17 47 1 1 1 7 12 10
18 52 2 2 1 1 10 10 9 10 10
19 57 5 5 1 0 18 13 2 18 10 3 18 12 4 18 13 8 18 12
20 59 1 1 1 0 16 8
21 67 2 2 1 2 10 10 8 10 5
22 68 2 2 1 1 18 8 5 18 9
23 71 6 3 3 1 10 10 4 10 9 1 16 10 4 16 13 8 16 11 8 18 10
24 80 1 1 1 7 18 11
25 86 18 6 5 0 10 11 3 10 9 6 10 11 8 10 8 1 11 10 3 11 11 6 11 12 8 11 10 0 12 10 3 12 15 9 12 10 0 15 14 1 15 12 8 15 14 9 15 11 1 16 10 6 16 9 9 16 11
26 89 6 6 1 1 12 10 2 12 6 4 12 12 6 12 11 8 12 13 9 12 10
27 90 60 6 10 0 10 10 2 10 12 3 10 11 4 10 11 5 10 7 8 10 9 0 11 9 2 11 11 3 11 10 4 11 14 5 11 10 8 11 11 0 12 9 2 12 12 3 12 10 4 12 10 5 12 9 8 12 13 0 13 12 2 13 10 3 13 11 4 13 11 5 13 11 8 13 8 0 14 13 2 14 11 3 14 12 4 14 13 5 14 9 8 14 9 0 15 10 2 15 11 3 15 9 4 15 11 5 15 15 8 15 10 0 16 11 2 16 12 3 16 16 4 16 6 5 16 12 8 16 9 0 17 9 2 17 10 3 17 9 4 17 9 5 17 10 8 17 9 0 18 10 2 18 12 3 18 9 4 18 12 5 18 6 8 18 13 0 19 13 2 19 9 3 19 10 4 19 10 5 19 5 8 19 10
28 91 10 1 10 0 10 10 0 11 8 0 12 10 0 13 13 0 14 9 0 15 8 0 16 10 0 17 12 0 18 13 0 19 12
29 95 1 1 1 6 12 11
30 101 6 6 3 2 12 12 6 12 10 7 12 10 0 17 8 1 17 11 9 18 12
31 107 2 2 1 1 15 14 9 15 11
32 114 2 2 1 2 14 9 4 14 10
33 120 1 1 1 8 19 14
34 125 1 1 1 7 12 10
35 127 10 1 10 5 10 12 5 11 10 5 12 8 5 13 8 5 14 8 5 15 12 5 16 11 5 17 8 5 18 12 5 19 7
36 132 4 4 1 5 15 11 6 15 13 7 15 12 8 15 10
37 135 3 3 2 9 10 11 2 17 11 6 17 10
38 137 2 2 1 2 14 8 4 14 11
39 140 4 4 1 0 19 9 2 19 8 3 19 10 6 19 12
40 146 6 6 2 2 12 11 3 12 10 9 12 9 4 17 11 5 17 7 8 17 14
41 149 3 3 1 3 17 13 6 17 10 9 17 13
42 155 2 2 1 3 12 11 6 12 9
43 156 40 4 10 1 10 11 5 10 11 7 10 9 8 10 9 1 11 12 5 11 12 7 11 9 8 11 11 1 12 10 5 12 12 7 12 8 8 12 11 1 13 6 5 13 8 7 13 8 8 13 10 1 14 9 5 14 15 7 14 9 8 14 13 1 15 12 5 15 9 7 15 9 8 15 6 1 16 9 5 16 12 7 16 12 8 16 8 1 17 11 5 17 13 7 17 8 8 17 11 1 18 12 5 18 13 7 18 8 8 18 10 1 19 7 5 19 9 7 19 14 8 19 9
44 159 6 6 1 1 12 13 2 12 10 3 12 10 4 12 12 6 12 7 8 12 11
45 160 1 1 1 7 15 12
46 161 18 6 6 1 10 8 9 10 8 3 13 13 6 13 10 0 14 12 1 14 9 4 14 10 6 14 13 0 16 8 1 16 11 3 16 9 4 16 11 9 16 8 0 17 12 3 17 8 6 17 9 4 18 12 9 18 10
47 163 6 6 2 1 15 8 5 15 7 7 15 16 8 15 13 2 17 9 4 17 12
48 166 6 6 1 2 18 9 3 18 12 4 18 11 6 18 10 8 18 9 9 18 12
49 167 2 2 1 1 16 11 6 16 11
