20 50
0 0 6 3 3 3 11 9 6 11 9 2 12 13 3 12 13 2 13 8 6 13 12
1 2 12 6 4 8 12 11 0 13 9 1 13 12 5 13 10 8 13 10 9 13 13 1 16 14 2 16 11 5 16 10 9 16 11 0 17 11 2 17 10
2 4 48 6 10 1 10 9 2 10 11 5 10 13 7 10 10 8 10 9 2 11 9 4 11 9 5 11 10 7 11 11 1 12 9 4 12 11 7 12 12 1 13 10 2 13 9 4 13 11 7 13 11 8 13 10 1 14 11 2 14 10 4 14 8 5 14 11 8 14 11 1 15 11 4 15 10 5 15 8 8 15 9 1 16 13 2 16 9 4 16 10 5 16 11 7 16 8 8 16 11 2 17 9 5 17 8 7 17 12 8 17 11 1 18 15 2 18 9 4 18 12 5 18 13 7 18 11 8 18 11 1 19 12 2 19 11 4 19 9 5 19 12 7 19 11 8 19 12
3 8 2 2 1 8 17 15 9 17 10
4 10 6 6 1 0 10 8 1 10 11 4 10 10 5 10 8 7 10 10 8 10 12
5 11 4 4 1 1 17 8 2 17 11 8 17 11 9 17 9
6 13 12 6 5 5 10 12 0 12 12 6 12 8 2 15 7 6 15 13 1 16 11 4 16 8 5 16 12 0 19 6 1 19 11 2 19 8 4 19 9
7 14 12 6 3 0 10 11 2 10 9 5 10 12 6 10 9 7 10 12 0 11 10 3 11 11 5 11 11 6 11 10 7 11 10 2 16 13 3 16 6
8 17 6 6 1 0 12 8 1 12 13 2 12 12 6 12 8 8 12 8 9 12 9
9 20 3 3 1 6 15 10 7 15 10 8 15 14
10 24 18 6 6 1 10 13 5 10 12 8 10 8 4 12 13 6 12 13 7 12 9 4 15 10 5 15 12 6 15 11 7 15 10 8 15 10 1 16 10 6 16 12 7 16 10 5 18 14 8 18 9 1 19 8 4 19 10
11 27 3 3 1 1 10 11 3 10 14 7 10 11
12 28 2 2 1 6 11 8 9 11 11
13 42 6 6 1 0 14 10 1 14 9 2 14 8 4 14 7 7 14 8 8 14 7
14 43 6 6 1 0 11 9 1 11 13 3 11 12 4 11 8 5 11 11 6 11 11
15 45 18 6 6 4 13 12 1 15 10 3 15 7 4 15 8 5 15 9 7 15 10 8 15 11 4 16 12 5 16 8 7 16 13 1 17 13 1 18 11 3 18 12 8 18 15 3 19 12 5 19 11 7 19 10 8 19 13
16 46 2 2 1 6 13 9 7 13 10
17 47 2 2 2 1 15 11 0 18 10
18 52 18 6 6 0 10 13 3 10 10 1 12 7 3 12 12 5 12 9 7 12 10 8 12 14 0 14 11 1 14 9 5 14 15 8 14 10 0 17 12 7 17 8 3 18 8 7 18 13 1 19 10 5 19 14 8 19 9
19 57 3 3 1 2 19 14 5 19 10 9 19 11
20 59 1 1 1 6 16 10
21 67 24 6 7 3 11 12 4 11 10 7 11 11 0 12 13 4 12 11 7 12 12 9 12 11 1 13 11 3 13 10 9 13 8 0 14 11 3 14 10 4 14 14 7 14 10 9 14 7 0 17 8 1 17 9 3 17 12 9 17 14 1 18 11 4 18 11 0 19 12 1 19 11 7 19 8
22 68 10 5 3 0 11 10 4 11 13 7 11 9 0 14 13 2 14 9 3 14 14 4 14 10 7 14 11 2 17 10 3 17 13
23 71 6 6 2 5 11 12 7 11 9 9 11 14 2 14 9 3 14 11 4 14 8
24 80 8 4 3 2 13 9 4 13 9 9 13 12 0 16 9 2 16 12 9 16 10 0 19 11 4 19 9
25 86 2 2 1 3 10 14 5 10 10
26 89 2 2 1 0 10 16 9 10 9
27 90 6 6 1 0 19 10 2 19 12 4 19 11 5 19 9 6 19 9 7 19 13
28 91 4 2 2 4 11 11 5 11 7 4 18 10 5 18 8
29 95 40 4 10 1 10 13 2 10 11 6 10 10 9 10 12 1 11 9 2 11 12 6 11 13 9 11 6 1 12 10 2 12 12 6 12 14 9 12 12 1 13 13 2 13 11 6 13 10 9 13 10 1 14 11 2 14 6 6 14 8 9 14 11 1 15 9 2 15 9 6 15 9 9 15 14 1 16 11 2 16 11 6 16 15 9 16 9 1 17 16 2 17 10 6 17 10 9 17 12 1 18 6 2 18 11 6 18 14 9 18 7 1 19 9 2 19 11 6 19 12 9 19 13
30 101 6 6 2 3 13 11 8 13 10 9 13 15 0 18 10 2 18 10 5 18 8
31 107 1 1 1 6 17 10
32 114 60 6 10 0 10 13 1 10 11 2 10 8 4 10 11 7 10 11 8 10 10 0 11 12 1 11 15 2 11 9 4 11 12 7 11 9 8 11 12 0 12 11 1 12 12 2 12 8 4 12 11 7 12 12 8 12 12 0 13 13 1 13 12 2 13 13 4 13 9 7 13 8 8 13 14 0 14 10 1 14 14 2 14 13 4 14 12 7 14 12 8 14 13 0 15 12 1 15 10 2 15 10 4 15 10 7 15 11 8 15 9 0 16 12 1 16 12 2 16 11 4 16 9 7 16 10 8 16 10 0 17 9 1 17 9 2 17 10 4 17 8 7 17 12 8 17 15 0 18 7 1 18 8 2 18 11 4 18 11 7 18 10 8 18 14 0 19 11 1 19 11 2 19 8 4 19 13 7 19 14 8 19 12
33 120 3 3 1 5 13 8 7 13 10 9 13 8
34 125 1 1 1 3 12 12
35 127 1 1 1 8 10 11
36 132 2 2 1 1 19 12 2 19 9
37 135 60 6 10 0 10 13 2 10 8 3 10 5 4 10 11 6 10 10 7 10 12 0 11 8 2 11 11 3 11 13 4 11 11 6 11 10 7 11 12 0 12 8 2 12 9 3 12 14 4 12 11 6 12 6 7 12 10 0 13 7 2 13 14 3 13 12 4 13 12 6 13 14 7 13 14 0 14 10 2 14 12 3 14 10 4 14 13 6 14 9 7 14 9 0 15 11 2 15 13 3 15 8 4 15 9 6 15 12 7 15 13 0 16 10 2 16 10 3 16 9 4 16 10 6 16 11 7 16 10 0 17 12 2 17 6 3 17 7 4 17 11 6 17 14 7 17 10 0 18 11 2 18 9 3 18 8 4 18 10 6 18 12 7 18 10 0 19 8 2 19 13 3 19 6 4 19 12 6 19 13 7 19 13
38 137 18 6 5 1 13 11 4 13 8 6 13 14 7 13 13 9 13 8 3 15 9 6 15 14 7 15 9 9 15 8 4 17 8 7 17 12 9 17 9 1 18 10 3 18 10 4 18 9 6 18 12 1 19 12 3 19 9
39 140 12 6 3 0 15 12 3 15 8 6 15 12 9 15 10 0 16 11 1 16 12 3 16 7 4 16 9 6 16 11 9 16 8 1 17 15 4 17 14
40 146 24 6 7 3 10 10 4 10 10 6 10 9 7 10 12 3 11 13 4 11 10 6 11 13 9 11 11 6 12 11 9 12 10 3 13 9 5 13 11 6 13 12 9 13 10 4 14 15 5 14 7 7 14 11 4 16 10 5 16 9 7 16 12 3 18 11 5 18 9 7 18 10 9 18 9
41 149 6 3 3 0 13 8 3 13 12 7 13 8 7 18 9 0 19 12 3 19 9
42 155 4 4 2 3 12 10 6 12 11 9 12 12 7 17 9
43 156 50 5 10 0 10 9 5 10 9 6 10 11 7 10 8 8 10 6 0 11 9 5 11 10 6 11 10 7 11 9 8 11 9 0 12 11 5 12 10 6 12 9 7 12 11 8 12 9 0 13 12 5 13 6 6 13 10 7 13 13 8 13 10 0 14 9 5 14 11 6 14 10 7 14 10 8 14 12 0 15 12 5 15 8 6 15 9 7 15 13 8 15 15 0 16 10 5 16 10 6 16 10 7 16 14 8 16 9 0 17 13 5 17 8 6 17 11 7 17 12 8 17 6 0 18 11 5 18 12 6 18 10 7 18 9 8 18 9 0 19 11 5 19 11 6 19 12 7 19 8 8 19 9
44 159 12 6 3 1 11 9 4 11 12 6 11 9 7 11 9 8 11 9 2 14 13 6 14 10 7 14 11 8 14 12 1 15 16 2 15 10 4 15 9
45 160 4 4 1 0 17 8 3 17 12 4 17 9 6 17 11
46 161 24 6 7 2 10 10 4 12 13 9 12 11 1 15 9 2 15 17 7 15 12 8 15 9 1 16 9 7 16 10 8 16 7 9 16 10 2 17 11 4 17 10 7 17 11 8 17 10 9 17 12 1 18 12 2 18 11 4 18 11 8 18 9 9 18 13 1 19 11 4 19 12 7 19 11
47 163 4 2 2 2 12 11 8 12 10 2 14 11 8 14 8
48 166 6 6 1 0 19 9 1 19 10 4 19 10 5 19 10 6 19 8 9 19 4
49 167 18 6 5 0 10 12 8 10 7 9 10 11 2 13 13 4 13 14 7 13 9 8 13 13 2 15 6 4 15 10 8 15 10 9 15 12 0 18 13 7 18 10 0 19 5 2 19 11 4 19 9 7 19 11 9 19 12
