20 50
0 0 3 3 1 1 13 11 3 13 10 7 13 13
1 2 6 6 1 0 16 10 2 16 10 4 16 14 5 16 10 6 16 13 9 16 12
2 4 60 6 10 1 10 9 2 10 13 4 10 10 5 10 12 6 10 13 7 10 10 1 11 11 2 11 12 4 11 9 5 11 12 6 11 10 7 11 14 1 12 10 2 12 12 4 12 12 5 12 8 6 12 11 7 12 11 1 13 13 2 13 13 4 13 13 5 13 11 6 13 13 7 13 11 1 14 12 2 14 8 4 14 12 5 14 10 6 14 11 7 14 7 1 15 10 2 15 11 4 15 10 5 15 9 6 15 10 7 15 8 1 16 12 2 16 13 4 16 7 5 16 8 6 16 9 7 16 13 1 17 10 2 17 9 4 17 12 5 17 9 6 17 11 7 17 7 1 18 10 2 18 11 4 18 12 5 18 8 6 18 13 7 18 13 1 19 7 2 19 9 4 19 6 5 19 12 6 19 12 7 19 12
3 8 60 6 10 2 10 12 3 10 10 4 10 8 5 10 9 7 10 9 9 10 11 2 11 14 3 11 13 4 11 11 5 11 9 7 11 10 9 11 10 2 12 15 3 12 9 4 12 13 5 12 9 7 12 6 9 12 14 2 13 11 3 13 13 4 13 8 5 13 10 7 13 10 9 13 10 2 14 13 3 14 11 4 14 8 5 14 13 7 14 8 9 14 13 2 15 11 3 15 10 4 15 9 5 15 12 7 15 12 9 15 10 2 16 11 3 16 7 4 16 12 5 16 14 7 16 8 9 16 14 2 17 9 3 17 10 4 17 8 5 17 9 7 17 11 9 17 14 2 18 12 3 18 7 4 18 11 5 18 8 7 18 8 9 18 11 2 19 11 3 19 8 4 19 11 5 19 13 7 19 10 9 19 13
4 10 6 3 3 1 13 10 4 13 10 9 13 7 1 14 8 4 15 10 9 15 12
5 11 2 2 1 7 13 12 9 13 9
6 13 3 3 1 3 19 13 5 19 13 8 19 11
7 14 20 2 10 1 10 13 9 10 14 1 11 11 9 11 11 1 12 10 9 12 15 1 13 13 9 13 10 1 14 8 9 14 12 1 15 12 9 15 11 1 16 7 9 16 10 1 17 8 9 17 6 1 18 12 9 18 9 1 19 15 9 19 10
8 17 12 4 5 2 10 10 5 10 11 6 10 14 5 14 9 6 14 9 2 15 11 9 15 7 2 16 14 5 16 11 6 16 10 9 16 11 9 18 10
9 20 1 1 1 0 19 8
10 24 18 6 5 0 14 12 1 14 11 2 14 10 0 15 10 3 15 12 4 15 14 6 15 11 3 16 14 4 16 10 6 16 13 0 17 11 1 17 13 2 17 10 1 18 11 2 18 6 3 18 12 4 18 8 6 18 13
11 27 6 6 1 0 10 9 2 10 7 5 10 11 7 10 12 8 10 10 9 10 10
12 28 1 1 1 9 12 11
13 42 4 4 1 3 19 10 4 19 10 7 19 8 9 19 8
14 43 1 1 1 4 10 10
15 45 8 4 4 4 10 11 4 12 7 7 12 12 1 15 7 6 15 11 7 15 10 1 16 9 6 16 10
16 46 6 6 1 1 13 10 2 13 10 4 13 10 6 13 9 8 13 10 9 13 10
17 47 6 6 2 3 12 9 6 12 8 8 12 11 0 19 11 2 19 6 4 19 7
18 52 36 6 10 2 10 10 9 10 10 3 11 10 7 11 12 8 11 11 9 11 11 2 12 15 3 12 10 4 12 10 7 12 9 9 12 8 2 13 10 4 13 13 8 13 10 3 14 8 4 14 8 2 15 11 3 15 9 4 15 8 8 15 10 9 15 9 3 16 10 7 16 6 8 16 11 9 16 14 2 17 13 4 17 13 7 17 9 8 17 10 9 17 7 7 18 9 2 19 12 3 19 13 4 19 16 7 19 10 8 19 13
19 57 18 6 6 0 10 13 5 10 12 7 10 5 1 12 8 0 13 12 3 13 14 7 13 11 0 15 11 1 15 8 8 15 10 1 16 9 3 16 15 5 16 12 7 16 11 8 16 10 3 19 14 5 19 14 8 19 9
20 59 8 4 4 6 10 9 8 10 8 1 17 8 2 17 12 6 17 10 1 18 12 2 18 12 8 19 10
21 67 60 6 10 0 10 14 2 10 11 5 10 14 6 10 9 7 10 8 9 10 11 0 11 9 2 11 9 5 11 13 6 11 8 7 11 12 9 11 12 0 12 10 2 12 9 5 12 10 6 12 10 7 12 12 9 12 12 0 13 9 2 13 13 5 13 13 6 13 10 7 13 12 9 13 12 0 14 14 2 14 11 5 14 14 6 14 9 7 14 11 9 14 10 0 15 11 2 15 8 5 15 10 6 15 12 7 15 9 9 15 10 0 16 9 2 16 11 5 16 10 6 16 13 7 16 7 9 16 11 0 17 12 2 17 13 5 17 9 6 17 11 7 17 11 9 17 8 0 18 9 2 18 9 5 18 11 6 18 12 7 18 12 9 18 11 0 19 16 2 19 8 5 19 12 6 19 9 7 19 10 9 19 10
22 68 6 6 2 5 12 12 6 12 12 8 12 10 0 19 11 3 19 11 4 19 11
23 71 5 5 1 2 12 10 4 12 8 6 12 8 7 12 11 8 12 11
24 80 3 3 1 0 10 11 1 10 9 5 10 10
25 86 50 5 10 1 10 15 2 10 9 3 10 12 5 10 11 6 10 9 1 11 14 2 11 7 3 11 12 5 11 9 6 11 11 1 12 12 2 12 7 3 12 10 5 12 10 6 12 7 1 13 9 2 13 9 3 13 11 5 13 13 6 13 7 1 14 11 2 14 12 3 14 7 5 14 11 6 14 12 1 15 6 2 15 7 3 15 15 5 15 9 6 15 10 1 16 8 2 16 15 3 16 12 5 16 5 6 16 16 1 17 13 2 17 13 3 17 11 5 17 11 6 17 11 1 18 12 2 18 6 3 18 11 5 18 14 6 18 10 1 19 15 2 19 10 3 19 14 5 19 9 6 19 12
26 89 6 6 3 6 11 11 0 16 9 2 16 12 3 16 9 4 16 11 7 19 10
27 90 10 5 3 5 11 8 8 11 14 2 14 12 5 14 13 7 14 10 8 14 12 9 14 14 2 18 11 7 18 10 9 18 12
28 91 1 1 1 7 14 7
29 95 12 4 4 0 13 10 1 13 13 4 13 11 6 13 10 0 14 11 1 14 8 6 14 11 0 16 9 1 16 10 4 16 10 4 18 8 6 18 4
30 101 1 1 1 6 19 12
31 107 6 3 3 2 12 10 3 12 12 5 12 7 3 13 8 2 17 10 5 17 11
32 114 1 1 1 5 10 12
33 120 3 3 2 0 12 12 2 12 10 9 16 11
34 125 18 6 5 0 11 10 1 11 11 4 11 11 8 11 6 2 14 8 9 14 10 1 15 12 2 15 9 4 15 11 8 15 11 9 15 10 0 17 9 1 17 9 9 17 12 0 19 10 2 19 10 4 19 12 8 19 9
35 127 3 3 1 0 15 9 7 15 11 8 15 7
36 132 1 1 1 5 19 12
37 135 60 6 10 2 10 11 3 10 15 4 10 12 5 10 10 7 10 13 9 10 10 2 11 9 3 11 13 4 11 11 5 11 11 7 11 12 9 11 5 2 12 9 3 12 13 4 12 10 5 12 13 7 12 11 9 12 11 2 13 10 3 13 8 4 13 15 5 13 9 7 13 10 9 13 12 2 14 12 3 14 11 4 14 13 5 14 8 7 14 11 9 14 9 2 15 11 3 15 9 4 15 8 5 15 10 7 15 11 9 15 11 2 16 8 3 16 11 4 16 10 5 16 16 7 16 9 9 16 8 2 17 11 3 17 12 4 17 10 5 17 10 7 17 9 9 17 7 2 18 10 3 18 10 4 18 11 5 18 9 7 18 12 9 18 11 2 19 7 3 19 12 4 19 11 5 19 12 7 19 12 9 19 11
38 137 3 3 2 4 17 12 8 18 11 9 18 12
39 140 1 1 1 6 19 11
40 146 2 2 1 4 15 11 5 15 12
41 149 1 1 1 7 18 10
42 155 18 6 6 0 12 10 2 12 14 6 12 8 7 12 10 9 12 13 1 13 10 6 13 14 1 15 12 2 15 10 7 15 10 9 15 15 0 16 10 1 16 14 0 17 9 6 17 14 7 17 8 9 17 9 2 18 12
43 156 60 6 10 0 10 12 2 10 11 3 10 12 5 10 13 7 10 8 8 10 11 0 11 11 2 11 10 3 11 11 5 11 14 7 11 6 8 11 12 0 12 9 2 12 9 3 12 11 5 12 12 7 12 8 8 12 11 0 13 8 2 13 17 3 13 5 5 13 11 7 13 9 8 13 10 0 14 16 2 14 14 3 14 10 5 14 12 7 14 5 8 14 12 0 15 14 2 15 8 3 15 10 5 15 9 7 15 6 8 15 7 0 16 11 2 16 12 3 16 9 5 16 10 7 16 10 8 16 12 0 17 10 2 17 8 3 17 10 5 17 10 7 17 4 8 17 11 0 18 10 2 18 10 3 18 9 5 18 10 7 18 6 8 18 8 0 19 7 2 19 12 3 19 9 5 19 10 7 19 10 8 19 8
44 159 6 6 2 1 11 12 5 11 12 8 11 12 2 12 12 3 12 9 4 12 12
45 160 60 6 10 0 10 9 1 10 8 4 10 12 5 10 9 8 10 10 9 10 13 0 11 9 1 11 11 4 11 12 5 11 10 8 11 10 9 11 12 0 12 11 1 12 10 4 12 13 5 12 9 8 12 10 9 12 10 0 13 13 1 13 10 4 13 9 5 13 10 8 13 7 9 13 10 0 14 10 1 14 10 4 14 8 5 14 8 8 14 10 9 14 12 0 15 13 1 15 10 4 15 9 5 15 12 8 15 12 9 15 10 0 16 12 1 16 13 4 16 8 5 16 11 8 16 17 9 16 8 0 17 11 1 17 8 4 17 9 5 17 6 8 17 13 9 17 9 0 18 9 1 18 9 4 18 11 5 18 9 8 18 10 9 18 10 0 19 12 1 19 9 4 19 12 5 19 8 8 19 8 9 19 12
46 161 6 6 2 3 10 10 6 10 9 8 10 9 0 11 12 4 11 9 5 11 11
47 163 18 6 5 2 10 12 6 10 13 2 12 12 3 12 12 7 12 12 8 12 10 2 13 9 4 13 13 3 14 12 4 14 11 6 14 10 7 14 12 8 14 8 3 17 12 4 17 11 6 17 11 7 17 10 8 17 14
48 166 18 6 5 0 13 10 3 13 10 8 13 8 2 14 13 0 15 14 3 15 8 4 15 10 6 15 7 0 18 6 2 18 10 4 18 11 6 18 10 8 18 12 2 19 11 3 19 10 4 19 8 6 19 12 8 19 11
49 167 40 4 10 1 10 10 3 10 11 4 10 14 8 10 9 1 11 9 3 11 14 4 11 12 8 11 12 1 12 9 3 12 9 4 12 7 8 12 6 1 13 6 3 13 12 4 13 12 8 13 7 1 14 7 3 14 12 4 14 10 8 14 10 1 15 9 3 15 14 4 15 7 8 15 10 1 16 14 3 16 7 4 16 9 8 16 7 1 17 11 3 17 12 4 17 9 8 17 10 1 18 8 3 18 11 4 18 11 8 18 10 1 19 10 3 19 10 4 19 12 8 19 6
