20 50
0 0 12 6 3 3 13 9 8 13 9 9 13 10 2 16 11 3 16 8 4 16 12 7 16 14 8 16 10 9 16 10 2 18 12 4 18 8 7 18 10
1 2 18 6 6 1 10 9 3 10 13 0 13 10 2 13 11 3 13 8 4 13 11 5 13 15 2 14 8 4 14 11 5 14 12 1 15 10 2 15 10 5 15 11 0 17 9 1 17 9 3 17 8 0 19 13 4 19 14
2 4 1 1 1 2 16 8
3 8 24 6 7 0 10 15 1 10 11 2 10 9 7 10 11 9 10 9 1 12 13 2 12 13 3 12 10 7 12 9 9 12 11 0 14 9 1 15 11 3 15 10 7 15 10 9 15 14 0 16 11 1 16 9 3 16 11 7 16 14 0 17 12 2 17 10 3 17 9 2 18 8 9 18 9
4 10 6 6 1 0 13 10 1 13 13 5 13 12 6 13 6 7 13 9 9 13 11
5 11 1 1 1 5 12 7
6 13 2 2 1 3 12 11 8 12 10
7 14 24 6 7 2 10 11 3 10 8 5 10 7 7 10 9 8 10 12 3 11 10 4 11 10 7 11 11 8 11 12 3 12 13 5 12 12 8 12 8 4 13 10 7 13 7 2 15 14 5 15 10 8 15 12 2 17 10 4 17 8 5 17 11 2 19 13 3 19 10 4 19 13 7 19 13
8 17 18 6 6 3 12 11 4 12 11 6 14 7 8 14 11 1 15 12 2 15 11 4 15 9 8 15 13 1 16 12 4 16 10 2 17 11 3 17 10 6 17 10 1 19 13 2 19 13 3 19 12 6 19 8 8 19 10
9 20 4 4 1 1 13 8 3 13 10 8 13 11 9 13 11
10 24 18 6 6 0 10 11 2 10 9 3 10 10 6 10 12 9 10 9 0 12 11 2 12 10 3 14 9 6 14 9 8 14 11 9 14 12 0 15 10 6 15 16 8 15 12 3 16 9 8 16 12 2 18 17 9 18 9
11 27 12 4 4 1 11 9 5 11 9 8 11 11 3 13 11 8 13 11 1 14 10 3 14 12 5 14 11 8 14 12 1 16 8 3 16 11 5 16 9
12 28 24 6 7 8 12 10 1 14 8 3 14 8 4 14 10 5 14 14 7 14 13 1 15 8 4 15 12 7 15 10 8 15 11 4 16 13 5 16 9 7 16 12 1 17 14 3 17 12 4 17 15 5 17 11 8 17 9 1 18 14 3 18 10 3 19 10 5 19 9 7 19 12 8 19 13
13 42 2 2 1 4 16 10 6 16 8
14 43 15 5 5 0 10 13 4 10 9 9 10 10 0 12 11 2 12 8 3 12 10 4 12 14 2 13 10 3 13 11 9 13 11 0 15 13 2 15 10 3 15 11 4 15 9 9 16 11
15 45 3 3 2 4 13 9 7 14 12 8 14 13
16 46 6 6 1 0 10 7 3 10 8 4 10 9 5 10 9 7 10 12 9 10 15
17 47 1 1 1 9 17 11
18 52 12 6 3 0 10 12 8 10 10 9 10 10 0 11 12 1 11 10 2 11 9 6 11 12 9 11 11 1 15 12 2 15 11 6 15 12 8 15 13
19 57 8 4 4 5 11 11 0 14 8 2 14 9 5 14 9 1 16 8 0 17 10 1 17 7 2 17 12
20 59 8 4 3 2 12 11 4 12 9 5 12 11 6 12 15 2 13 9 4 13 9 5 15 14 6 15 10
21 67 6 6 1 0 10 10 1 10 10 2 10 8 5 10 10 8 10 8 9 10 9
22 68 60 6 10 0 10 12 1 10 13 5 10 9 7 10 9 8 10 11 9 10 7 0 11 9 1 11 14 5 11 12 7 11 10 8 11 9 9 11 10 0 12 9 1 12 10 5 12 8 7 12 11 8 12 13 9 12 7 0 13 10 1 13 13 5 13 8 7 13 14 8 13 12 9 13 14 0 14 11 1 14 13 5 14 12 7 14 9 8 14 10 9 14 12 0 15 5 1 15 12 5 15 10 7 15 11 8 15 12 9 15 9 0 16 11 1 16 13 5 16 12 7 16 13 8 16 12 9 16 12 0 17 12 1 17 12 5 17 14 7 17 9 8 17 12 9 17 7 0 18 12 1 18 12 5 18 10 7 18 11 8 18 10 9 18 8 0 19 11 1 19 9 5 19 14 7 19 8 8 19 10 9 19 9
23 71 2 2 1 1 14 12 7 14 10
24 80 12 6 3 0 12 11 3 12 11 4 12 10 9 12 10 2 13 10 3 13 10 6 13 11 9 13 12 0 19 7 2 19 8 4 19 8 6 19 10
25 86 12 4 5 4 10 12 9 10 10 0 12 12 6 13 11 0 18 8 4 18 7 6 18 10 9 18 9 0 19 7 4 19 8 6 19 11 9 19 14
26 89 2 2 1 7 15 11 8 15 11
27 90 2 2 1 1 11 12 6 11 10
28 91 1 1 1 6 15 13
29 95 3 3 1 1 15 11 4 15 11 5 15 11
30 101 3 3 1 5 14 12 6 14 11 7 14 13
31 107 24 6 8 0 10 10 1 10 11 6 10 13 9 10 8 3 11 9 6 11 10 1 12 11 3 13 9 5 13 10 0 15 10 5 15 8 6 15 14 9 15 14 0 16 11 1 16 9 5 16 11 0 18 10 1 18 15 3 18 8 6 18 14 9 18 12 3 19 7 5 19 15 9 19 13
32 114 3 3 1 2 14 9 5 14 10 9 14 11
33 120 6 6 1 0 19 13 1 19 12 5 19 10 6 19 10 7 19 10 9 19 12
34 125 2 2 2 6 16 10 1 18 11
35 127 2 2 1 0 15 8 4 15 10
36 132 4 4 2 3 12 6 0 17 10 2 17 13 8 17 14
37 135 6 6 1 0 15 7 1 15 9 3 15 13 6 15 12 7 15 13 8 15 12
38 137 1 1 1 4 18 10
39 140 18 6 5 2 12 10 3 12 10 5 12 10 6 12 5 1 13 10 4 13 13 5 13 11 6 13 9 1 15 8 2 15 12 4 15 13 3 16 7 4 16 11 5 16 11 6 16 10 1 19 13 2 19 9 3 19 9
40 146 6 6 3 7 10 12 8 10 12 1 15 11 2 15 7 5 15 11 4 19 9
41 149 1 1 1 4 11 11
42 155 8 4 3 7 14 13 8 14 11 5 15 10 8 15 7 9 15 10 5 17 12 7 17 8 9 17 9
43 156 8 4 3 0 11 13 1 11 12 8 11 10 1 13 9 8 13 11 9 13 11 0 18 6 9 18 10
44 159 18 6 5 1 10 9 2 10 12 8 10 11 9 10 11 2 12 9 3 12 10 8 12 8 9 12 12 3 13 10 7 13 8 8 13 8 1 15 11 2 15 12 3 15 12 7 15 7 1 19 10 7 19 8 9 19 9
45 160 6 6 1 1 11 9 2 11 13 3 11 8 5 11 10 6 11 11 7 11 12
46 161 4 4 1 3 11 13 4 11 8 7 11 14 9 11 11
47 163 4 4 1 0 14 10 6 14 13 8 14 12 9 14 6
48 166 18 6 5 1 10 12 4 10 10 5 10 14 7 10 11 3 11 9 4 11 11 5 11 10 7 11 9 9 11 9 1 14 10 7 14 9 9 14 14 3 15 15 9 15 8 1 16 11 3 16 14 4 16 8 5 16 10
49 167 6 6 1 1 15 8 3 15 12 5 15 13 6 15 7 8 15 9 9 15 8
