20 50
0 0 6 6 2 8 11 12 3 12 12 4 12 11 5 12 13 6 12 10 9 12 10
1 2 12 6 3 0 12 8 2 12 9 3 12 9 4 12 14 6 12 8 9 12 11 2 13 13 3 13 13 6 13 9 9 13 11 0 15 10 4 15 11
2 4 3 3 1 0 19 10 1 19 9 6 19 14
3 8 6 6 1 1 10 8 2 10 12 3 10 13 6 10 13 8 10 10 9 10 14
4 10 30 6 8 1 10 11 2 10 9 7 10 10 9 10 12 2 12 6 4 12 12 7 12 11 1 13 12 4 13 11 5 13 13 9 13 9 1 14 9 2 14 9 5 14 12 9 14 13 5 16 11 7 16 12 1 17 10 2 17 14 4 17 12 7 17 6 1 18 9 4 18 9 5 18 7 9 18 11 2 19 9 4 19 11 5 19 13 7 19 10 9 19 9
5 11 2 2 1 0 11 9 9 11 11
6 13 6 3 2 3 16 13 7 16 12 9 16 13 3 17 12 7 17 11 9 17 10
7 14 4 4 2 1 11 9 2 11 9 0 17 9 4 17 12
8 17 4 4 2 2 10 13 5 10 9 9 10 11 3 12 10
9 20 8 4 4 4 13 8 5 13 12 6 14 10 1 16 12 5 16 13 1 19 12 4 19 10 6 19 8
10 24 4 4 1 1 14 9 2 14 11 5 14 11 6 14 10
11 27 24 6 7 1 10 10 8 10 11 9 10 9 0 11 11 1 11 10 2 11 10 8 11 15 0 13 9 5 13 9 9 13 12 1 14 11 2 14 7 5 14 14 8 14 9 0 16 9 8 16 6 9 16 9 0 17 10 1 17 11 2 17 12 5 17 10 9 17 11 2 19 10 5 19 12
12 28 10 1 10 2 10 9 2 11 11 2 12 9 2 13 10 2 14 9 2 15 14 2 16 10 2 17 12 2 18 13 2 19 13
13 42 20 2 10 1 10 14 6 10 8 1 11 9 6 11 12 1 12 10 6 12 9 1 13 10 6 13 9 1 14 9 6 14 12 1 15 12 6 15 4 1 16 10 6 16 8 1 17 11 6 17 11 1 18 10 6 18 9 1 19 9 6 19 10
14 43 10 1 10 6 10 14 6 11 10 6 12 10 6 13 12 6 14 14 6 15 10 6 16 9 6 17 9 6 18 11 6 19 9
15 45 6 6 1 0 17 11 1 17 11 2 17 10 4 17 12 7 17 14 8 17 10
16 46 18 6 5 1 10 9 2 10 14 3 10 11 4 10 13 4 14 11 6 14 10 9 14 10 3 15 8 4 15 8 9 15 15 1 17 11 2 17 7 6 17 7 1 19 9 2 19 15 3 19 10 6 19 12 9 19 8
17 47 1 1 1 3 14 14
18 52 2 2 1 1 15 12 3 15 8
19 57 6 6 1 0 15 12 4 15 12 5 15 9 6 15 11 7 15 14 8 15 9
20 59 12 6 3 1 10 10 3 10 7 4 10 9 6 10 8 0 12 11 4 12 12 6 12 14 7 12 12 0 18 8 1 18 10 3 18 10 7 18 8
21 67 1 1 1 6 16 11
22 68 8 4 3 3 11 10 4 11 9 5 11 11 8 11 10 3 13 12 4 13 8 8 13 11 5 16 13
23 71 4 4 1 1 17 12 2 17 13 3 17 12 7 17 8
24 80 1 1 1 9 13 10
25 86 1 1 1 9 10 13
26 89 1 1 1 2 16 14
27 90 18 6 5 1 10 7 4 10 11 9 10 9 0 12 12 2 12 10 4 12 10 5 12 10 9 12 12 2 16 14 4 16 12 5 16 10 0 18 11 1 18 10 2 18 14 0 19 12 1 19 10 5 19 6 9 19 11
28 91 6 6 1 0 16 7 2 16 10 3 16 11 4 16 12 6 16 10 9 16 9
29 95 3 3 1 0 16 8 4 16 11 5 16 10
30 101 18 6 5 0 11 12 3 11 7 4 11 13 9 11 9 1 14 14 6 14 11 0 15 10 1 15 9 4 15 9 1 18 9 3 18 12 4 18 15 6 18 12 9 18 10 0 19 9 3 19 10 6 19 11 9 19 13
31 107 1 1 1 4 13 11
32 114 2 2 1 4 14 14 9 14 12
33 120 6 6 1 0 13 10 1 13 8 3 13 11 4 13 14 5 13 8 8 13 13
34 125 8 4 4 4 10 10 9 10 13 1 11 13 3 11 9 4 11 12 1 12 11 3 12 11 9 13 11
35 127 60 6 10 2 10 5 3 10 8 5 10 11 6 10 10 7 10 10 8 10 10 2 11 5 3 11 13 5 11 10 6 11 10 7 11 10 8 11 11 2 12 11 3 12 8 5 12 6 6 12 9 7 12 8 8 12 13 2 13 11 3 13 9 5 13 9 6 13 8 7 13 13 8 13 7 2 14 12 3 14 10 5 14 11 6 14 10 7 14 10 8 14 12 2 15 14 3 15 14 5 15 10 6 15 12 7 15 11 8 15 10 2 16 7 3 16 8 5 16 11 6 16 12 7 16 11 8 16 10 2 17 9 3 17 9 5 17 11 6 17 13 7 17 11 8 17 11 2 18 10 3 18 10 5 18 12 6 18 11 7 18 12 8 18 10 2 19 10 3 19 10 5 19 12 6 19 8 7 19 8 8 19 14
36 132 3 3 2 6 10 6 4 18 9 5 18 11
37 135 2 2 1 2 11 12 4 11 13
38 137 60 6 10 0 10 12 2 10 9 3 10 8 4 10 7 5 10 9 8 10 17 0 11 13 2 11 11 3 11 11 4 11 11 5 11 9 8 11 10 0 12 10 2 12 13 3 12 12 4 12 9 5 12 8 8 12 8 0 13 12 2 13 13 3 13 13 4 13 8 5 13 12 8 13 12 0 14 13 2 14 11 3 14 10 4 14 15 5 14 7 8 14 11 0 15 12 2 15 12 3 15 13 4 15 10 5 15 12 8 15 10 0 16 8 2 16 10 3 16 11 4 16 12 5 16 14 8 16 10 0 17 12 2 17 11 3 17 8 4 17 12 5 17 7 8 17 9 0 18 13 2 18 13 3 18 10 4 18 9 5 18 9 8 18 10 0 19 12 2 19 11 3 19 9 4 19 9 5 19 10 8 19 11
39 140 6 3 3 5 12 13 8 12 8 2 17 10 5 17 8 8 17 10 2 18 11
40 146 2 2 1 1 18 10 3 18 10
41 149 6 6 1 0 17 9 1 17 12 2 17 12 4 17 10 7 17 9 9 17 12
42 155 1 1 1 8 15 13
43 156 6 6 1 0 18 8 1 18 13 3 18 11 5 18 8 8 18 14 9 18 11
44 159 1 1 1 0 11 12
45 160 3 3 1 1 15 13 5 15 9 6 15 10
46 161 60 6 10 0 10 10 3 10 10 4 10 10 5 10 9 6 10 10 9 10 9 0 11 9 3 11 10 4 11 7 5 11 11 6 11 9 9 11 8 0 12 13 3 12 11 4 12 10 5 12 15 6 12 12 9 12 11 0 13 9 3 13 10 4 13 10 5 13 8 6 13 15 9 13 11 0 14 10 3 14 8 4 14 11 5 14 12 6 14 11 9 14 10 0 15 11 3 15 12 4 15 11 5 15 11 6 15 8 9 15 12 0 16 8 3 16 8 4 16 6 5 16 14 6 16 11 9 16 11 0 17 10 3 17 10 4 17 10 5 17 9 6 17 11 9 17 7 0 18 11 3 18 11 4 18 11 5 18 14 6 18 12 9 18 8 0 19 12 3 19 11 4 19 13 5 19 10 6 19 11 9 19 10
47 163 1 1 1 8 12 11
48 166 1 1 1 4 10 11
49 167 3 3 1 0 11 9 6 11 8 7 11 9
