20 50
0 0 1 1 1 0 12 10
1 2 18 6 5 4 10 10 9 10 5 2 11 11 4 11 11 8 11 6 9 11 8 3 12 9 4 12 11 5 12 14 8 12 8 2 16 10 3 16 9 5 16 11 8 16 8 9 16 13 2 17 8 3 17 7 5 17 12
2 4 3 3 2 7 10 10 9 10 11 3 13 10
3 8 6 6 1 0 19 10 4 19 13 5 19 9 6 19 9 8 19 7 9 19 12
4 10 12 6 3 0 13 12 1 13 14 4 13 11 8 13 11 9 13 12 0 18 9 1 18 13 6 18 11 9 18 11 4 19 11 6 19 13 8 19 14
5 11 12 6 3 0 10 8 1 10 6 5 10 9 8 10 11 9 10 9 3 14 7 0 17 11 1 17 9 3 17 14 5 17 11 8 17 10 9 17 15
6 13 18 6 5 0 11 9 1 11 9 2 11 11 5 11 9 9 11 10 0 16 8 2 16 16 4 16 11 9 16 10 1 17 13 2 17 11 5 17 9 9 17 10 0 18 9 1 18 10 4 18 11 4 19 13 5 19 10
7 14 1 1 1 4 13 11
8 17 2 2 1 8 11 11 9 11 9
9 20 1 1 1 6 15 6
10 24 2 2 2 7 10 9 0 17 12
11 27 24 6 7 1 12 11 5 12 8 7 12 6 0 13 11 1 13 13 5 13 11 6 13 11 0 14 5 3 14 10 6 14 13 3 15 11 7 15 9 0 16 17 1 16 10 3 16 10 5 16 13 6 16 10 0 17 12 1 17 13 6 17 11 7 17 12 3 18 12 5 18 11 7 18 9
12 28 12 6 3 0 10 9 2 10 12 4 10 11 7 10 9 0 11 9 4 11 11 5 11 13 7 11 11 9 11 11 2 16 12 5 16 7 9 16 5
13 42 2 2 1 5 10 11 6 10 6
14 43 6 6 1 1 17 12 4 17 8 6 17 13 7 17 10 8 17 10 9 17 9
15 45 12 6 3 1 12 8 3 12 9 6 12 11 7 12 10 9 12 5 0 18 7 1 18 11 3 18 7 7 18 11 0 19 12 6 19 11 9 19 9
16 46 4 4 1 0 16 16 2 16 12 3 16 12 7 16 7
17 47 1 1 1 8 19 16
18 52 5 5 2 1 11 10 5 11 10 8 11 13 6 18 10 7 18 12
19 57 6 6 2 2 11 11 8 11 8 0 18 11 4 18 13 6 18 9 7 18 9
20 59 5 5 1 0 12 10 1 12 9 2 12 11 6 12 12 8 12 13
21 67 3 1 3 7 10 10 7 15 11 7 19 10
22 68 18 6 5 1 10 10 2 10 6 4 10 10 6 10 8 4 15 12 5 15 8 8 15 10 4 17 10 5 17 10 6 17 10 1 18 12 2 18 10 8 18 11 1 19 9 2 19 11 5 19 10 6 19 9 8 19 8
23 71 2 2 2 6 10 10 1 12 10
24 80 6 3 3 6 11 14 9 11 10 2 14 10 6 14 14 9 14 11 2 19 11
25 86 8 4 3 2 10 10 5 10 12 8 10 13 0 11 10 8 11 12 0 18 11 2 18 10 5 18 11
26 89 6 3 3 1 12 10 5 12 12 1 13 11 3 13 11 3 17 13 5 17 11
27 90 20 2 10 0 10 7 2 10 11 0 11 12 2 11 8 0 12 12 2 12 9 0 13 10 2 13 10 0 14 12 2 14 11 0 15 10 2 15 12 0 16 9 2 16 13 0 17 9 2 17 12 0 18 10 2 18 11 0 19 11 2 19 15
28 91 4 4 2 1 17 11 2 17 9 4 18 10 8 18 11
29 95 1 1 1 0 10 12
30 101 3 3 1 1 16 10 3 16 9 5 16 6
31 107 10 5 3 0 12 10 3 12 12 8 12 10 0 18 11 1 18 12 3 18 11 5 18 9 1 19 10 5 19 12 8 19 12
32 114 1 1 1 6 19 11
33 120 4 4 1 0 18 13 1 18 11 3 18 10 7 18 9
34 125 2 2 1 1 10 9 6 10 12
35 127 2 2 1 5 16 11 7 16 10
36 132 18 6 6 0 11 10 4 11 9 6 11 12 1 12 15 6 12 11 0 14 9 5 14 12 9 14 7 5 16 11 9 16 7 0 17 8 1 17 15 4 17 10 5 17 10 6 17 10 9 17 8 1 18 12 4 18 8
37 135 1 1 1 6 14 13
38 137 1 1 1 7 17 9
39 140 1 1 1 3 17 12
40 146 12 6 4 1 14 14 3 14 9 0 15 12 4 15 11 7 15 15 8 15 9 1 16 12 3 16 11 7 16 9 8 16 10 0 18 6 4 18 10
41 149 6 6 1 0 18 9 1 18 9 2 18 14 4 18 10 6 18 9 8 18 9
42 155 60 6 10 0 10 9 1 10 11 4 10 11 6 10 7 7 10 11 8 10 12 0 11 11 1 11 10 4 11 11 6 11 14 7 11 12 8 11 9 0 12 8 1 12 13 4 12 12 6 12 9 7 12 11 8 12 11 0 13 8 1 13 11 4 13 9 6 13 9 7 13 7 8 13 12 0 14 8 1 14 12 4 14 12 6 14 10 7 14 10 8 14 11 0 15 8 1 15 11 4 15 9 6 15 14 7 15 10 8 15 12 0 16 10 1 16 11 4 16 8 6 16 11 7 16 12 8 16 8 0 17 12 1 17 10 4 17 11 6 17 12 7 17 12 8 17 12 0 18 13 1 18 5 4 18 13 6 18 11 7 18 11 8 18 12 0 19 11 1 19 6 4 19 12 6 19 7 7 19 11 8 19 12
43 156 6 6 1 1 14 12 4 14 13 5 14 10 6 14 11 7 14 11 8 14 9
44 159 6 6 1 0 19 8 1 19 9 2 19 10 3 19 11 4 19 10 6 19 11
45 160 2 2 1 1 18 11 2 18 12
46 161 54 6 10 1 10 8 4 10 8 5 10 11 6 10 10 7 10 13 9 10 8 1 11 12 4 11 13 5 11 9 6 11 10 7 11 11 9 11 9 1 12 13 4 12 13 5 12 8 6 12 11 7 12 12 1 13 13 4 13 11 6 13 9 7 13 11 9 13 11 1 14 11 4 14 12 5 14 11 6 14 8 7 14 11 9 14 10 1 15 14 4 15 12 5 15 13 6 15 11 7 15 10 9 15 7 1 16 10 4 16 12 5 16 12 6 16 10 7 16 13 9 16 12 4 17 13 5 17 12 6 17 15 7 17 13 9 17 11 1 18 12 4 18 11 5 18 9 6 18 17 9 18 10 1 19 11 5 19 10 7 19 14 9 19 10
47 163 6 6 1 2 11 10 3 11 12 6 11 14 7 11 10 8 11 10 9 11 11
48 166 1 1 1 2 12 13
49 167 3 3 1 0 12 10 1 12 12 4 12 10
