20 50
0 0 2 2 1 0 11 15 9 11 11
1 2 60 6 10 1 10 15 2 10 8 5 10 9 6 10 16 7 10 12 9 10 10 1 11 6 2 11 16 5 11 11 6 11 7 7 11 13 9 11 10 1 12 8 2 12 6 5 12 11 6 12 8 7 12 9 9 12 12 1 13 12 2 13 13 5 13 11 6 13 10 7 13 15 9 13 8 1 14 10 2 14 11 5 14 9 6 14 10 7 14 10 9 14 12 1 15 10 2 15 10 5 15 9 6 15 12 7 15 12 9 15 12 1 16 13 2 16 9 5 16 13 6 16 10 7 16 10 9 16 9 1 17 9 2 17 10 5 17 12 6 17 11 7 17 10 9 17 13 1 18 14 2 18 11 5 18 9 6 18 11 7 18 11 9 18 13 1 19 9 2 19 10 5 19 9 6 19 11 7 19 9 9 19 11
2 4 2 2 1 5 19 11 8 19 9
3 8 12 6 4 1 10 10 5 10 12 7 10 8 9 10 10 3 12 10 5 12 8 8 17 11 9 17 11 1 19 11 3 19 9 7 19 9 8 19 13
4 10 3 3 1 6 10 12 7 10 11 8 10 10
5 11 2 2 1 0 14 10 3 14 16
6 13 2 2 1 7 11 8 9 11 9
7 14 6 3 3 2 10 13 8 10 12 8 13 10 9 13 13 2 15 13 9 15 10
8 17 60 6 10 2 10 10 3 10 10 4 10 13 5 10 12 6 10 14 7 10 12 2 11 13 3 11 12 4 11 14 5 11 11 6 11 10 7 11 12 2 12 6 3 12 12 4 12 11 5 12 10 6 12 9 7 12 12 2 13 8 3 13 11 4 13 9 5 13 11 6 13 10 7 13 12 2 14 9 3 14 10 4 14 9 5 14 9 6 14 11 7 14 12 2 15 10 3 15 7 4 15 9 5 15 12 6 15 13 7 15 9 2 16 8 3 16 14 4 16 13 5 16 10 6 16 11 7 16 11 2 17 11 3 17 11 4 17 12 5 17 9 6 17 15 7 17 10 2 18 12 3 18 10 4 18 11 5 18 15 6 18 7 7 18 11 2 19 10 3 19 9 4 19 11 5 19 11 6 19 11 7 19 11
9 20 6 6 1 1 12 12 3 12 13 6 12 8 7 12 9 8 12 13 9 12 10
10 24 24 6 6 3 11 12 5 11 12 6 11 5 9 11 12 1 12 12 3 12 11 4 12 11 5 12 9 6 12 10 5 13 12 6 13 13 9 13 12 1 14 8 3 14 11 4 14 13 6 14 9 9 14 13 1 18 10 4 18 9 1 19 12 3 19 14 4 19 11 5 19 9 9 19 10
11 27 6 6 2 2 12 11 6 12 10 5 17 10 7 17 11 8 17 9 9 17 10
12 28 6 6 1 0 13 10 1 13 7 2 13 9 4 13 14 6 13 10 8 13 8
13 42 8 4 3 6 10 12 8 10 10 9 10 14 0 12 14 9 12 11 0 13 13 6 13 7 8 13 7
14 43 2 2 1 1 14 11 3 14 11
15 45 6 6 1 0 12 9 3 12 12 4 12 9 6 12 13 8 12 9 9 12 11
16 46 6 3 2 2 11 8 7 11 12 9 11 15 2 14 11 7 14 8 9 14 11
17 47 3 3 1 1 16 10 3 16 12 5 16 8
18 52 6 6 2 1 12 14 4 12 10 5 12 11 7 12 12 3 14 14 8 14 7
19 57 2 2 1 1 18 9 2 18 9
20 59 3 3 1 1 13 12 3 13 11 5 13 13
21 67 6 6 1 2 16 9 4 16 11 5 16 12 6 16 8 7 16 6 8 16 12
22 68 6 6 2 0 14 11 1 14 12 2 14 9 3 18 10 6 18 14 7 18 8
23 71 60 6 10 0 10 12 2 10 9 3 10 15 4 10 14 6 10 11 9 10 8 0 11 11 2 11 9 3 11 10 4 11 14 6 11 15 9 11 9 0 12 11 2 12 10 3 12 7 4 12 12 6 12 11 9 12 11 0 13 11 2 13 11 3 13 10 4 13 9 6 13 10 9 13 9 0 14 8 2 14 9 3 14 14 4 14 13 6 14 9 9 14 12 0 15 11 2 15 14 3 15 14 4 15 8 6 15 7 9 15 9 0 16 11 2 16 10 3 16 9 4 16 6 6 16 12 9 16 10 0 17 7 2 17 10 3 17 13 4 17 12 6 17 7 9 17 13 0 18 7 2 18 11 3 18 12 4 18 9 6 18 13 9 18 8 0 19 11 2 19 11 3 19 9 4 19 12 6 19 11 9 19 9
24 80 60 6 10 0 10 13 2 10 10 3 10 9 6 10 11 8 10 15 9 10 13 0 11 9 2 11 12 3 11 9 6 11 14 8 11 9 9 11 8 0 12 8 2 12 10 3 12 10 6 12 7 8 12 10 9 12 8 0 13 9 2 13 13 3 13 11 6 13 11 8 13 11 9 13 12 0 14 14 2 14 11 3 14 8 6 14 13 8 14 11 9 14 12 0 15 9 2 15 13 3 15 9 6 15 10 8 15 7 9 15 11 0 16 10 2 16 11 3 16 12 6 16 9 8 16 11 9 16 11 0 17 12 2 17 6 3 17 13 6 17 7 8 17 13 9 17 10 0 18 11 2 18 12 3 18 9 6 18 14 8 18 10 9 18 15 0 19 14 2 19 8 3 19 12 6 19 10 8 19 11 9 19 13
25 86 18 6 5 1 10 7 4 10 6 7 10 10 8 10 12 4 13 14 5 13 14 6 13 11 8 13 9 5 16 10 6 16 7 1 17 11 6 17 11 7 17 11 1 19 12 4 19 13 5 19 10 7 19 12 8 19 10
26 89 6 6 1 1 12 11 2 12 14 4 12 14 6 12 12 8 12 13 9 12 14
27 90 18 6 6 2 10 12 5 10 9 7 10 12 9 10 8 6 11 11 0 13 10 2 13 7 5 14 13 6 14 9 7 14 11 9 14 11 0 17 11 2 17 9 0 19 9 5 19 10 6 19 10 7 19 15 9 19 11
28 91 24 6 6 2 10 10 3 10 10 5 10 10 8 10 10 2 11 8 3 11 11 6 11 11 9 11 12 3 12 16 8 12 11 9 12 12 2 13 13 3 13 14 5 13 12 6 13 10 8 13 11 9 13 12 5 16 10 6 16 11 8 16 14 9 16 13 2 18 11 5 18 12 6 18 7
29 95 6 6 2 0 10 12 2 10 12 5 10 11 8 10 11 4 19 10 6 19 10
30 101 24 6 7 2 12 12 4 12 10 5 12 6 9 12 12 0 13 12 6 13 10 4 14 9 6 14 9 9 14 7 0 15 10 2 15 10 4 15 11 6 15 13 9 15 8 0 16 14 2 16 11 4 16 11 5 16 7 0 17 7 2 17 8 5 17 11 6 17 11 5 18 11 9 18 11
31 107 6 6 2 4 14 8 6 14 9 9 14 13 0 17 8 3 17 15 7 17 10
32 114 24 4 9 3 10 14 6 10 8 7 10 10 5 11 8 6 11 14 7 11 9 3 12 8 5 12 12 7 12 10 5 14 11 7 14 12 6 15 11 7 15 13 3 16 8 3 17 13 5 17 12 6 17 10 3 18 11 5 18 6 6 18 12 3 19 10 5 19 12 6 19 11 7 19 8
33 120 20 2 10 2 10 6 9 10 8 2 11 12 9 11 13 2 12 12 9 12 8 2 13 10 9 13 10 2 14 13 9 14 10 2 15 10 9 15 12 2 16 12 9 16 11 2 17 14 9 17 12 2 18 12 9 18 12 2 19 11 9 19 13
34 125 1 1 1 6 14 12
35 127 4 4 2 3 13 10 8 13 8 2 14 11 9 14 12
36 132 8 4 3 0 10 12 2 10 9 0 13 10 1 13 11 6 13 9 1 19 10 2 19 14 6 19 13
37 135 20 2 10 0 10 10 9 10 14 0 11 10 9 11 9 0 12 12 9 12 8 0 13 6 9 13 9 0 14 8 9 14 7 0 15 9 9 15 11 0 16 14 9 16 11 0 17 13 9 17 11 0 18 9 9 18 13 0 19 12 9 19 5
38 137 3 3 2 4 14 10 0 16 13 9 16 12
39 140 2 2 1 0 16 11 2 16 7
40 146 1 1 1 2 18 10
41 149 60 6 10 3 10 13 4 10 9 5 10 12 7 10 11 8 10 12 9 10 13 3 11 11 4 11 15 5 11 13 7 11 9 8 11 9 9 11 9 3 12 9 4 12 12 5 12 9 7 12 7 8 12 12 9 12 8 3 13 12 4 13 11 5 13 7 7 13 12 8 13 10 9 13 11 3 14 11 4 14 11 5 14 10 7 14 11 8 14 9 9 14 14 3 15 9 4 15 7 5 15 12 7 15 13 8 15 10 9 15 11 3 16 14 4 16 11 5 16 9 7 16 11 8 16 14 9 16 11 3 17 9 4 17 11 5 17 14 7 17 13 8 17 10 9 17 7 3 18 8 4 18 13 5 18 10 7 18 12 8 18 9 9 18 14 3 19 10 4 19 9 5 19 13 7 19 11 8 19 13 9 19 11
42 155 20 2 10 0 10 11 6 10 11 0 11 10 6 11 5 0 12 14 6 12 9 0 13 12 6 13 9 0 14 13 6 14 9 0 15 12 6 15 8 0 16 7 6 16 10 0 17 6 6 17 10 0 18 10 6 18 11 0 19 12 6 19 11
43 156 3 3 1 5 15 10 6 15 12 7 15 9
44 159 3 3 1 1 14 10 7 14 14 8 14 9
45 160 3 3 1 2 16 11 7 16 9 8 16 10
46 161 1 1 1 5 12 9
47 163 3 3 2 2 13 11 1 14 11 3 14 10
48 166 6 6 1 0 19 9 1 19 9 2 19 7 5 19 9 6 19 9 7 19 12
49 167 18 6 5 2 11 9 9 11 8 2 13 7 3 13 11 4 13 12 5 13 12 1 16 10 4 16 13 9 16 8 1 17 9 3 17 11 5 17 9 1 19 8 2 19 13 3 19 9 4 19 10 5 19 5 9 19 10
