20 50
0 0 3 3 1 0 17 10 2 17 10 8 17 9
1 2 1 1 1 2 10 14
2 4 10 5 3 2 11 8 5 11 13 6 11 9 8 11 11 4 14 12 5 14 10 6 14 11 2 17 9 4 17 9 8 17 9
3 8 1 1 1 3 12 11
4 10 4 4 1 4 12 8 6 12 8 7 12 12 9 12 12
5 11 8 4 3 0 11 9 1 11 10 5 11 12 7 11 8 5 14 12 0 15 10 1 15 11 7 15 10
6 13 60 6 10 1 10 11 2 10 8 3 10 10 7 10 5 8 10 12 9 10 14 1 11 9 2 11 11 3 11 11 7 11 10 8 11 12 9 11 13 1 12 12 2 12 11 3 12 11 7 12 13 8 12 8 9 12 12 1 13 6 2 13 8 3 13 5 7 13 9 8 13 8 9 13 10 1 14 11 2 14 11 3 14 14 7 14 11 8 14 10 9 14 12 1 15 8 2 15 11 3 15 11 7 15 10 8 15 11 9 15 12 1 16 13 2 16 9 3 16 9 7 16 12 8 16 10 9 16 11 1 17 8 2 17 12 3 17 9 7 17 10 8 17 9 9 17 9 1 18 10 2 18 5 3 18 11 7 18 7 8 18 14 9 18 9 1 19 12 2 19 11 3 19 11 7 19 11 8 19 9 9 19 11
7 14 1 1 1 0 16 10
8 17 18 6 5 4 10 9 5 10 13 8 10 12 0 11 9 2 11 12 8 11 11 9 11 10 2 13 11 4 13 11 8 13 9 9 13 12 0 14 13 2 14 9 5 14 12 9 14 9 0 15 7 4 15 12 5 15 9
9 20 20 2 10 8 10 10 9 10 12 8 11 10 9 11 11 8 12 11 9 12 7 8 13 9 9 13 11 8 14 7 9 14 13 8 15 8 9 15 6 8 16 9 9 16 11 8 17 12 9 17 10 8 18 11 9 18 6 8 19 13 9 19 10
10 24 6 6 1 0 17 10 1 17 9 2 17 10 3 17 9 8 17 9 9 17 12
11 27 24 6 7 0 12 7 5 12 5 1 14 12 8 14 12 0 15 10 1 15 11 2 15 12 5 15 12 8 15 10 9 15 9 0 16 8 5 16 8 9 16 13 2 17 10 9 17 7 1 18 9 2 18 7 8 18 9 9 18 12 0 19 12 1 19 10 2 19 9 5 19 9 8 19 10
12 28 6 6 1 0 16 10 2 16 11 3 16 11 5 16 13 6 16 9 9 16 11
13 42 24 6 6 2 11 9 7 11 9 0 12 10 3 12 9 4 12 10 9 12 12 0 13 10 2 13 10 3 13 5 4 13 11 7 13 9 9 13 13 0 14 9 2 14 12 3 14 9 4 14 8 9 14 10 0 16 12 4 16 12 7 16 13 9 16 10 2 18 10 3 18 11 7 18 10
14 43 2 2 1 2 10 8 6 10 5
15 45 1 1 1 5 11 11
16 46 18 6 6 1 10 9 3 10 10 4 10 10 7 10 10 3 11 11 4 11 9 5 11 12 7 11 13 9 11 10 1 12 7 9 12 14 1 13 10 4 13 11 5 13 9 9 13 8 7 17 7 3 19 12 5 19 9
17 47 1 1 1 6 12 11
18 52 2 2 1 1 19 13 5 19 9
19 57 4 4 2 3 11 11 4 11 9 1 12 11 8 12 11
20 59 3 3 1 3 16 11 5 16 10 8 16 12
21 67 60 6 10 1 10 10 3 10 9 5 10 8 6 10 14 8 10 12 9 10 13 1 11 12 3 11 9 5 11 13 6 11 11 8 11 7 9 11 7 1 12 7 3 12 8 5 12 11 6 12 10 8 12 9 9 12 15 1 13 8 3 13 12 5 13 9 6 13 12 8 13 11 9 13 11 1 14 9 3 14 10 5 14 10 6 14 10 8 14 9 9 14 14 1 15 12 3 15 6 5 15 8 6 15 10 8 15 10 9 15 11 1 16 10 3 16 12 5 16 13 6 16 9 8 16 13 9 16 12 1 17 12 3 17 14 5 17 9 6 17 8 8 17 13 9 17 16 1 18 12 3 18 12 5 18 11 6 18 10 8 18 9 9 18 9 1 19 10 3 19 9 5 19 11 6 19 9 8 19 9 9 19 10
22 68 2 2 1 0 19 10 4 19 11
23 71 60 6 10 1 10 9 2 10 9 4 10 11 5 10 11 6 10 8 8 10 10 1 11 5 2 11 11 4 11 17 5 11 13 6 11 9 8 11 9 1 12 10 2 12 10 4 12 11 5 12 10 6 12 11 8 12 10 1 13 14 2 13 13 4 13 9 5 13 6 6 13 12 8 13 8 1 14 12 2 14 13 4 14 9 5 14 12 6 14 9 8 14 8 1 15 14 2 15 7 4 15 15 5 15 5 6 15 12 8 15 13 1 16 9 2 16 11 4 16 9 5 16 11 6 16 11 8 16 13 1 17 8 2 17 11 4 17 14 5 17 10 6 17 12 8 17 11 1 18 13 2 18 9 4 18 9 5 18 7 6 18 8 8 18 13 1 19 15 2 19 11 4 19 9 5 19 9 6 19 10 8 19 11
24 80 6 6 1 0 15 11 1 15 13 3 15 11 4 15 12 6 15 9 8 15 11
25 86 18 6 5 0 12 9 1 12 12 3 12 13 5 12 10 8 12 9 0 13 13 6 13 13 8 13 12 5 14 12 6 14 12 1 17 13 3 17 9 5 17 14 6 17 11 0 18 9 1 18 13 3 18 13 8 18 10
26 89 1 1 1 9 19 11
27 90 12 6 4 0 13 10 2 13 10 8 13 12 0 15 8 1 15 7 6 15 12 7 15 14 1 16 10 8 16 11 2 19 8 6 19 10 7 19 14
28 91 2 2 2 0 12 11 4 18 10
29 95 24 6 7 0 10 14 1 10 9 4 10 8 5 10 11 8 10 10 0 13 11 1 13 9 4 13 13 5 13 12 0 14 10 1 14 11 8 14 9 2 15 10 4 15 10 1 17 12 2 17 7 5 17 11 8 17 8 0 18 9 2 18 13 4 18 9 5 18 10 8 18 10 2 19 10
30 101 20 2 10 0 10 10 1 10 13 0 11 10 1 11 7 0 12 13 1 12 11 0 13 8 1 13 11 0 14 14 1 14 7 0 15 11 1 15 8 0 16 7 1 16 9 0 17 11 1 17 10 0 18 12 1 18 12 0 19 12 1 19 12
31 107 6 6 1 0 13 12 1 13 10 3 13 11 4 13 9 7 13 8 9 13 13
32 114 2 2 1 0 19 10 3 19 9
33 120 1 1 1 6 18 8
34 125 24 6 7 1 10 10 3 10 13 5 10 9 1 12 9 2 12 13 3 12 10 4 12 14 5 12 11 7 12 12 2 13 11 3 13 7 4 13 8 1 15 11 2 15 6 4 15 12 5 16 11 7 16 11 1 18 13 3 18 11 5 18 10 7 18 11 2 19 12 4 19 8 7 19 12
35 127 24 6 7 4 10 9 5 10 9 6 10 10 6 11 12 1 12 11 3 12 11 4 12 12 5 12 8 6 12 10 9 12 10 3 14 12 4 14 16 6 14 9 9 14 8 1 15 9 3 15 12 9 15 7 1 17 12 4 17 12 5 17 9 1 19 11 3 19 10 5 19 12 9 19 5
36 132 40 4 10 2 10 11 5 10 7 8 10 8 9 10 11 2 11 14 5 11 10 8 11 17 9 11 9 2 12 10 5 12 12 8 12 10 9 12 13 2 13 12 5 13 10 8 13 12 9 13 10 2 14 10 5 14 10 8 14 10 9 14 14 2 15 11 5 15 8 8 15 12 9 15 14 2 16 12 5 16 7 8 16 12 9 16 10 2 17 6 5 17 10 8 17 13 9 17 9 2 18 13 5 18 10 8 18 10 9 18 10 2 19 13 5 19 11 8 19 9 9 19 10
37 135 2 2 1 2 19 11 5 19 8
38 137 1 1 1 5 15 12
39 140 2 2 1 3 12 10 9 12 7
40 146 6 6 1 0 10 9 3 10 14 5 10 8 6 10 9 7 10 11 8 10 9
41 149 2 2 1 4 19 10 7 19 13
42 155 6 6 1 1 12 12 2 12 7 3 12 10 4 12 10 6 12 14 8 12 13
43 156 2 1 2 8 12 9 8 15 13
44 159 60 6 10 2 10 14 3 10 10 4 10 9 5 10 9 8 10 8 9 10 11 2 11 11 3 11 9 4 11 9 5 11 11 8 11 9 9 11 11 2 12 9 3 12 9 4 12 13 5 12 11 8 12 11 9 12 10 2 13 8 3 13 7 4 13 9 5 13 9 8 13 12 9 13 12 2 14 10 3 14 11 4 14 11 5 14 13 8 14 10 9 14 8 2 15 10 3 15 7 4 15 11 5 15 7 8 15 10 9 15 10 2 16 5 3 16 9 4 16 12 5 16 12 8 16 12 9 16 13 2 17 10 3 17 13 4 17 10 5 17 13 8 17 8 9 17 9 2 18 8 3 18 11 4 18 8 5 18 12 8 18 11 9 18 10 2 19 15 3 19 10 4 19 8 5 19 8 8 19 7 9 19 12
45 160 6 3 3 3 15 8 6 15 11 1 17 11 6 17 15 1 19 9 3 19 13
46 161 6 3 3 0 13 11 3 13 11 0 17 13 7 17 9 3 18 12 7 18 11
47 163 6 6 1 0 15 10 1 15 10 2 15 11 3 15 10 7 15 10 8 15 11
48 166 1 1 1 0 15 14
49 167 6 6 3 7 10 11 1 11 7 4 11 8 5 18 11 8 18 8 9 18 12
