20 50
0 0 18 6 6 1 10 10 6 10 13 2 13 9 4 13 12 9 13 13 1 14 11 4 14 8 5 14 11 2 16 11 6 16 11 9 16 7 1 17 11 2 17 11 4 17 9 5 17 7 9 17 9 5 19 9 6 19 11
1 2 60 6 10 2 10 8 3 10 14 6 10 12 7 10 7 8 10 12 9 10 11 2 11 10 3 11 10 6 11 11 7 11 7 8 11 12 9 11 7 2 12 14 3 12 13 6 12 11 7 12 9 8 12 12 9 12 9 2 13 10 3 13 14 6 13 11 7 13 10 8 13 8 9 13 9 2 14 9 3 14 13 6 14 12 7 14 10 8 14 12 9 14 8 2 15 7 3 15 7 6 15 10 7 15 12 8 15 8 9 15 11 2 16 12 3 16 11 6 16 11 7 16 13 8 16 10 9 16 12 2 17 13 3 17 9 6 17 11 7 17 9 8 17 11 9 17 10 2 18 12 3 18 14 6 18 11 7 18 7 8 18 9 9 18 11 2 19 12 3 19 14 6 19 11 7 19 11 8 19 11 9 19 11
2 4 30 6 9 1 10 13 3 10 11 5 10 12 0 11 6 1 11 14 8 11 9 1 12 9 4 12 8 1 13 12 3 13 11 4 13 9 0 14 12 1 14 11 4 14 11 5 14 10 3 15 9 4 15 8 5 15 11 8 15 9 0 16 9 3 16 11 5 16 9 8 16 9 0 17 12 3 17 12 8 17 12 0 19 12 4 19 13 5 19 14 8 19 13
3 8 8 4 4 2 12 12 6 12 12 0 13 11 5 13 9 2 15 10 5 15 11 0 19 11 6 19 8
4 10 12 2 9 1 10 10 8 10 14 8 11 10 1 12 8 8 12 8 8 13 10 1 15 11 1 16 8 8 17 9 1 18 8 1 19 8 8 19 8
5 11 60 6 10 0 10 12 1 10 11 2 10 12 3 10 12 4 10 9 9 10 7 0 11 12 1 11 11 2 11 11 3 11 8 4 11 12 9 11 8 0 12 9 1 12 13 2 12 8 3 12 12 4 12 10 9 12 11 0 13 8 1 13 6 2 13 9 3 13 8 4 13 11 9 13 11 0 14 8 1 14 8 2 14 6 3 14 8 4 14 11 9 14 8 0 15 13 1 15 9 2 15 13 3 15 12 4 15 7 9 15 14 0 16 11 1 16 11 2 16 10 3 16 9 4 16 6 9 16 7 0 17 13 1 17 12 2 17 10 3 17 14 4 17 10 9 17 9 0 18 10 1 18 15 2 18 10 3 18 9 4 18 9 9 18 10 0 19 8 1 19 8 2 19 10 3 19 11 4 19 9 9 19 11
6 13 1 1 1 1 16 9
7 14 2 2 1 0 11 10 3 11 7
8 17 3 3 1 2 14 11 4 14 9 7 14 13
9 20 2 2 1 1 12 11 4 12 14
10 24 24 6 7 0 11 9 6 11 13 7 11 9 9 11 9 0 12 10 4 12 6 6 12 11 7 12 15 9 12 7 1 13 10 0 15 11 1 15 12 4 15 11 7 15 11 1 16 10 6 16 11 9 16 16 1 17 10 4 17 11 9 17 11 0 18 8 4 18 10 6 18 10 7 18 12
11 27 5 5 1 1 15 11 4 15 10 5 15 12 8 15 13 9 15 8
12 28 6 3 3 4 15 13 3 16 11 4 16 12 5 16 12 3 17 9 5 17 10
13 42 3 3 1 1 19 8 2 19 12 9 19 8
14 43 2 2 2 2 13 9 8 17 10
15 45 18 6 5 1 10 12 4 10 8 7 10 9 1 12 11 3 12 12 4 12 13 5 12 11 1 14 7 2 14 13 3 14 10 5 14 7 7 14 11 2 15 13 3 15 11 2 18 10 4 18 12 5 18 6 7 18 9
16 46 24 6 7 0 11 12 3 11 10 6 12 10 8 12 11 2 13 10 3 13 9 0 15 9 2 15 11 6 15 15 8 15 9 9 15 17 0 16 9 3 16 9 6 16 12 9 16 7 2 17 10 6 17 11 8 17 12 9 17 11 0 18 9 2 18 8 3 18 9 8 18 7 9 18 13
17 47 2 2 1 0 14 8 2 14 5
18 52 3 3 1 0 15 8 6 15 12 8 15 12
19 57 40 4 10 0 10 14 1 10 12 7 10 7 9 10 11 0 11 11 1 11 11 7 11 13 9 11 11 0 12 11 1 12 9 7 12 12 9 12 10 0 13 10 1 13 11 7 13 10 9 13 12 0 14 11 1 14 14 7 14 10 9 14 10 0 15 9 1 15 13 7 15 11 9 15 9 0 16 9 1 16 9 7 16 10 9 16 12 0 17 8 1 17 10 7 17 9 9 17 13 0 18 11 1 18 9 7 18 12 9 18 12 0 19 10 1 19 11 7 19 10 9 19 11
20 59 1 1 1 3 11 8
21 67 1 1 1 6 12 9
22 68 60 6 10 0 10 11 3 10 9 4 10 15 6 10 11 7 10 10 9 10 10 0 11 10 3 11 9 4 11 9 6 11 13 7 11 12 9 11 12 0 12 8 3 12 10 4 12 13 6 12 9 7 12 11 9 12 10 0 13 11 3 13 12 4 13 13 6 13 9 7 13 10 9 13 16 0 14 10 3 14 11 4 14 11 6 14 7 7 14 12 9 14 11 0 15 8 3 15 13 4 15 13 6 15 6 7 15 12 9 15 7 0 16 9 3 16 13 4 16 6 6 16 15 7 16 8 9 16 11 0 17 10 3 17 12 4 17 9 6 17 11 7 17 8 9 17 11 0 18 9 3 18 5 4 18 11 6 18 10 7 18 8 9 18 10 0 19 10 3 19 9 4 19 12 6 19 13 7 19 10 9 19 13
23 71 10 1 10 3 10 12 3 11 10 3 12 12 3 13 11 3 14 9 3 15 11 3 16 12 3 17 11 3 18 10 3 19 10
24 80 12 6 4 7 10 11 4 11 10 6 11 7 7 11 11 8 11 17 0 12 12 3 12 9 4 12 13 8 12 12 0 13 13 3 13 8 6 13 13
25 86 12 6 3 0 13 12 6 13 11 8 13 9 2 17 12 3 17 13 5 17 6 6 17 11 0 18 10 2 18 9 3 18 10 5 18 12 8 18 9
26 89 3 3 2 4 12 11 2 19 9 5 19 15
27 90 2 2 1 0 16 7 9 16 10
28 91 12 6 3 3 13 11 7 13 9 9 13 8 1 15 12 4 15 11 5 15 11 1 18 11 3 18 12 4 18 11 5 18 13 7 18 12 9 18 10
29 95 12 6 4 5 11 8 7 11 8 3 12 11 5 12 8 0 14 11 1 14 11 8 14 13 0 16 9 1 16 11 3 16 10 7 16 10 8 16 15
30 101 6 6 1 0 17 11 1 17 8 3 17 14 6 17 9 7 17 13 9 17 10
31 107 1 1 1 5 15 8
32 114 2 2 1 1 13 10 7 13 10
33 120 18 6 5 6 12 11 7 12 12 9 12 12 1 13 13 2 13 14 5 13 12 1 16 11 5 16 8 1 17 9 2 17 9 5 17 10 6 17 8 7 17 9 9 17 11 2 19 10 6 19 9 7 19 10 9 19 12
34 125 12 2 7 5 10 12 9 10 15 5 11 13 9 12 9 5 13 11 9 13 8 5 14 11 9 14 12 5 18 10 9 18 8 5 19 12 9 19 12
35 127 12 6 5 1 12 11 2 12 8 4 12 9 5 12 8 6 12 9 4 15 11 6 16 11 8 16 9 5 17 12 8 17 9 1 19 11 2 19 10
36 132 3 3 2 9 14 11 2 17 9 7 17 9
37 135 3 3 1 3 14 10 5 14 10 6 14 13
38 137 3 3 1 3 10 8 6 10 14 7 10 10
39 140 6 6 1 0 17 11 4 17 11 5 17 13 7 17 9 8 17 8 9 17 8
40 146 3 3 1 3 16 12 5 16 13 8 16 12
41 149 10 1 10 0 10 12 0 11 14 0 12 11 0 13 10 0 14 10 0 15 9 0 16 11 0 17 11 0 18 11 0 19 11
42 155 6 6 2 1 13 13 2 13 14 8 13 12 9 13 10 3 17 12 5 17 11
43 156 24 6 7 1 10 10 5 10 9 6 10 10 3 11 10 5 11 9 6 11 12 8 11 11 1 12 12 6 12 10 9 12 11 1 13 12 3 13 12 8 13 8 9 13 9 1 14 9 3 14 11 5 14 9 6 14 11 8 14 11 9 14 11 3 16 14 8 16 9 9 16 12 5 19 11
44 159 6 6 1 0 15 9 3 15 13 5 15 10 6 15 12 7 15 12 8 15 10
45 160 30 3 10 1 10 9 5 10 12 9 10 12 1 11 13 5 11 11 9 11 8 1 12 8 5 12 11 9 12 10 1 13 11 5 13 10 9 13 10 1 14 12 5 14 10 9 14 13 1 15 9 5 15 15 9 15 11 1 16 13 5 16 9 9 16 11 1 17 8 5 17 16 9 17 11 1 18 8 5 18 9 9 18 7 1 19 11 5 19 8 9 19 10
46 161 24 6 8 0 10 11 3 10 10 5 10 11 0 11 9 4 12 12 5 12 8 4 13 10 6 13 12 7 13 16 4 15 13 7 15 13 0 16 10 3 16 12 4 16 12 5 16 10 6 16 10 3 18 11 5 18 13 6 18 7 7 18 5 0 19 13 3 19 11 6 19 13 7 19 12
47 163 3 3 1 2 10 12 3 10 10 7 10 12
48 166 4 4 1 1 16 8 3 16 8 4 16 6 9 16 10
49 167 1 1 1 2 18 10
