20 50
0 0 6 3 3 1 11 7 3 11 13 7 11 12 1 15 9 7 15 10 3 18 13
1 2 2 2 1 1 12 11 5 12 9
2 4 2 2 1 4 11 10 8 11 9
3 8 6 6 2 2 13 11 3 13 10 5 13 11 7 13 10 9 13 14 4 16 11
4 10 6 6 1 0 11 9 2 11 12 3 11 9 4 11 10 5 11 11 9 11 12
5 11 18 6 5 3 10 11 2 11 9 3 11 10 5 11 11 7 11 8 1 12 10 2 12 13 7 12 14 9 12 13 1 15 7 2 15 10 5 15 11 7 15 11 9 15 10 1 17 10 3 17 8 5 17 11 9 17 13
6 13 60 6 10 0 10 14 1 10 9 3 10 12 5 10 14 6 10 12 7 10 12 0 11 9 1 11 13 3 11 10 5 11 8 6 11 12 7 11 11 0 12 11 1 12 10 3 12 14 5 12 10 6 12 8 7 12 11 0 13 11 1 13 11 3 13 10 5 13 8 6 13 13 7 13 12 0 14 10 1 14 9 3 14 8 5 14 12 6 14 9 7 14 10 0 15 10 1 15 9 3 15 7 5 15 11 6 15 9 7 15 12 0 16 13 1 16 10 3 16 10 5 16 9 6 16 10 7 16 11 0 17 11 1 17 13 3 17 9 5 17 13 6 17 6 7 17 10 0 18 9 1 18 9 3 18 5 5 18 9 6 18 10 7 18 12 0 19 10 1 19 14 3 19 12 5 19 13 6 19 13 7 19 11
7 14 6 6 1 0 12 10 2 12 11 3 12 9 5 12 12 6 12 9 8 12 8
8 17 12 6 3 1 11 9 3 11 10 4 11 11 6 11 10 8 11 8 0 15 11 1 15 8 3 15 9 6 15 8 0 16 9 4 16 13 8 16 8
9 20 60 6 10 0 10 11 2 10 10 5 10 13 6 10 11 7 10 10 9 10 10 0 11 10 2 11 10 5 11 12 6 11 10 7 11 15 9 11 14 0 12 13 2 12 9 5 12 7 6 12 6 7 12 11 9 12 6 0 13 13 2 13 13 5 13 6 6 13 11 7 13 11 9 13 15 0 14 11 2 14 13 5 14 14 6 14 9 7 14 10 9 14 12 0 15 13 2 15 10 5 15 9 6 15 10 7 15 11 9 15 9 0 16 13 2 16 7 5 16 12 6 16 11 7 16 14 9 16 9 0 17 9 2 17 10 5 17 11 6 17 10 7 17 9 9 17 10 0 18 11 2 18 7 5 18 10 6 18 11 7 18 13 9 18 10 0 19 11 2 19 11 5 19 12 6 19 9 7 19 8 9 19 10
10 24 10 1 10 4 10 14 4 11 10 4 12 9 4 13 11 4 14 10 4 15 11 4 16 11 4 17 10 4 18 8 4 19 12
11 27 30 3 10 1 10 10 3 10 10 8 10 13 1 11 10 3 11 11 8 11 10 1 12 11 3 12 13 8 12 12 1 13 8 3 13 9 8 13 9 1 14 8 3 14 12 8 14 12 1 15 7 3 15 7 8 15 13 1 16 12 3 16 8 8 16 13 1 17 7 3 17 12 8 17 13 1 18 10 3 18 12 8 18 9 1 19 7 3 19 11 8 19 11
12 28 6 6 2 0 13 8 2 17 10 6 17 12 7 17 11 8 17 8 9 17 9
13 42 12 6 4 2 11 12 3 11 9 4 11 9 0 12 8 5 12 8 0 14 9 4 14 9 9 14 7 2 18 7 3 18 13 5 18 10 9 18 11
14 43 2 2 1 7 15 11 8 15 12
15 45 1 1 1 0 16 11
16 46 1 1 1 9 16 9
17 47 8 4 4 4 11 12 5 11 8 7 11 14 5 14 11 7 16 9 8 16 13 4 19 10 8 19 8
18 52 6 6 1 0 17 7 1 17 11 2 17 10 4 17 11 5 17 13 9 17 6
19 57 2 2 1 6 18 12 7 18 11
20 59 2 2 1 0 19 9 8 19 9
21 67 2 2 1 5 16 10 8 16 11
22 68 6 6 1 0 11 8 1 11 12 2 11 8 6 11 10 7 11 10 9 11 8
23 71 6 3 3 6 10 8 8 10 12 4 11 11 4 19 13 6 19 10 8 19 11
24 80 2 2 1 5 13 12 7 13 12
25 86 6 6 1 0 18 11 3 18 10 4 18 11 6 18 11 7 18 11 8 18 7
26 89 1 1 1 3 15 11
27 90 1 1 1 6 12 7
28 91 60 6 10 0 10 9 1 10 10 2 10 10 3 10 14 4 10 10 7 10 8 0 11 13 1 11 12 2 11 9 3 11 10 4 11 11 7 11 13 0 12 8 1 12 12 2 12 10 3 12 11 4 12 13 7 12 12 0 13 10 1 13 11 2 13 11 3 13 11 4 13 11 7 13 14 0 14 13 1 14 10 2 14 10 3 14 12 4 14 11 7 14 15 0 15 7 1 15 9 2 15 8 3 15 13 4 15 9 7 15 12 0 16 8 1 16 10 2 16 7 3 16 9 4 16 8 7 16 9 0 17 10 1 17 11 2 17 14 3 17 12 4 17 11 7 17 9 0 18 12 1 18 13 2 18 11 3 18 10 4 18 6 7 18 11 0 19 12 1 19 13 2 19 11 3 19 7 4 19 12 7 19 8
29 95 6 6 2 1 18 11 2 18 13 5 18 11 3 19 9 4 19 12 6 19 9
30 101 24 6 7 5 10 7 7 10 7 1 11 11 2 11 15 5 11 11 7 11 11 9 11 8 1 12 11 5 12 8 0 14 11 0 15 13 1 15 11 2 15 10 7 15 8 9 15 10 0 16 10 2 16 12 5 16 7 7 16 8 9 16 11 0 19 10 1 19 13 2 19 13 9 19 10
31 107 2 2 1 0 16 11 4 16 10
32 114 2 2 1 1 16 11 7 16 12
33 120 6 2 3 6 12 14 9 12 8 6 14 9 9 14 9 6 17 13 9 17 9
34 125 1 1 1 5 12 8
35 127 12 6 3 0 11 11 1 11 11 4 11 7 5 11 13 6 11 8 8 11 8 0 12 11 1 12 11 5 12 9 6 12 14 4 19 14 8 19 5
36 132 1 1 1 8 10 14
37 135 3 3 1 5 11 10 6 11 13 8 11 11
38 137 3 3 1 5 12 9 8 12 9 9 12 9
39 140 6 6 1 0 17 11 2 17 7 4 17 13 6 17 10 7 17 9 8 17 13
40 146 10 1 10 0 10 13 0 11 8 0 12 10 0 13 12 0 14 12 0 15 12 0 16 11 0 17 13 0 18 10 0 19 7
41 149 24 6 8 2 10 12 6 10 12 9 10 12 0 11 10 2 11 12 5 11 8 6 11 9 9 11 13 0 12 10 2 12 7 8 12 11 9 13 13 5 15 10 8 15 6 0 17 12 5 17 12 6 17 11 8 17 7 9 17 12 2 18 9 5 18 6 0 19 12 6 19 10 8 19 16
42 155 18 6 5 1 10 11 3 10 10 4 10 10 7 10 14 8 10 10 9 10 11 3 11 9 7 11 9 1 15 13 7 15 10 8 15 10 9 15 9 3 18 11 4 18 9 8 18 11 9 18 8 1 19 10 4 19 11
43 156 25 5 7 0 10 12 2 10 10 3 10 10 9 10 11 2 11 8 3 11 16 5 11 10 9 11 11 0 12 9 2 12 12 3 12 11 5 12 11 9 12 7 3 13 12 5 13 9 9 13 11 0 14 8 5 14 12 0 18 8 2 18 7 5 18 10 0 19 14 2 19 8 3 19 9 9 19 11
44 159 18 6 5 0 11 13 1 11 11 2 11 8 3 11 11 5 11 13 9 11 9 5 12 13 1 17 11 3 17 10 9 17 8 0 18 11 1 18 14 2 18 11 5 18 11 9 18 13 0 19 12 2 19 9 3 19 9
45 160 3 3 1 1 13 10 7 13 8 8 13 8
46 161 1 1 1 0 18 10
47 163 6 6 1 1 16 10 3 16 11 4 16 16 5 16 6 7 16 12 8 16 11
48 166 1 1 1 2 17 9
49 167 3 3 2 4 12 9 7 12 12 2 19 11
