20 50
0 0 10 1 10 8 10 11 8 11 8 8 12 12 8 13 14 8 14 9 8 15 11 8 16 11 8 17 11 8 18 12 8 19 8
1 2 6 6 1 1 18 14 2 18 11 4 18 6 5 18 8 7 18 10 8 18 11
2 4 18 6 5 3 12 12 6 12 10 7 12 13 8 12 10 2 13 10 3 13 12 6 13 14 7 13 11 0 15 10 2 15 7 6 15 12 7 15 13 0 17 13 2 17 11 8 17 12 0 18 11 3 18 12 8 18 8
3 8 2 2 1 4 15 11 9 15 8
4 10 6 6 3 6 12 9 7 12 10 2 13 9 1 16 12 5 16 9 9 16 5
5 11 12 6 4 5 11 14 9 11 10 4 13 12 6 13 13 7 13 10 8 13 13 5 14 11 4 15 10 6 15 8 7 15 11 8 15 9 9 15 10
6 13 6 6 1 0 17 7 2 17 11 5 17 11 6 17 10 7 17 11 9 17 9
7 14 10 1 10 8 10 8 8 11 8 8 12 10 8 13 10 8 14 12 8 15 12 8 16 10 8 17 8 8 18 13 8 19 12
8 17 18 6 6 2 10 14 7 10 13 1 11 8 2 11 13 9 11 11 1 13 16 3 13 11 9 13 10 1 15 9 3 15 15 6 15 7 7 15 9 2 16 12 3 16 10 6 16 8 7 16 5 9 16 12 6 19 12
9 20 6 6 1 1 16 10 2 16 7 5 16 12 6 16 10 7 16 10 8 16 12
10 24 3 3 2 2 14 9 0 18 9 1 18 11
11 27 3 3 1 0 12 10 1 12 8 7 12 10
12 28 18 6 6 1 11 11 4 11 8 5 11 13 2 12 12 2 13 13 4 13 9 5 13 10 1 14 9 3 14 10 5 14 8 7 14 9 1 17 5 2 17 9 3 17 12 7 17 9 3 19 10 4 19 14 7 19 10
13 42 18 6 5 0 10 14 8 10 10 9 10 10 3 11 9 6 11 12 8 11 11 9 11 10 0 14 10 3 14 10 6 14 10 7 14 14 9 14 7 0 15 10 3 15 9 6 15 11 7 15 11 8 15 11 7 17 9
14 43 60 6 10 1 10 11 2 10 12 4 10 7 5 10 15 6 10 8 7 10 7 1 11 12 2 11 13 4 11 11 5 11 10 6 11 10 7 11 9 1 12 12 2 12 11 4 12 11 5 12 8 6 12 12 7 12 8 1 13 9 2 13 11 4 13 9 5 13 7 6 13 11 7 13 12 1 14 10 2 14 12 4 14 14 5 14 14 6 14 8 7 14 10 1 15 9 2 15 10 4 15 9 5 15 12 6 15 14 7 15 12 1 16 9 2 16 12 4 16 14 5 16 10 6 16 9 7 16 11 1 17 12 2 17 9 4 17 9 5 17 11 6 17 11 7 17 11 1 18 9 2 18 10 4 18 6 5 18 10 6 18 9 7 18 10 1 19 11 2 19 12 4 19 11 5 19 10 6 19 11 7 19 10
15 45 2 2 1 4 14 11 6 14 8
16 46 18 6 5 1 11 10 3 11 9 8 11 9 1 12 10 3 12 11 4 12 12 5 12 10 0 14 12 4 14 11 5 14 12 8 14 10 0 15 10 1 15 8 3 15 12 4 15 11 8 15 10 0 16 10 5 16 8
17 47 1 1 1 9 11 8
18 52 6 6 1 1 12 10 3 12 12 4 12 12 6 12 11 7 12 11 8 12 8
19 57 6 3 2 2 15 9 5 15 15 8 15 10 2 18 10 5 18 10 8 18 9
20 59 6 6 2 0 18 10 5 18 10 6 18 10 8 18 11 9 18 10 1 19 12
21 67 60 6 10 0 10 8 1 10 9 4 10 11 5 10 11 6 10 8 7 10 13 0 11 11 1 11 10 4 11 9 5 11 12 6 11 11 7 11 12 0 12 8 1 12 9 4 12 10 5 12 13 6 12 12 7 12 13 0 13 13 1 13 12 4 13 8 5 13 11 6 13 9 7 13 16 0 14 11 1 14 12 4 14 9 5 14 10 6 14 9 7 14 11 0 15 10 1 15 11 4 15 14 5 15 13 6 15 10 7 15 12 0 16 11 1 16 10 4 16 14 5 16 13 6 16 10 7 16 6 0 17 10 1 17 9 4 17 12 5 17 13 6 17 13 7 17 9 0 18 11 1 18 12 4 18 4 5 18 9 6 18 11 7 18 10 0 19 8 1 19 11 4 19 12 5 19 10 6 19 13 7 19 7
22 68 1 1 1 2 15 11
23 71 1 1 1 4 16 12
24 80 6 6 2 6 15 10 7 15 11 8 15 9 0 18 13 1 18 8 4 18 7
25 86 18 6 6 0 10 10 3 10 12 7 10 9 8 10 10 0 11 9 1 11 11 5 11 10 7 11 10 1 12 11 3 12 12 5 12 11 7 12 9 3 13 8 8 13 7 0 14 7 5 14 8 8 14 7 1 18 12
26 89 6 6 1 0 19 9 2 19 14 3 19 13 5 19 8 6 19 13 9 19 8
27 90 2 2 1 5 11 10 9 11 10
28 91 6 6 1 0 14 10 1 14 7 2 14 14 5 14 11 7 14 8 8 14 12
29 95 18 6 5 0 10 14 2 10 16 4 10 10 7 10 7 0 11 9 4 11 11 7 11 10 8 11 11 9 11 11 0 12 13 2 12 14 7 12 12 8 12 12 9 12 9 2 13 12 4 13 11 8 15 11 9 15 14
30 101 4 4 1 0 13 13 3 13 10 5 13 11 7 13 13
31 107 12 6 4 2 11 9 7 11 12 8 11 7 6 12 13 3 14 7 5 14 12 6 14 12 7 14 10 2 15 8 3 15 13 5 15 10 8 15 11
32 114 6 6 2 1 15 8 3 15 11 4 15 11 6 15 11 7 15 6 2 16 11
33 120 1 1 1 7 17 12
34 125 2 2 1 1 15 11 3 15 12
35 127 18 6 5 0 10 7 4 10 6 6 10 10 8 10 9 0 11 12 2 11 11 5 11 11 6 11 8 4 15 10 5 15 9 8 15 12 0 17 12 2 17 10 4 17 10 5 17 10 2 19 10 6 19 8 8 19 12
36 132 10 1 10 9 10 6 9 11 13 9 12 13 9 13 9 9 14 8 9 15 9 9 16 11 9 17 11 9 18 11 9 19 11
37 135 60 6 10 0 10 9 2 10 14 6 10 13 7 10 12 8 10 10 9 10 9 0 11 10 2 11 12 6 11 10 7 11 11 8 11 7 9 11 11 0 12 11 2 12 7 6 12 9 7 12 10 8 12 12 9 12 11 0 13 11 2 13 11 6 13 13 7 13 11 8 13 8 9 13 8 0 14 14 2 14 13 6 14 11 7 14 7 8 14 8 9 14 12 0 15 11 2 15 12 6 15 11 7 15 11 8 15 12 9 15 13 0 16 13 2 16 12 6 16 7 7 16 10 8 16 13 9 16 14 0 17 11 2 17 12 6 17 12 7 17 9 8 17 10 9 17 9 0 18 11 2 18 11 6 18 7 7 18 12 8 18 10 9 18 10 0 19 10 2 19 11 6 19 12 7 19 12 8 19 10 9 19 10
38 137 12 4 5 1 12 6 6 12 12 7 12 12 9 12 7 1 13 12 1 15 9 6 15 10 7 15 12 6 16 9 7 16 14 9 16 11 9 19 9
39 140 6 6 1 0 19 10 2 19 12 5 19 12 6 19 10 7 19 9 9 19 11
40 146 15 3 6 1 10 10 5 10 13 5 12 10 7 12 9 1 14 5 5 14 15 7 14 11 1 16 11 5 16 10 7 16 14 1 17 14 7 17 8 1 19 13 5 19 8 7 19 10
41 149 4 4 2 0 10 12 7 10 11 9 10 6 2 13 11
42 155 8 4 3 6 14 10 7 14 12 2 17 9 3 17 13 6 17 9 7 17 9 2 18 10 3 18 8
43 156 12 6 3 1 13 9 5 13 9 6 13 12 7 13 9 8 13 9 0 14 8 5 14 14 6 14 11 8 14 14 0 19 11 1 19 11 7 19 7
44 159 12 6 5 0 10 7 3 10 10 2 13 12 5 13 13 0 16 11 2 16 9 4 18 12 5 18 9 6 18 10 3 19 11 4 19 11 6 19 10
45 160 12 6 4 0 12 9 3 12 12 9 12 12 2 15 11 3 15 10 7 15 9 8 15 9 8 17 8 9 17 9 0 18 10 2 18 10 7 18 12
46 161 2 2 1 4 12 9 6 12 11
47 163 6 6 1 1 11 9 2 11 8 3 11 6 6 11 12 7 11 10 9 11 12
48 166 30 3 10 2 10 11 8 10 10 9 10 13 2 11 8 8 11 13 9 11 16 2 12 12 8 12 12 9 12 8 2 13 13 8 13 9 9 13 8 2 14 13 8 14 12 9 14 10 2 15 13 8 15 11 9 15 11 2 16 7 8 16 13 9 16 12 2 17 14 8 17 8 9 17 10 2 18 8 8 18 9 9 18 8 2 19 6 8 19 10 9 19 11
49 167 2 2 1 2 16 11 9 16 12
