20 50
0 0 6 6 1 0 11 9 3 11 11 5 11 12 6 11 11 7 11 11 9 11 11
1 2 18 6 5 1 13 11 2 13 11 8 13 8 1 14 10 2 14 9 5 14 14 8 14 8 9 14 12 1 15 12 5 15 11 7 15 12 8 15 14 2 18 11 7 18 11 9 18 11 5 19 9 7 19 7 9 19 9
2 4 12 6 5 1 10 11 4 10 12 7 10 11 6 11 10 7 11 10 3 16 15 5 16 11 6 16 11 3 17 11 5 17 11 1 19 10 4 19 11
3 8 3 3 1 0 19 11 5 19 10 6 19 9
4 10 6 6 2 1 11 7 2 11 10 7 11 7 9 11 11 4 17 11 6 17 10
5 11 6 6 2 4 13 12 6 13 10 2 17 12 7 17 8 8 17 9 9 17 13
6 13 1 1 1 7 18 11
7 14 10 1 10 0 10 12 0 11 13 0 12 8 0 13 13 0 14 10 0 15 8 0 16 5 0 17 7 0 18 10 0 19 11
8 17 2 2 1 0 13 10 8 13 12
9 20 18 6 6 4 10 10 8 10 11 1 12 9 4 12 10 1 13 11 6 13 10 7 13 11 9 13 9 1 17 8 7 17 8 8 17 8 9 17 10 4 18 12 6 18 10 8 18 12 9 18 8 6 19 12 7 19 11
10 24 1 1 1 2 16 8
11 27 60 6 10 1 10 10 2 10 12 4 10 13 6 10 14 8 10 14 9 10 11 1 11 9 2 11 11 4 11 7 6 11 11 8 11 12 9 11 11 1 12 12 2 12 10 4 12 8 6 12 9 8 12 6 9 12 14 1 13 10 2 13 9 4 13 12 6 13 11 8 13 10 9 13 13 1 14 11 2 14 12 4 14 11 6 14 7 8 14 10 9 14 11 1 15 11 2 15 10 4 15 12 6 15 12 8 15 10 9 15 10 1 16 6 2 16 12 4 16 9 6 16 11 8 16 10 9 16 14 1 17 10 2 17 11 4 17 11 6 17 12 8 17 12 9 17 11 1 18 11 2 18 8 4 18 9 6 18 13 8 18 12 9 18 9 1 19 11 2 19 7 4 19 11 6 19 11 8 19 10 9 19 9
12 28 2 2 1 1 16 12 5 16 9
13 42 18 6 6 0 10 11 5 10 8 7 10 9 3 14 11 5 14 10 8 14 9 1 15 14 7 15 9 1 16 12 3 16 15 8 16 10 0 18 10 0 19 12 1 19 11 3 19 9 5 19 12 7 19 12 8 19 14
14 43 6 6 1 0 18 14 1 18 10 2 18 12 3 18 6 5 18 12 9 18 13
15 45 18 6 6 1 11 10 3 11 12 2 12 11 9 12 11 1 14 12 2 14 11 4 14 12 9 14 11 1 15 7 2 15 11 4 15 13 8 15 9 9 15 9 3 16 10 8 16 9 3 17 10 4 17 9 8 17 12
16 46 6 3 3 6 10 11 7 10 10 1 11 12 1 14 11 6 14 9 7 14 9
17 47 60 6 10 3 10 12 4 10 15 5 10 9 6 10 10 7 10 15 8 10 8 3 11 12 4 11 10 5 11 11 6 11 13 7 11 12 8 11 12 3 12 12 4 12 9 5 12 12 6 12 12 7 12 10 8 12 7 3 13 13 4 13 14 5 13 10 6 13 11 7 13 11 8 13 10 3 14 11 4 14 13 5 14 10 6 14 14 7 14 13 8 14 12 3 15 9 4 15 12 5 15 13 6 15 12 7 15 9 8 15 8 3 16 10 4 16 10 5 16 11 6 16 8 7 16 8 8 16 8 3 17 8 4 17 12 5 17 11 6 17 9 7 17 11 8 17 12 3 18 10 4 18 15 5 18 9 6 18 9 7 18 9 8 18 10 3 19 7 4 19 11 5 19 13 6 19 9 7 19 9 8 19 13
18 52 3 3 1 1 17 12 2 17 9 4 17 10
19 57 24 6 6 0 11 9 1 11 11 2 11 9 4 11 13 1 13 10 2 13 6 5 13 9 6 13 10 4 14 13 5 14 11 6 14 8 0 15 9 1 15 11 2 15 13 4 15 11 6 15 8 0 18 8 1 18 10 5 18 10 6 18 8 0 19 10 2 19 10 4 19 11 5 19 9
20 59 6 6 3 7 11 9 8 11 12 9 11 8 6 13 14 0 15 14 1 15 11
21 67 3 3 1 0 11 13 2 11 11 9 11 10
22 68 6 6 2 0 17 11 1 17 11 4 17 10 2 19 10 5 19 10 9 19 9
23 71 6 6 2 1 17 8 6 17 12 7 17 9 3 18 8 5 18 9 8 18 7
24 80 4 4 1 0 12 12 1 12 10 7 12 9 8 12 9
25 86 30 3 10 1 10 10 5 10 10 9 10 13 1 11 9 5 11 10 9 11 11 1 12 11 5 12 12 9 12 11 1 13 13 5 13 11 9 13 8 1 14 11 5 14 15 9 14 10 1 15 14 5 15 11 9 15 10 1 16 9 5 16 12 9 16 8 1 17 13 5 17 10 9 17 9 1 18 9 5 18 10 9 18 9 1 19 12 5 19 9 9 19 14
26 89 14 2 9 7 10 10 9 10 5 7 11 13 7 13 14 7 14 11 9 14 11 7 15 11 9 15 9 7 16 11 9 16 14 9 17 12 7 18 8 9 18 9 9 19 13
27 90 2 2 1 3 18 8 8 18 9
28 91 2 2 1 8 19 12 9 19 11
29 95 6 6 1 1 18 11 4 18 10 5 18 8 6 18 12 8 18 14 9 18 14
30 101 6 6 2 0 11 10 1 11 8 4 11 12 5 15 10 6 15 11 8 15 9
31 107 18 6 6 2 10 9 3 10 10 5 10 12 8 10 9 0 11 9 2 12 12 3 12 13 5 12 11 8 12 11 0 13 12 3 13 9 4 13 12 5 13 7 8 13 11 2 16 10 4 16 14 0 19 13 4 19 12
32 114 1 1 1 6 19 10
33 120 18 6 5 0 11 12 3 11 13 4 11 10 6 11 11 7 11 10 9 11 8 4 12 10 6 12 12 4 13 13 7 13 14 9 13 10 0 16 11 3 16 12 6 16 12 7 16 9 0 18 12 3 18 7 9 18 13
34 125 2 2 1 5 18 12 7 18 6
35 127 1 1 1 9 11 9
36 132 3 3 1 3 11 13 6 11 11 7 11 10
37 135 6 6 1 2 14 5 4 14 11 5 14 12 6 14 11 7 14 9 9 14 9
38 137 2 2 2 5 11 11 6 12 10
39 140 5 5 2 5 11 12 1 14 12 2 14 13 4 14 10 8 14 12
40 146 4 4 3 4 10 15 6 12 12 7 12 13 2 17 10
41 149 48 6 10 0 10 10 5 10 9 6 10 12 7 10 11 8 10 11 0 11 8 5 11 12 6 11 12 7 11 10 8 11 9 9 11 11 0 12 9 6 12 9 7 12 11 9 12 9 0 13 10 5 13 12 6 13 10 8 13 10 9 13 11 0 14 9 7 14 10 8 14 10 0 15 11 5 15 8 6 15 9 8 15 10 9 15 8 5 16 9 6 16 9 7 16 12 9 16 11 0 17 11 5 17 10 6 17 9 7 17 9 8 17 10 9 17 8 0 18 9 5 18 11 7 18 14 8 18 14 9 18 10 5 19 10 6 19 10 7 19 12 8 19 9 9 19 14
42 155 6 3 3 3 14 12 9 14 12 3 16 10 5 16 13 5 17 12 9 17 7
43 156 24 6 7 2 11 7 3 11 10 6 11 10 8 11 13 1 12 7 3 12 14 6 12 10 8 12 7 9 12 13 1 13 12 6 13 9 9 13 13 3 14 10 6 14 9 9 14 9 2 15 9 8 15 10 1 18 8 2 18 9 3 18 13 9 18 12 1 19 9 2 19 13 8 19 11
44 159 8 4 3 5 11 10 6 11 9 7 11 8 5 13 10 7 13 11 8 13 17 6 17 11 8 17 11
45 160 2 2 1 5 12 10 7 12 12
46 161 60 6 10 2 10 9 3 10 10 4 10 12 6 10 10 7 10 10 9 10 15 2 11 9 3 11 13 4 11 10 6 11 10 7 11 11 9 11 8 2 12 11 3 12 7 4 12 9 6 12 13 7 12 8 9 12 13 2 13 9 3 13 13 4 13 10 6 13 13 7 13 7 9 13 10 2 14 9 3 14 10 4 14 11 6 14 10 7 14 11 9 14 8 2 15 11 3 15 4 4 15 12 6 15 8 7 15 12 9 15 10 2 16 12 3 16 8 4 16 10 6 16 14 7 16 8 9 16 10 2 17 10 3 17 9 4 17 6 6 17 13 7 17 10 9 17 12 2 18 14 3 18 10 4 18 12 6 18 12 7 18 9 9 18 11 2 19 10 3 19 13 4 19 8 6 19 12 7 19 11 9 19 10
47 163 6 6 1 2 17 11 3 17 11 4 17 11 5 17 10 6 17 15 9 17 11
48 166 1 1 1 0 11 11
49 167 2 2 1 1 16 11 4 16 12
