20 50
0 0 2 2 1 1 17 11 6 17 10
1 2 1 1 1 3 19 10
2 4 2 2 1 1 11 11 6 11 11
3 8 6 6 2 5 14 10 6 14 12 2 19 11 3 19 7 7 19 11 8 19 12
4 10 6 6 2 9 11 11 1 17 11 2 17 13 5 17 12 6 17 13 7 17 11
5 11 60 6 10 0 10 11 1 10 9 3 10 11 4 10 13 6 10 10 8 10 9 0 11 10 1 11 12 3 11 9 4 11 9 6 11 12 8 11 14 0 12 7 1 12 11 3 12 11 4 12 10 6 12 10 8 12 7 0 13 12 1 13 14 3 13 8 4 13 11 6 13 11 8 13 6 0 14 12 1 14 9 3 14 10 4 14 10 6 14 11 8 14 12 0 15 14 1 15 8 3 15 9 4 15 9 6 15 8 8 15 9 0 16 10 1 16 11 3 16 13 4 16 9 6 16 10 8 16 5 0 17 12 1 17 10 3 17 11 4 17 10 6 17 7 8 17 10 0 18 8 1 18 10 3 18 12 4 18 10 6 18 12 8 18 7 0 19 12 1 19 10 3 19 9 4 19 12 6 19 9 8 19 7
6 13 6 6 1 4 13 11 5 13 14 6 13 9 7 13 11 8 13 10 9 13 10
7 14 20 2 10 4 10 10 9 10 10 4 11 10 9 11 8 4 12 14 9 12 8 4 13 12 9 13 12 4 14 13 9 14 11 4 15 11 9 15 8 4 16 10 9 16 11 4 17 15 9 17 7 4 18 7 9 18 10 4 19 10 9 19 8
8 17 12 6 3 5 13 8 6 13 9 7 13 10 9 13 11 3 16 10 4 16 8 6 16 10 7 16 10 3 18 9 4 18 13 5 18 10 9 18 14
9 20 18 6 5 2 13 9 5 13 8 8 13 11 0 14 9 9 14 6 0 16 11 2 16 10 5 16 9 7 16 10 8 16 5 2 18 13 5 18 9 7 18 8 9 18 12 0 19 12 7 19 9 8 19 11 9 19 12
10 24 6 3 3 7 14 10 2 15 11 8 15 10 2 19 9 7 19 13 8 19 12
11 27 12 6 3 0 13 11 2 13 11 3 13 13 7 13 9 8 13 9 0 15 17 5 15 12 7 15 17 2 16 11 3 16 11 5 16 9 8 16 14
12 28 6 6 1 1 13 9 2 13 15 4 13 10 6 13 11 7 13 14 9 13 10
13 42 2 2 1 0 16 15 4 16 9
14 43 1 1 1 1 11 8
15 45 18 6 5 3 10 13 4 10 7 7 10 11 8 10 11 9 10 11 4 13 14 7 13 7 2 14 9 3 14 13 9 14 12 2 16 9 4 16 9 8 16 13 9 16 10 2 19 13 3 19 8 7 19 10 8 19 15
16 46 2 2 1 2 15 5 4 15 12
17 47 6 6 3 4 10 7 6 10 11 7 13 11 9 13 8 0 18 12 3 18 12
18 52 30 3 10 0 10 12 1 10 10 4 10 14 0 11 13 1 11 12 4 11 12 0 12 9 1 12 15 4 12 10 0 13 10 1 13 12 4 13 12 0 14 10 1 14 11 4 14 13 0 15 9 1 15 14 4 15 10 0 16 12 1 16 10 4 16 11 0 17 13 1 17 12 4 17 14 0 18 9 1 18 10 4 18 13 0 19 10 1 19 11 4 19 13
19 57 10 1 10 5 10 8 5 11 13 5 12 11 5 13 12 5 14 11 5 15 14 5 16 11 5 17 8 5 18 10 5 19 10
20 59 60 6 10 0 10 10 1 10 7 3 10 11 5 10 7 7 10 8 9 10 11 0 11 10 1 11 11 3 11 9 5 11 9 7 11 10 9 11 8 0 12 8 1 12 8 3 12 9 5 12 10 7 12 5 9 12 9 0 13 11 1 13 8 3 13 9 5 13 11 7 13 12 9 13 11 0 14 10 1 14 14 3 14 12 5 14 8 7 14 8 9 14 9 0 15 9 1 15 12 3 15 15 5 15 11 7 15 10 9 15 10 0 16 10 1 16 13 3 16 14 5 16 12 7 16 8 9 16 10 0 17 11 1 17 13 3 17 11 5 17 12 7 17 11 9 17 7 0 18 11 1 18 12 3 18 10 5 18 11 7 18 11 9 18 8 0 19 12 1 19 9 3 19 12 5 19 11 7 19 9 9 19 9
21 67 18 6 6 0 10 11 2 10 9 7 10 10 9 10 9 0 12 11 1 12 9 2 13 12 6 13 13 7 13 9 9 13 8 0 14 11 1 14 11 6 14 10 1 15 6 6 15 12 2 16 10 7 16 11 9 16 10
22 68 1 1 1 3 15 9
23 71 1 1 1 2 18 11
24 80 24 6 7 0 10 11 2 10 14 5 10 10 7 10 10 8 10 13 0 11 10 2 11 13 5 11 11 7 11 8 1 12 11 2 12 12 8 12 10 2 13 11 7 13 14 8 13 11 0 15 12 1 15 12 5 15 9 0 16 7 1 16 9 7 16 8 1 17 10 5 17 11 8 17 11
25 86 5 5 1 2 16 10 4 16 8 5 16 13 6 16 14 7 16 7
26 89 2 2 1 4 16 13 5 16 13
27 90 1 1 1 6 19 13
28 91 5 5 1 2 17 10 3 17 12 4 17 6 6 17 11 7 17 10
29 95 6 6 1 4 12 11 5 12 10 6 12 9 7 12 8 8 12 12 9 12 13
30 101 18 6 5 4 10 12 5 10 15 6 10 9 8 10 9 9 10 9 5 11 8 6 11 11 7 11 11 8 11 13 4 13 7 7 13 13 8 13 8 9 13 7 5 17 10 6 17 7 9 17 9 4 19 12 7 19 14
31 107 2 2 1 0 11 8 6 11 10
32 114 1 1 1 8 10 7
33 120 6 6 1 0 16 8 1 16 9 4 16 14 6 16 10 7 16 8 9 16 9
34 125 2 2 1 0 18 10 4 18 9
35 127 2 2 1 7 15 11 9 15 11
36 132 10 5 3 0 10 6 3 10 10 9 10 8 0 14 12 3 14 10 4 14 12 6 14 10 9 14 8 4 18 7 6 18 12
37 135 6 6 1 2 14 12 4 14 7 5 14 8 6 14 9 8 14 9 9 14 9
38 137 8 4 3 0 15 14 4 15 8 8 15 9 0 16 11 6 16 10 4 18 11 6 18 9 8 18 13
39 140 1 1 1 4 11 10
40 146 6 6 3 3 10 11 7 10 13 8 10 9 0 13 12 2 16 10 5 16 15
41 149 7 1 7 7 10 9 7 11 11 7 12 14 7 13 10 7 16 11 7 18 10 7 19 9
42 155 1 1 1 8 12 9
43 156 2 2 1 1 11 14 4 11 13
44 159 60 6 10 0 10 9 1 10 12 4 10 11 6 10 11 7 10 9 8 10 6 0 11 11 1 11 11 4 11 10 6 11 8 7 11 10 8 11 7 0 12 9 1 12 9 4 12 15 6 12 10 7 12 9 8 12 12 0 13 8 1 13 11 4 13 10 6 13 12 7 13 10 8 13 9 0 14 14 1 14 12 4 14 12 6 14 10 7 14 9 8 14 13 0 15 9 1 15 8 4 15 13 6 15 11 7 15 10 8 15 12 0 16 11 1 16 11 4 16 13 6 16 9 7 16 9 8 16 11 0 17 13 1 17 8 4 17 11 6 17 8 7 17 13 8 17 10 0 18 9 1 18 5 4 18 10 6 18 11 7 18 8 8 18 7 0 19 11 1 19 15 4 19 10 6 19 8 7 19 12 8 19 5
45 160 60 6 10 0 10 10 1 10 12 2 10 10 5 10 9 7 10 7 9 10 9 0 11 12 1 11 11 2 11 8 5 11 10 7 11 8 9 11 10 0 12 11 1 12 10 2 12 11 5 12 12 7 12 8 9 12 10 0 13 8 1 13 11 2 13 9 5 13 10 7 13 10 9 13 10 0 14 12 1 14 11 2 14 12 5 14 12 7 14 10 9 14 10 0 15 7 1 15 9 2 15 9 5 15 10 7 15 13 9 15 11 0 16 14 1 16 11 2 16 10 5 16 10 7 16 11 9 16 9 0 17 10 1 17 7 2 17 10 5 17 13 7 17 12 9 17 8 0 18 9 1 18 8 2 18 9 5 18 10 7 18 7 9 18 11 0 19 12 1 19 11 2 19 11 5 19 13 7 19 13 9 19 13
46 161 24 6 7 1 12 12 2 12 13 8 12 14 9 12 12 5 13 10 9 13 7 2 14 8 5 14 10 9 14 11 3 15 13 5 15 11 8 15 12 1 16 10 2 16 10 3 16 7 5 16 11 8 16 11 1 18 8 2 18 11 3 18 8 9 18 12 1 19 5 3 19 12 8 19 10
47 163 4 4 1 1 16 8 3 16 11 4 16 7 8 16 9
48 166 2 2 2 3 14 10 9 19 16
49 167 2 2 1 3 14 12 6 14 16
