20 50
0 0 3 3 1 1 11 12 2 11 10 6 11 14
1 2 24 6 6 4 10 10 5 10 9 6 10 9 7 10 12 9 10 8 1 14 10 4 14 12 7 14 10 1 15 12 4 15 14 6 15 13 9 15 9 1 16 12 5 16 14 6 16 11 7 16 9 9 16 9 5 17 7 6 17 10 9 17 7 1 19 11 4 19 11 5 19 13 7 19 11
2 4 1 1 1 3 13 8
3 8 6 6 3 4 11 7 9 11 12 0 12 10 2 12 12 5 12 12 7 18 13
4 10 5 5 2 3 12 11 2 18 11 7 18 12 8 18 9 9 18 7
5 11 1 1 1 5 15 11
6 13 1 1 1 4 16 7
7 14 3 3 2 6 11 11 0 18 10 4 18 11
8 17 6 6 2 3 10 11 0 17 8 4 17 10 5 17 12 6 17 10 8 17 8
9 20 2 2 1 2 18 12 3 18 11
10 24 2 2 1 6 15 9 7 15 14
11 27 3 3 1 0 13 11 7 13 9 8 13 10
12 28 18 6 5 4 12 13 5 12 11 6 12 12 7 12 11 0 14 11 1 14 11 4 14 9 0 16 8 1 16 12 5 16 16 7 16 8 1 18 11 6 18 9 0 19 10 4 19 10 5 19 11 6 19 12 7 19 12
13 42 12 6 3 0 11 12 2 11 10 3 11 12 6 11 12 7 11 11 8 11 14 0 12 12 3 12 11 7 12 14 2 15 9 6 15 12 8 15 9
14 43 2 2 1 8 18 13 9 18 9
15 45 30 3 10 4 10 11 5 10 9 7 10 12 4 11 12 5 11 13 7 11 8 4 12 8 5 12 10 7 12 11 4 13 8 5 13 11 7 13 9 4 14 9 5 14 11 7 14 12 4 15 7 5 15 9 7 15 10 4 16 8 5 16 10 7 16 12 4 17 9 5 17 11 7 17 11 4 18 11 5 18 10 7 18 8 4 19 10 5 19 11 7 19 11
16 46 6 6 2 0 10 13 1 10 13 2 10 8 5 10 9 6 10 10 4 18 10
17 47 3 3 1 2 19 9 6 19 11 7 19 12
18 52 10 5 4 0 11 10 9 11 11 4 13 11 6 13 7 2 16 12 9 16 11 0 17 12 2 17 12 4 17 9 6 17 8
19 57 20 2 10 4 10 10 7 10 12 4 11 8 7 11 10 4 12 12 7 12 6 4 13 8 7 13 9 4 14 10 7 14 13 4 15 11 7 15 11 4 16 12 7 16 13 4 17 13 7 17 13 4 18 11 7 18 10 4 19 10 7 19 13
20 59 18 6 5 0 11 12 5 11 9 9 11 8 2 14 12 4 14 14 6 14 11 0 15 13 2 15 6 4 15 9 6 15 12 0 18 13 5 18 10 9 18 10 2 19 11 4 19 11 5 19 10 6 19 9 9 19 10
21 67 6 6 2 2 15 12 3 15 11 7 15 14 0 16 10 4 16 13 8 16 12
22 68 18 6 6 7 10 10 0 13 13 5 13 12 6 13 8 7 13 8 9 13 11 1 14 11 9 14 11 1 15 13 5 15 6 0 16 13 5 16 11 6 16 10 0 18 13 1 18 9 6 18 10 7 18 8 9 18 10
23 71 3 3 1 1 12 11 3 12 9 6 12 12
24 80 6 6 1 2 18 10 3 18 11 4 18 15 6 18 11 7 18 11 9 18 11
25 86 6 6 1 1 11 10 2 11 12 3 11 12 4 11 7 5 11 12 7 11 14
26 89 3 3 1 1 17 8 3 17 10 5 17 6
27 90 10 5 3 1 14 10 3 14 9 7 14 9 0 15 9 2 15 11 0 18 10 1 18 14 2 18 12 3 18 10 7 18 12
28 91 6 6 2 3 12 11 5 12 12 9 12 10 4 14 11 7 14 8 8 14 11
29 95 8 4 3 1 11 15 4 11 13 5 11 12 9 11 15 4 15 12 5 15 12 9 15 10 1 17 9
30 101 2 2 1 1 10 10 5 10 11
31 107 2 2 1 3 18 10 9 18 11
32 114 20 2 10 0 10 15 4 10 13 0 11 10 4 11 9 0 12 7 4 12 13 0 13 15 4 13 10 0 14 11 4 14 10 0 15 12 4 15 8 0 16 9 4 16 7 0 17 8 4 17 10 0 18 13 4 18 10 0 19 9 4 19 9
33 120 30 3 10 0 10 12 2 10 12 6 10 15 0 11 10 2 11 12 6 11 13 0 12 12 2 12 13 6 12 11 0 13 13 2 13 12 6 13 12 0 14 8 2 14 8 6 14 7 0 15 9 2 15 12 6 15 11 0 16 12 2 16 13 6 16 10 0 17 11 2 17 11 6 17 8 0 18 13 2 18 11 6 18 11 0 19 7 2 19 11 6 19 10
34 125 1 1 1 0 13 10
35 127 18 6 6 0 11 14 1 11 9 3 11 12 5 11 13 1 12 14 2 12 11 5 12 12 9 12 10 0 13 10 2 13 17 5 13 8 3 15 14 9 15 9 9 17 11 0 18 8 1 18 14 2 18 10 3 18 9
36 132 12 6 3 0 13 6 1 13 11 2 13 9 3 13 10 0 16 8 3 16 11 6 16 8 7 16 10 1 18 11 2 18 10 6 18 11 7 18 9
37 135 1 1 1 9 11 8
38 137 60 6 10 2 10 14 3 10 9 5 10 12 6 10 12 7 10 11 8 10 12 2 11 8 3 11 11 5 11 8 6 11 11 7 11 14 8 11 13 2 12 11 3 12 10 5 12 10 6 12 14 7 12 9 8 12 10 2 13 10 3 13 11 5 13 10 6 13 15 7 13 11 8 13 9 2 14 8 3 14 10 5 14 13 6 14 14 7 14 8 8 14 11 2 15 11 3 15 12 5 15 12 6 15 9 7 15 11 8 15 8 2 16 8 3 16 8 5 16 11 6 16 11 7 16 12 8 16 9 2 17 13 3 17 10 5 17 13 6 17 8 7 17 6 8 17 12 2 18 12 3 18 9 5 18 9 6 18 9 7 18 10 8 18 12 2 19 10 3 19 14 5 19 10 6 19 10 7 19 8 8 19 12
39 140 3 3 2 0 10 11 4 10 11 7 13 11
40 146 12 6 4 1 10 9 6 10 13 7 10 10 1 15 12 3 15 13 5 15 8 2 16 8 3 16 11 2 17 13 5 17 9 6 17 10 7 17 10
41 149 6 6 2 3 11 15 5 11 9 8 11 14 0 12 12 6 12 11 7 12 11
42 155 30 3 10 0 10 10 4 10 10 5 10 11 0 11 14 4 11 8 5 11 7 0 12 11 4 12 9 5 12 7 0 13 13 4 13 9 5 13 10 0 14 8 4 14 9 5 14 11 0 15 11 4 15 12 5 15 11 0 16 13 4 16 9 5 16 10 0 17 13 4 17 11 5 17 10 0 18 9 4 18 12 5 18 13 0 19 12 4 19 9 5 19 9
43 156 12 6 4 2 14 8 5 14 13 0 15 8 1 15 10 3 15 9 6 15 7 0 16 12 5 16 7 1 18 13 2 18 11 3 18 8 6 18 12
44 159 4 4 1 1 14 8 2 14 12 5 14 12 8 14 12
45 160 1 1 1 6 12 10
46 161 18 6 5 7 12 9 3 14 10 5 14 14 6 14 9 7 14 4 8 14 14 9 14 11 7 16 10 8 16 10 9 16 11 3 18 8 5 18 10 6 18 14 8 18 13 3 19 12 5 19 11 6 19 9 9 19 10
47 163 8 4 3 8 15 6 0 16 12 2 16 8 8 16 12 9 16 9 0 17 13 2 17 7 9 17 14
48 166 60 6 10 0 10 15 3 10 10 4 10 10 5 10 10 8 10 12 9 10 10 0 11 9 3 11 11 4 11 7 5 11 10 8 11 11 9 11 10 0 12 11 3 12 10 4 12 12 5 12 7 8 12 12 9 12 10 0 13 10 3 13 12 4 13 9 5 13 8 8 13 8 9 13 14 0 14 11 3 14 10 4 14 9 5 14 7 8 14 10 9 14 10 0 15 10 3 15 13 4 15 10 5 15 11 8 15 8 9 15 7 0 16 12 3 16 9 4 16 11 5 16 8 8 16 8 9 16 13 0 17 9 3 17 7 4 17 10 5 17 13 8 17 14 9 17 10 0 18 10 3 18 10 4 18 11 5 18 9 8 18 12 9 18 7 0 19 10 3 19 12 4 19 10 5 19 13 8 19 9 9 19 6
49 167 18 6 6 4 11 11 6 11 12 8 11 13 3 13 12 4 13 9 6 13 14 7 13 8 8 13 8 1 14 11 3 14 10 4 14 7 7 14 10 6 15 13 1 17 12 3 17 10 7 17 15 8 17 11 1 18 10
