20 50
0 0 12 6 3 0 14 13 1 14 11 3 14 13 7 14 13 0 17 14 3 17 11 6 17 14 8 17 12 1 19 13 6 19 12 7 19 8 8 19 11
1 2 60 6 10 0 10 13 2 10 13 3 10 12 5 10 8 7 10 10 9 10 10 0 11 12 2 11 10 3 11 10 5 11 11 7 11 9 9 11 9 0 12 7 2 12 12 3 12 7 5 12 9 7 12 7 9 12 11 0 13 10 2 13 8 3 13 11 5 13 15 7 13 12 9 13 13 0 14 10 2 14 9 3 14 11 5 14 11 7 14 12 9 14 10 0 15 7 2 15 10 3 15 9 5 15 12 7 15 12 9 15 10 0 16 9 2 16 10 3 16 10 5 16 13 7 16 9 9 16 9 0 17 13 2 17 14 3 17 9 5 17 10 7 17 8 9 17 12 0 18 11 2 18 10 3 18 12 5 18 11 7 18 8 9 18 12 0 19 11 2 19 10 3 19 12 5 19 13 7 19 9 9 19 7
2 4 8 4 4 4 13 12 8 13 11 6 14 6 9 14 11 4 16 12 6 16 11 9 16 10 8 18 7
3 8 10 5 4 0 11 11 2 11 9 3 11 10 6 11 13 0 12 12 6 12 13 9 12 13 2 14 10 3 15 12 9 15 8
4 10 2 2 1 4 11 12 5 11 12
5 11 18 6 6 0 10 11 1 10 10 6 10 13 1 11 12 3 11 14 5 11 8 3 12 11 5 12 13 4 16 7 5 16 12 6 16 10 0 17 12 4 17 11 0 19 14 1 19 9 3 19 11 4 19 8 6 19 10
6 13 10 5 4 5 10 11 8 10 10 2 11 8 5 11 12 6 11 12 4 14 13 2 15 10 4 15 12 6 15 12 8 15 13
7 14 18 6 6 0 10 10 2 10 14 3 10 6 4 10 12 5 12 16 0 13 9 2 13 11 5 13 12 7 13 16 4 14 11 7 14 9 2 15 17 3 15 8 7 15 11 0 17 11 3 17 10 4 17 9 5 17 7
8 17 6 6 1 0 19 12 1 19 7 2 19 11 4 19 15 5 19 13 7 19 10
9 20 10 2 7 0 11 7 2 11 9 0 12 10 2 12 10 2 14 12 0 15 10 2 15 11 0 16 9 2 17 9 0 19 9
10 24 2 2 1 1 10 11 2 10 7
11 27 1 1 1 6 13 8
12 28 18 6 6 0 12 11 2 12 10 6 12 9 0 13 14 1 13 10 6 13 11 1 14 15 2 14 11 4 14 10 6 14 14 8 14 11 1 15 9 0 17 9 4 17 11 8 17 9 2 19 12 4 19 11 8 19 8
13 42 1 1 1 6 10 14
14 43 1 1 1 6 19 12
15 45 4 4 1 0 13 10 4 13 13 5 13 10 8 13 9
16 46 24 6 7 3 10 10 5 10 8 6 10 14 7 10 13 0 12 10 5 12 9 6 12 10 0 13 14 3 13 8 5 13 8 7 13 7 8 13 11 3 16 9 6 16 9 8 16 10 0 17 12 7 17 11 5 18 12 8 18 8 0 19 13 3 19 10 6 19 9 7 19 11 8 19 7
17 47 3 3 1 2 13 12 5 13 7 8 13 10
18 52 18 6 6 0 10 12 4 10 9 6 10 12 9 10 12 2 12 11 4 12 12 8 12 9 0 16 13 2 16 11 8 16 8 8 17 11 6 18 9 9 18 11 0 19 11 2 19 12 4 19 9 6 19 9 9 19 10
19 57 20 2 10 2 10 12 6 10 10 2 11 10 6 11 10 2 12 10 6 12 12 2 13 10 6 13 7 2 14 11 6 14 13 2 15 11 6 15 10 2 16 8 6 16 13 2 17 10 6 17 10 2 18 11 6 18 16 2 19 12 6 19 12
20 59 2 2 1 0 15 11 3 15 15
21 67 1 1 1 1 18 13
22 68 6 6 1 0 18 11 2 18 12 4 18 11 5 18 11 7 18 10 9 18 9
23 71 8 4 4 8 12 7 9 12 14 4 13 10 5 13 10 5 15 11 4 16 12 8 16 12 9 16 12
24 80 15 5 5 1 11 13 2 11 11 5 11 10 1 12 12 2 12 10 5 12 11 7 12 8 8 12 9 2 14 10 7 14 9 8 14 9 1 16 16 5 16 10 7 18 11 8 18 13
25 86 12 6 4 3 11 10 4 11 8 6 11 10 0 12 8 1 12 9 2 12 11 6 12 12 0 13 10 1 13 12 2 13 9 3 13 10 4 19 10
26 89 4 4 2 1 13 9 4 13 10 5 19 8 7 19 13
27 90 6 3 3 0 10 9 2 10 12 8 10 9 0 14 8 2 18 11 8 18 9
28 91 6 6 3 2 14 7 7 14 8 3 15 12 4 15 10 0 18 9 5 18 10
29 95 18 6 5 2 10 9 3 10 9 4 10 11 6 10 12 7 10 8 9 10 9 2 13 13 4 13 11 6 13 9 9 13 9 6 14 10 7 14 11 3 15 12 9 15 12 2 18 11 3 18 11 4 18 12 7 18 9
30 101 10 5 3 4 10 10 6 10 13 3 11 13 4 11 8 5 11 12 6 11 10 9 11 10 3 14 9 5 14 9 9 14 12
31 107 24 6 7 3 11 15 4 11 6 5 11 10 1 13 14 2 13 9 4 13 8 5 13 9 9 13 10 3 14 10 9 14 10 1 15 11 2 15 9 4 16 12 1 17 12 2 17 9 3 17 10 4 17 11 5 17 12 9 17 9 1 19 12 2 19 12 3 19 9 5 19 9 9 19 10
32 114 1 1 1 7 11 11
33 120 1 1 1 1 14 9
34 125 6 6 2 2 11 10 3 11 9 7 11 7 0 14 12 1 14 8 6 14 11
35 127 4 4 1 3 15 10 4 15 12 6 15 10 8 15 13
36 132 3 3 2 9 10 12 0 13 12 2 13 13
37 135 2 2 1 2 11 9 5 11 8
38 137 1 1 1 8 11 13
39 140 40 4 10 3 10 10 4 10 12 5 10 10 7 10 10 3 11 11 4 11 11 5 11 9 7 11 13 3 12 11 4 12 10 5 12 9 7 12 12 3 13 11 4 13 5 5 13 14 7 13 10 3 14 11 4 14 10 5 14 10 7 14 11 3 15 10 4 15 12 5 15 10 7 15 13 3 16 10 4 16 12 5 16 12 7 16 14 3 17 11 4 17 10 5 17 7 7 17 11 3 18 11 4 18 11 5 18 9 7 18 14 3 19 10 4 19 11 5 19 10 7 19 12
40 146 6 6 1 0 16 13 2 16 14 4 16 8 6 16 9 7 16 11 9 16 12
41 149 2 2 1 0 14 9 3 14 11
42 155 60 6 10 1 10 11 2 10 10 4 10 7 5 10 14 7 10 11 9 10 13 1 11 10 2 11 10 4 11 13 5 11 16 7 11 9 9 11 10 1 12 11 2 12 10 4 12 11 5 12 9 7 12 8 9 12 9 1 13 12 2 13 10 4 13 8 5 13 7 7 13 15 9 13 11 1 14 13 2 14 15 4 14 10 5 14 6 7 14 11 9 14 12 1 15 10 2 15 12 4 15 12 5 15 11 7 15 11 9 15 8 1 16 12 2 16 11 4 16 11 5 16 10 7 16 11 9 16 8 1 17 12 2 17 12 4 17 11 5 17 14 7 17 12 9 17 12 1 18 11 2 18 13 4 18 9 5 18 8 7 18 12 9 18 9 1 19 12 2 19 10 4 19 8 5 19 12 7 19 13 9 19 12
43 156 3 3 1 5 19 14 6 19 12 8 19 13
44 159 6 6 1 0 18 8 2 18 16 5 18 13 6 18 11 7 18 13 8 18 11
45 160 2 2 1 4 13 12 7 13 9
46 161 2 2 1 7 16 8 9 16 9
47 163 60 6 10 2 10 10 3 10 11 4 10 9 5 10 8 6 10 10 9 10 11 2 11 8 3 11 10 4 11 9 5 11 10 6 11 9 9 11 13 2 12 9 3 12 10 4 12 10 5 12 8 6 12 12 9 12 12 2 13 10 3 13 9 4 13 9 5 13 8 6 13 12 9 13 11 2 14 14 3 14 8 4 14 11 5 14 8 6 14 14 9 14 9 2 15 12 3 15 11 4 15 10 5 15 10 6 15 11 9 15 12 2 16 10 3 16 11 4 16 7 5 16 10 6 16 13 9 16 13 2 17 14 3 17 10 4 17 7 5 17 11 6 17 10 9 17 10 2 18 10 3 18 9 4 18 12 5 18 9 6 18 8 9 18 8 2 19 12 3 19 14 4 19 10 5 19 9 6 19 14 9 19 10
48 166 2 2 1 6 14 9 9 14 7
49 167 12 6 4 7 10 11 8 10 14 0 11 14 5 11 13 0 16 10 2 16 13 3 16 10 5 16 13 7 16 9 2 18 8 3 18 14 8 18 10
