20 50
0 0 15 5 6 1 11 10 2 11 16 4 11 10 6 11 10 2 12 12 4 12 10 6 12 9 9 12 10 1 14 12 4 14 9 9 14 12 1 15 11 9 17 10 2 18 12 6 18 10
1 2 2 2 1 0 17 9 7 17 7
2 4 2 2 2 0 10 10 1 15 9
3 8 6 6 2 3 16 16 8 16 9 9 16 9 1 17 11 6 17 7 7 17 11
4 10 2 2 1 4 17 14 8 17 11
5 11 2 2 1 1 12 11 8 12 8
6 13 24 6 7 1 11 12 9 11 12 0 12 11 2 12 12 7 12 10 1 13 11 2 13 9 4 13 11 7 13 11 0 14 12 2 14 5 9 14 7 0 16 3 1 16 10 4 16 8 9 16 14 0 17 8 1 17 12 4 17 10 7 17 12 9 17 14 2 19 10 4 19 10 7 19 10
7 14 1 1 1 0 12 6
8 17 5 5 1 1 15 8 2 15 11 4 15 14 8 15 12 9 15 12
9 20 2 2 1 1 13 11 4 13 7
10 24 2 2 1 6 12 5 9 12 7
11 27 3 3 2 7 11 9 8 12 10 9 12 10
12 28 12 6 4 0 14 10 2 14 9 3 14 12 2 16 9 7 18 10 8 18 12 9 18 10 0 19 9 3 19 13 7 19 13 8 19 12 9 19 12
13 42 3 3 1 7 11 8 8 11 12 9 11 8
14 43 12 3 6 4 13 11 5 13 11 8 13 11 5 15 8 8 15 15 4 16 10 5 16 11 8 16 8 4 17 7 5 17 8 8 18 10 4 19 7
15 45 18 6 6 1 10 8 6 10 8 7 10 8 9 10 13 3 11 8 6 11 10 7 11 7 8 12 10 1 16 12 6 16 9 7 16 12 8 16 9 9 16 8 1 17 14 3 17 9 9 17 12 3 18 13 8 18 7
16 46 4 4 1 4 19 12 6 19 12 7 19 10 9 19 7
17 47 5 5 1 0 13 11 3 13 6 4 13 13 6 13 7 9 13 11
18 52 10 5 3 1 12 14 4 12 6 6 12 15 9 12 13 0 14 11 1 14 10 4 14 12 9 14 10 0 17 9 6 17 8
19 57 12 6 3 0 11 13 3 11 11 7 11 11 9 11 10 0 12 13 5 12 11 8 12 13 3 19 9 5 19 13 7 19 9 8 19 14 9 19 11
20 59 6 3 3 2 10 14 2 14 9 4 14 14 5 14 8 4 19 7 5 19 11
21 67 10 1 10 2 10 13 2 11 11 2 12 11 2 13 12 2 14 10 2 15 9 2 16 11 2 17 11 2 18 10 2 19 10
22 68 12 4 4 2 10 8 8 10 9 4 12 13 8 12 9 9 12 8 2 16 10 4 16 14 8 16 8 9 16 8 2 17 11 4 17 12 9 17 10
23 71 12 6 4 0 13 12 1 13 11 2 13 9 3 13 12 5 13 13 0 15 16 1 15 9 3 15 10 5 15 10 7 15 11 7 18 7 2 19 11
24 80 10 1 10 7 10 13 7 11 10 7 12 12 7 13 6 7 14 9 7 15 12 7 16 9 7 17 14 7 18 10 7 19 7
25 86 10 5 3 5 14 9 6 14 6 9 14 11 3 15 9 4 15 7 5 15 9 6 15 6 3 16 10 4 16 9 9 16 12
26 89 10 1 10 6 10 8 6 11 10 6 12 12 6 13 12 6 14 8 6 15 11 6 16 12 6 17 10 6 18 14 6 19 11
27 90 6 6 3 7 12 9 0 15 12 2 19 9 3 19 14 4 19 10 5 19 7
28 91 2 2 1 1 15 10 3 15 13
29 95 18 6 5 1 13 11 2 13 10 8 13 10 9 13 11 1 14 9 2 14 12 5 14 12 9 14 8 5 16 11 7 16 8 9 16 12 1 17 12 2 17 12 5 17 9 7 17 14 8 17 9 7 19 13 8 19 11
30 101 6 6 1 0 13 9 1 13 12 2 13 9 3 13 10 8 13 11 9 13 13
31 107 1 1 1 2 11 9
32 114 3 3 1 4 17 11 7 17 11 9 17 13
33 120 18 6 6 6 10 12 2 11 10 4 11 12 0 12 12 8 12 11 9 12 9 0 13 12 2 13 8 6 13 12 8 13 13 9 13 12 0 16 7 2 16 10 4 16 12 6 16 13 4 18 18 8 18 10 9 18 12
34 125 3 3 1 0 15 9 1 15 10 8 15 12
35 127 24 6 7 4 10 12 6 10 11 7 10 12 8 10 12 6 11 8 9 11 14 2 12 11 4 12 12 6 12 12 7 12 13 8 12 12 9 12 9 2 15 9 4 15 12 7 16 10 8 16 8 9 16 8 2 17 12 4 17 11 6 17 12 7 17 11 8 17 11 9 17 9 2 19 10
36 132 1 1 1 4 12 12
37 135 6 6 1 0 18 11 1 18 12 2 18 15 5 18 9 7 18 7 8 18 10
38 137 6 6 1 0 16 9 1 16 8 2 16 10 4 16 12 6 16 14 9 16 10
39 140 1 1 1 8 13 10
40 146 24 6 7 7 10 12 8 10 9 9 10 10 0 14 9 1 14 9 5 14 11 1 15 10 7 15 9 8 15 13 9 15 10 0 16 13 1 16 11 5 16 7 7 16 10 0 17 11 8 17 12 9 17 10 0 18 9 5 18 10 9 18 11 1 19 9 5 19 12 7 19 12 8 19 12
41 149 3 3 1 0 13 9 3 13 12 4 13 10
42 155 6 6 1 0 15 9 4 15 14 6 15 6 7 15 9 8 15 12 9 15 12
43 156 6 6 2 0 11 11 4 11 13 6 11 15 8 11 7 3 12 9 9 12 11
44 159 6 6 1 0 11 10 3 11 11 4 11 10 5 11 10 6 11 13 9 11 6
45 160 6 6 3 5 12 11 0 15 12 1 16 14 2 16 11 4 16 13 8 16 12
46 161 12 6 4 4 12 12 5 12 8 6 12 8 3 15 11 5 15 9 7 15 10 1 18 12 6 18 13 1 19 11 3 19 7 4 19 12 7 19 8
47 163 3 3 1 2 18 13 6 18 10 9 18 11
48 166 1 1 1 5 11 9
49 167 54 6 10 0 10 6 1 10 11 2 10 11 7 10 9 8 10 5 9 10 13 1 11 13 2 11 10 7 11 9 9 11 9 0 12 9 1 12 10 2 12 11 7 12 8 8 12 11 9 12 9 0 13 13 1 13 12 2 13 9 7 13 11 8 13 10 9 13 11 0 14 13 2 14 11 7 14 10 8 14 8 9 14 11 0 15 11 1 15 8 7 15 12 8 15 12 9 15 11 0 16 11 1 16 13 2 16 11 7 16 11 8 16 13 9 16 9 0 17 9 1 17 9 2 17 11 7 17 14 8 17 9 9 17 12 0 18 9 1 18 12 2 18 10 7 18 13 8 18 12 0 19 9 1 19 6 2 19 9 8 19 12 9 19 11
