20 50
0 0 2 2 1 4 14 10 9 14 11
1 2 18 6 5 3 10 9 5 10 10 3 12 10 5 12 11 8 12 7 1 13 14 2 13 9 6 13 8 8 13 11 1 15 9 2 15 11 6 15 12 1 16 10 2 16 10 3 16 12 5 16 10 6 16 8 8 16 10
2 4 6 3 2 0 15 10 6 15 11 9 15 10 0 17 10 6 17 7 9 17 11
3 8 2 2 1 0 11 13 7 11 10
4 10 12 3 6 0 10 9 0 11 12 1 11 6 5 11 10 1 12 10 5 12 12 0 13 10 5 13 7 1 14 11 0 15 14 1 15 7 5 15 11
5 11 3 3 1 5 13 13 6 13 7 8 13 12
6 13 2 2 1 1 15 10 2 15 9
7 14 2 2 1 0 19 12 9 19 10
8 17 15 5 5 1 10 8 2 10 13 5 10 10 7 10 14 9 10 8 2 14 12 7 14 12 9 14 7 2 16 8 5 16 10 1 17 12 7 17 13 9 17 10 1 19 12 5 19 8
9 20 30 3 10 2 10 10 3 10 8 4 10 9 2 11 8 3 11 8 4 11 9 2 12 11 3 12 8 4 12 11 2 13 12 3 13 9 4 13 12 2 14 10 3 14 12 4 14 12 2 15 11 3 15 10 4 15 9 2 16 9 3 16 10 4 16 12 2 17 12 3 17 11 4 17 9 2 18 8 3 18 13 4 18 9 2 19 9 3 19 10 4 19 11
10 24 24 6 6 0 10 12 3 10 13 4 10 11 6 10 11 0 11 6 5 11 11 0 14 8 5 14 7 6 14 8 9 14 13 3 16 10 4 16 13 5 16 9 6 16 11 9 16 11 3 17 10 4 17 15 6 17 10 9 17 11 0 18 12 3 18 12 4 18 11 5 18 10 9 18 13
11 27 6 6 3 0 14 9 1 14 11 6 14 10 7 14 9 4 15 12 2 19 13
12 28 1 1 1 9 13 13
13 42 12 6 4 3 12 4 6 12 12 7 12 10 6 13 11 2 14 10 8 14 10 9 14 7 2 17 8 3 17 9 7 17 9 8 17 11 9 17 9
14 43 24 6 7 0 10 11 1 10 11 4 10 11 6 10 11 8 10 10 0 11 15 3 11 8 6 11 12 8 11 11 0 12 8 1 12 14 3 12 9 1 16 12 4 16 11 6 16 8 8 16 11 1 17 13 3 17 10 8 17 10 0 18 11 4 18 12 3 19 10 4 19 11 6 19 13
15 45 3 3 1 2 19 7 6 19 8 7 19 13
16 46 12 6 4 1 11 11 3 11 11 4 11 9 5 11 10 9 11 6 6 12 10 3 17 11 4 17 9 9 17 13 1 19 14 5 19 9 6 19 6
17 47 6 2 4 1 11 9 6 11 13 1 12 9 6 12 13 1 15 14 6 19 12
18 52 6 3 3 1 12 10 1 13 11 3 13 15 6 13 11 3 19 11 6 19 12
19 57 6 6 1 0 19 12 2 19 10 3 19 9 5 19 11 6 19 11 7 19 13
20 59 8 4 3 1 10 12 4 10 8 7 10 9 1 15 14 2 15 9 7 15 13 2 19 13 4 19 8
21 67 12 6 3 2 10 9 6 10 9 7 10 10 9 10 13 2 13 9 4 13 8 6 13 10 7 13 10 8 13 12 4 16 9 8 16 13 9 16 7
22 68 10 1 10 1 10 9 1 11 10 1 12 9 1 13 9 1 14 13 1 15 9 1 16 10 1 17 12 1 18 9 1 19 8
23 71 6 2 3 2 10 17 6 10 12 2 14 10 6 14 12 2 18 11 6 18 12
24 80 3 3 2 3 16 11 4 16 13 1 17 9
25 86 60 6 10 0 10 9 1 10 14 2 10 8 4 10 12 8 10 11 9 10 13 0 11 9 1 11 12 2 11 11 4 11 9 8 11 8 9 11 10 0 12 12 1 12 9 2 12 10 4 12 11 8 12 10 9 12 12 0 13 12 1 13 8 2 13 12 4 13 10 8 13 9 9 13 11 0 14 11 1 14 12 2 14 14 4 14 9 8 14 10 9 14 13 0 15 14 1 15 14 2 15 8 4 15 12 8 15 14 9 15 9 0 16 10 1 16 10 2 16 6 4 16 10 8 16 10 9 16 13 0 17 10 1 17 11 2 17 9 4 17 9 8 17 10 9 17 7 0 18 9 1 18 17 2 18 11 4 18 8 8 18 12 9 18 11 0 19 11 1 19 12 2 19 10 4 19 6 8 19 9 9 19 12
26 89 6 3 3 0 12 9 7 12 11 9 12 10 0 13 10 7 18 11 9 18 11
27 90 24 6 7 3 10 11 7 10 13 1 11 14 6 11 10 7 11 10 1 12 8 2 12 12 3 12 11 6 12 13 7 12 10 9 12 13 1 14 11 2 14 10 7 14 9 9 14 10 2 15 13 3 15 12 6 15 12 9 15 12 6 17 11 9 17 8 1 18 13 2 18 4 3 18 9
28 91 2 2 1 0 14 13 7 14 13
29 95 12 6 3 7 11 12 8 11 10 2 16 9 3 16 14 4 16 11 8 16 9 9 16 10 2 19 7 3 19 12 4 19 3 7 19 10 9 19 10
30 101 18 6 6 2 11 12 2 13 15 4 13 9 5 13 12 8 13 14 9 13 12 5 14 8 7 14 15 8 14 8 9 14 13 2 15 9 4 15 13 7 15 10 9 15 6 5 17 10 7 17 11 8 17 10 4 18 10
31 107 3 3 1 1 10 10 6 10 12 9 10 6
32 114 12 6 3 1 10 11 8 10 11 9 10 11 1 18 10 2 18 8 3 18 12 6 18 9 2 19 11 3 19 13 6 19 11 8 19 10 9 19 8
33 120 12 6 3 0 16 14 5 16 10 7 16 11 8 16 9 0 17 11 2 17 9 3 17 14 8 17 15 2 18 11 3 18 11 5 18 11 7 18 11
34 125 1 1 1 3 14 12
35 127 4 4 2 2 15 11 3 15 8 4 15 10 6 19 11
36 132 6 6 1 0 19 11 2 19 9 4 19 10 7 19 13 8 19 4 9 19 9
37 135 10 2 7 7 11 11 2 12 9 2 13 15 7 13 10 2 14 11 7 15 11 2 16 10 7 16 9 2 18 12 7 18 11
38 137 30 3 10 5 10 13 7 10 12 9 10 10 5 11 10 7 11 13 9 11 11 5 12 9 7 12 10 9 12 10 5 13 9 7 13 12 9 13 9 5 14 11 7 14 12 9 14 12 5 15 11 7 15 12 9 15 9 5 16 12 7 16 12 9 16 12 5 17 13 7 17 11 9 17 10 5 18 10 7 18 7 9 18 10 5 19 8 7 19 8 9 19 10
39 140 1 1 1 1 17 11
40 146 18 6 6 3 10 9 4 10 8 6 10 15 8 10 10 0 11 7 2 11 11 4 11 12 6 11 11 0 12 10 2 12 10 3 12 7 3 15 8 4 15 15 8 15 10 0 17 13 8 17 10 2 18 9 6 18 9
41 149 4 4 1 1 16 10 3 16 8 7 16 14 8 16 11
42 155 2 2 1 6 16 12 7 16 12
43 156 4 4 1 2 14 10 5 14 10 6 14 13 8 14 11
44 159 6 6 1 1 19 7 3 19 8 5 19 10 6 19 12 8 19 10 9 19 11
45 160 1 1 1 4 16 9
46 161 5 5 1 2 12 12 3 12 12 4 12 12 7 12 12 9 12 9
47 163 2 2 1 5 16 11 8 16 10
48 166 2 2 1 2 17 11 4 17 8
49 167 18 6 6 6 10 10 7 10 9 8 10 11 2 13 7 4 13 9 6 13 13 8 13 11 4 16 12 9 16 10 2 17 11 7 17 8 8 17 11 9 17 10 2 18 11 6 18 10 7 18 7 9 18 11 4 19 10
