20 50
0 0 12 6 4 0 11 13 4 11 11 5 11 11 6 11 10 9 11 9 6 12 10 9 12 9 0 14 12 2 14 10 2 15 8 4 15 13 5 15 9
1 2 6 6 1 1 15 11 2 15 15 3 15 11 5 15 13 7 15 12 9 15 11
2 4 8 2 5 1 11 9 1 12 11 7 12 10 1 13 11 7 13 6 1 15 9 7 15 11 7 16 7
3 8 18 6 5 0 13 8 6 13 12 8 13 9 0 14 8 1 14 7 3 14 10 6 14 10 3 16 10 6 16 11 7 16 11 8 16 8 0 17 16 1 17 11 3 17 9 7 17 11 1 18 11 7 18 9 8 18 10
4 10 6 6 1 1 14 9 2 14 10 3 14 12 4 14 6 5 14 10 8 14 7
5 11 3 3 1 3 13 13 4 13 11 6 13 10
6 13 12 6 3 0 14 5 4 14 12 1 18 12 2 18 11 5 18 10 7 18 10 0 19 13 1 19 8 2 19 9 4 19 9 5 19 9 7 19 10
7 14 60 6 10 1 10 12 2 10 8 3 10 10 5 10 11 7 10 11 8 10 11 1 11 12 2 11 10 3 11 13 5 11 6 7 11 12 8 11 9 1 12 12 2 12 8 3 12 12 5 12 13 7 12 10 8 12 10 1 13 14 2 13 11 3 13 10 5 13 8 7 13 11 8 13 9 1 14 12 2 14 12 3 14 10 5 14 9 7 14 10 8 14 12 1 15 12 2 15 11 3 15 8 5 15 10 7 15 6 8 15 10 1 16 10 2 16 12 3 16 14 5 16 8 7 16 9 8 16 9 1 17 10 2 17 10 3 17 11 5 17 9 7 17 9 8 17 8 1 18 12 2 18 10 3 18 12 5 18 10 7 18 13 8 18 6 1 19 12 2 19 12 3 19 9 5 19 13 7 19 12 8 19 10
8 17 12 6 4 8 11 11 0 12 11 1 12 13 2 12 11 6 12 13 8 12 7 0 15 9 1 15 14 3 15 11 2 19 9 3 19 11 6 19 10
9 20 1 1 1 9 18 9
10 24 18 6 5 0 12 10 1 12 9 2 12 10 8 12 9 9 12 11 1 13 12 2 13 11 8 13 9 9 13 8 0 15 12 1 15 11 3 15 12 0 16 9 3 16 6 2 17 11 3 17 9 8 17 9 9 17 11
11 27 1 1 1 6 17 6
12 28 3 3 1 4 13 15 6 13 9 7 13 14
13 42 18 6 6 0 10 10 2 10 10 3 10 9 7 10 10 9 10 11 1 12 15 2 12 11 0 14 10 9 14 9 1 17 9 3 17 8 7 17 12 0 18 10 1 18 10 2 18 10 3 19 12 7 19 11 9 19 11
14 43 3 3 2 9 10 6 4 13 13 6 13 9
15 45 3 3 1 1 10 8 4 10 12 6 10 11
16 46 18 6 5 0 11 8 2 11 9 4 11 9 6 11 11 9 11 12 0 13 10 1 13 12 2 13 10 6 13 10 0 14 13 1 14 13 4 14 8 6 14 12 1 18 15 2 18 11 4 18 15 9 18 9 9 19 10
17 47 2 2 1 6 16 12 9 16 10
18 52 3 3 1 1 12 12 7 12 12 9 12 9
19 57 24 6 7 0 10 13 2 10 14 8 10 9 4 11 12 7 11 7 8 11 10 5 12 11 7 12 14 2 14 9 5 14 11 7 14 9 8 14 12 0 15 11 2 15 10 4 15 12 7 15 6 8 15 11 0 17 11 4 17 10 5 17 12 0 18 10 2 18 9 4 18 11 5 18 13
20 59 10 1 10 2 10 10 2 11 13 2 12 12 2 13 11 2 14 12 2 15 12 2 16 11 2 17 10 2 18 9 2 19 11
21 67 60 6 10 0 10 11 1 10 9 2 10 11 3 10 11 6 10 8 8 10 12 0 11 13 1 11 9 2 11 12 3 11 10 6 11 10 8 11 14 0 12 10 1 12 13 2 12 13 3 12 10 6 12 9 8 12 11 0 13 13 1 13 11 2 13 15 3 13 10 6 13 8 8 13 10 0 14 9 1 14 9 2 14 14 3 14 12 6 14 10 8 14 12 0 15 11 1 15 13 2 15 13 3 15 12 6 15 13 8 15 13 0 16 10 1 16 9 2 16 17 3 16 10 6 16 11 8 16 13 0 17 13 1 17 12 2 17 8 3 17 10 6 17 13 8 17 11 0 18 10 1 18 10 2 18 14 3 18 9 6 18 11 8 18 11 0 19 11 1 19 10 2 19 10 3 19 11 6 19 14 8 19 12
22 68 30 3 10 5 10 10 6 10 11 8 10 14 5 11 9 6 11 12 8 11 13 5 12 14 6 12 8 8 12 9 5 13 12 6 13 10 8 13 12 5 14 12 6 14 7 8 14 11 5 15 12 6 15 11 8 15 9 5 16 9 6 16 10 8 16 12 5 17 12 6 17 10 8 17 14 5 18 11 6 18 8 8 18 12 5 19 10 6 19 9 8 19 11
23 71 40 4 10 1 10 11 3 10 10 5 10 10 7 10 6 1 11 14 3 11 14 5 11 11 7 11 10 1 12 8 3 12 15 5 12 10 7 12 11 1 13 9 3 13 11 5 13 11 7 13 8 1 14 12 3 14 11 5 14 9 7 14 10 1 15 13 3 15 10 5 15 8 7 15 10 1 16 11 3 16 9 5 16 8 7 16 11 1 17 10 3 17 9 5 17 9 7 17 13 1 18 11 3 18 11 5 18 8 7 18 11 1 19 11 3 19 11 5 19 11 7 19 9
24 80 18 6 6 0 10 6 1 10 11 2 10 9 4 10 12 9 10 13 4 13 10 7 13 12 0 14 14 9 14 10 1 16 13 2 16 7 7 16 9 9 16 8 1 18 13 2 18 12 4 18 8 7 18 13 0 19 6
25 86 6 6 1 0 11 10 1 11 11 3 11 10 4 11 14 8 11 12 9 11 10
26 89 3 3 1 1 16 11 5 16 8 6 16 9
27 90 24 6 7 1 10 11 5 10 12 6 10 11 0 11 10 5 11 8 1 13 10 3 13 10 6 13 15 9 13 10 0 16 12 3 16 14 6 16 9 0 17 14 1 17 12 3 17 10 9 17 12 3 18 9 5 18 15 9 18 13 0 19 13 1 19 8 5 19 11 6 19 7 9 19 10
28 91 60 6 10 0 10 9 2 10 10 5 10 9 7 10 12 8 10 10 9 10 9 0 11 12 2 11 9 5 11 14 7 11 5 8 11 9 9 11 13 0 12 11 2 12 11 5 12 9 7 12 9 8 12 11 9 12 11 0 13 10 2 13 9 5 13 9 7 13 11 8 13 12 9 13 10 0 14 10 2 14 8 5 14 11 7 14 11 8 14 9 9 14 7 0 15 11 2 15 12 5 15 8 7 15 11 8 15 11 9 15 9 0 16 12 2 16 9 5 16 12 7 16 8 8 16 13 9 16 13 0 17 14 2 17 7 5 17 12 7 17 12 8 17 9 9 17 12 0 18 7 2 18 11 5 18 14 7 18 12 8 18 11 9 18 9 0 19 12 2 19 8 5 19 10 7 19 7 8 19 10 9 19 9
29 95 4 4 1 1 19 11 2 19 8 3 19 12 4 19 13
30 101 18 6 5 3 11 13 5 11 11 8 11 8 9 11 12 2 12 14 5 12 10 8 12 12 0 13 10 2 13 16 3 13 15 5 13 8 0 15 9 8 15 9 9 15 13 0 18 12 2 18 8 3 18 10 9 18 11
31 107 6 6 3 1 10 14 3 10 12 7 10 8 4 12 7 6 12 12 2 19 10
32 114 6 6 1 0 10 10 2 10 11 3 10 9 5 10 9 7 10 7 8 10 13
33 120 6 6 1 0 15 12 1 15 8 2 15 10 3 15 11 4 15 11 9 15 9
34 125 6 6 3 2 10 11 8 10 10 9 10 10 3 17 10 7 17 11 5 18 14
35 127 2 2 1 2 16 10 7 16 10
36 132 5 5 1 0 12 11 2 12 11 4 12 11 5 12 10 6 12 9
37 135 1 1 1 9 11 10
38 137 18 6 4 2 10 8 4 10 10 6 10 8 7 10 10 2 11 12 6 11 10 8 11 11 9 11 10 4 16 11 7 16 8 8 16 13 9 16 10 2 18 13 4 18 8 6 18 11 7 18 13 8 18 5 9 18 10
39 140 60 6 10 0 10 12 1 10 7 3 10 13 6 10 12 7 10 9 8 10 11 0 11 8 1 11 12 3 11 9 6 11 10 7 11 13 8 11 11 0 12 10 1 12 10 3 12 12 6 12 9 7 12 14 8 12 10 0 13 11 1 13 7 3 13 9 6 13 11 7 13 10 8 13 9 0 14 9 1 14 11 3 14 10 6 14 10 7 14 8 8 14 12 0 15 9 1 15 12 3 15 12 6 15 14 7 15 14 8 15 13 0 16 7 1 16 10 3 16 12 6 16 11 7 16 10 8 16 10 0 17 13 1 17 12 3 17 10 6 17 14 7 17 10 8 17 12 0 18 7 1 18 13 3 18 13 6 18 8 7 18 13 8 18 13 0 19 13 1 19 9 3 19 10 6 19 10 7 19 15 8 19 13
40 146 1 1 1 3 18 8
41 149 60 6 10 1 10 11 2 10 10 3 10 11 4 10 10 7 10 10 8 10 11 1 11 15 2 11 13 3 11 12 4 11 9 7 11 8 8 11 9 1 12 8 2 12 11 3 12 12 4 12 11 7 12 9 8 12 10 1 13 9 2 13 13 3 13 10 4 13 12 7 13 14 8 13 9 1 14 11 2 14 10 3 14 12 4 14 10 7 14 12 8 14 14 1 15 8 2 15 13 3 15 8 4 15 11 7 15 10 8 15 8 1 16 11 2 16 9 3 16 8 4 16 10 7 16 11 8 16 9 1 17 8 2 17 10 3 17 9 4 17 13 7 17 14 8 17 8 1 18 13 2 18 9 3 18 11 4 18 9 7 18 12 8 18 13 1 19 16 2 19 14 3 19 10 4 19 11 7 19 11 8 19 12
42 155 24 6 7 2 10 9 8 10 10 0 11 9 7 11 11 8 11 10 9 11 9 2 12 11 9 12 11 0 13 8 5 13 10 7 13 10 0 15 9 5 15 11 2 17 11 5 17 8 7 17 15 8 17 12 9 17 11 0 19 8 2 19 9 5 19 10 7 19 13 8 19 12 9 19 13
43 156 8 4 3 3 10 11 0 13 10 1 13 12 9 13 9 0 16 12 1 16 10 3 16 9 9 16 12
44 159 6 6 1 2 16 10 4 16 9 5 16 10 7 16 9 8 16 14 9 16 8
45 160 60 6 10 0 10 10 2 10 12 4 10 10 5 10 11 8 10 10 9 10 12 0 11 8 2 11 8 4 11 13 5 11 12 8 11 13 9 11 10 0 12 12 2 12 13 4 12 10 5 12 13 8 12 11 9 12 15 0 13 12 2 13 9 4 13 9 5 13 10 8 13 14 9 13 10 0 14 11 2 14 8 4 14 13 5 14 11 8 14 10 9 14 9 0 15 12 2 15 8 4 15 10 5 15 8 8 15 12 9 15 8 0 16 9 2 16 7 4 16 8 5 16 7 8 16 12 9 16 10 0 17 12 2 17 8 4 17 11 5 17 9 8 17 9 9 17 8 0 18 9 2 18 11 4 18 12 5 18 11 8 18 11 9 18 10 0 19 10 2 19 9 4 19 10 5 19 12 8 19 10 9 19 11
46 161 8 4 3 4 10 8 9 10 7 1 11 6 8 11 15 1 18 11 4 18 13 8 18 13 9 18 9
47 163 1 1 1 9 18 12
48 166 10 1 10 9 10 8 9 11 8 9 12 13 9 13 13 9 14 12 9 15 10 9 16 14 9 17 8 9 18 11 9 19 6
49 167 3 3 1 2 13 9 3 13 10 4 13 12
