20 50
0 0 1 1 1 4 14 12
1 2 60 6 10 1 10 8 2 10 9 3 10 11 4 10 8 7 10 9 9 10 10 1 11 11 2 11 10 3 11 12 4 11 10 7 11 11 9 11 12 1 12 9 2 12 15 3 12 12 4 12 8 7 12 15 9 12 9 1 13 8 2 13 10 3 13 9 4 13 10 7 13 10 9 13 7 1 14 13 2 14 12 3 14 11 4 14 8 7 14 6 9 14 10 1 15 10 2 15 13 3 15 13 4 15 13 7 15 8 9 15 11 1 16 12 2 16 9 3 16 11 4 16 9 7 16 11 9 16 11 1 17 8 2 17 14 3 17 11 4 17 15 7 17 4 9 17 9 1 18 6 2 18 9 3 18 10 4 18 11 7 18 11 9 18 11 1 19 11 2 19 12 3 19 8 4 19 13 7 19 8 9 19 11
2 4 6 3 3 4 10 11 5 10 11 5 15 12 8 15 10 4 16 8 8 16 9
3 8 6 6 2 4 14 11 7 14 9 9 14 11 0 16 11 2 16 8 3 16 11
4 10 2 2 1 1 16 9 3 16 9
5 11 18 6 5 1 11 9 7 11 14 8 11 8 9 11 12 0 12 9 1 12 11 7 12 12 8 12 10 0 16 11 3 16 11 7 16 11 9 16 13 1 17 14 3 17 14 8 17 10 9 17 13 0 19 10 3 19 11
6 13 12 6 4 8 11 10 0 12 8 1 12 12 2 12 10 4 12 6 8 12 11 0 13 11 1 13 10 2 13 14 4 13 13 6 13 10 6 18 11
7 14 6 6 1 2 13 14 4 13 12 6 13 12 7 13 11 8 13 11 9 13 13
8 17 18 6 5 0 10 9 5 10 12 6 10 13 8 10 9 1 14 9 5 14 12 8 14 13 0 16 10 1 16 12 3 16 10 5 16 13 3 18 11 6 18 12 0 19 13 1 19 7 3 19 11 6 19 11 8 19 11
9 20 8 4 3 0 12 9 6 12 10 4 14 9 8 14 9 0 18 11 4 18 8 6 18 12 8 18 7
10 24 1 1 1 3 10 9
11 27 3 3 1 3 18 9 7 18 10 9 18 9
12 28 6 6 2 0 15 11 4 15 7 8 15 9 9 15 8 2 18 11 6 18 13
13 42 2 2 1 4 17 8 8 17 9
14 43 12 6 4 1 10 12 2 10 10 5 10 11 1 11 9 4 11 5 0 12 12 9 12 11 0 15 8 2 15 10 4 15 11 5 15 12 9 15 11
15 45 2 2 1 6 17 9 9 17 13
16 46 20 2 10 5 10 12 8 10 12 5 11 11 8 11 12 5 12 9 8 12 9 5 13 10 8 13 14 5 14 10 8 14 12 5 15 10 8 15 13 5 16 9 8 16 8 5 17 9 8 17 13 5 18 11 8 18 8 5 19 12 8 19 10
17 47 60 6 10 0 10 10 1 10 9 3 10 12 5 10 9 8 10 8 9 10 12 0 11 11 1 11 8 3 11 7 5 11 9 8 11 11 9 11 10 0 12 10 1 12 8 3 12 10 5 12 12 8 12 12 9 12 12 0 13 14 1 13 9 3 13 10 5 13 6 8 13 10 9 13 11 0 14 9 1 14 9 3 14 12 5 14 11 8 14 10 9 14 11 0 15 10 1 15 11 3 15 13 5 15 8 8 15 12 9 15 7 0 16 11 1 16 13 3 16 7 5 16 8 8 16 15 9 16 9 0 17 10 1 17 7 3 17 6 5 17 10 8 17 13 9 17 14 0 18 10 1 18 10 3 18 10 5 18 7 8 18 12 9 18 9 0 19 12 1 19 9 3 19 9 5 19 15 8 19 13 9 19 13
18 52 1 1 1 2 15 10
19 57 60 6 10 0 10 9 1 10 9 2 10 10 4 10 13 7 10 12 9 10 12 0 11 10 1 11 9 2 11 10 4 11 9 7 11 5 9 11 8 0 12 11 1 12 12 2 12 11 4 12 9 7 12 12 9 12 9 0 13 11 1 13 10 2 13 13 4 13 11 7 13 11 9 13 9 0 14 13 1 14 9 2 14 10 4 14 9 7 14 10 9 14 10 0 15 13 1 15 8 2 15 11 4 15 9 7 15 7 9 15 12 0 16 12 1 16 11 2 16 7 4 16 9 7 16 12 9 16 12 0 17 9 1 17 13 2 17 12 4 17 9 7 17 12 9 17 13 0 18 13 1 18 12 2 18 11 4 18 10 7 18 13 9 18 10 0 19 13 1 19 9 2 19 7 4 19 8 7 19 12 9 19 9
20 59 1 1 1 8 10 11
21 67 6 6 1 0 11 7 2 11 12 4 11 10 5 11 12 6 11 9 8 11 12
22 68 60 6 10 0 10 7 1 10 11 2 10 11 4 10 9 6 10 12 8 10 10 0 11 12 1 11 7 2 11 12 4 11 12 6 11 11 8 11 15 0 12 9 1 12 5 2 12 13 4 12 13 6 12 11 8 12 10 0 13 12 1 13 12 2 13 8 4 13 11 6 13 12 8 13 11 0 14 6 1 14 8 2 14 9 4 14 10 6 14 12 8 14 8 0 15 11 1 15 10 2 15 8 4 15 11 6 15 11 8 15 10 0 16 17 1 16 11 2 16 11 4 16 8 6 16 14 8 16 14 0 17 12 1 17 11 2 17 11 4 17 13 6 17 15 8 17 10 0 18 11 1 18 8 2 18 5 4 18 10 6 18 10 8 18 10 0 19 10 1 19 9 2 19 10 4 19 11 6 19 11 8 19 10
23 71 2 2 2 0 11 10 3 19 10
24 80 10 1 10 4 10 13 4 11 10 4 12 10 4 13 13 4 14 13 4 15 12 4 16 10 4 17 10 4 18 9 4 19 7
25 86 2 2 1 0 13 7 8 13 12
26 89 1 1 1 7 12 12
27 90 2 2 1 0 10 8 4 10 7
28 91 3 3 1 2 15 11 3 15 12 6 15 8
29 95 6 6 2 0 10 14 2 10 10 5 10 12 6 10 10 1 19 14 7 19 10
30 101 1 1 1 4 12 10
31 107 18 6 5 4 10 14 5 10 8 7 10 11 9 10 10 3 11 10 5 11 11 9 11 11 1 12 9 3 12 11 4 12 11 5 12 11 7 12 9 9 12 12 1 14 11 4 14 10 7 14 10 1 19 12 3 19 13
32 114 12 6 3 3 11 10 4 11 13 8 11 11 9 11 12 2 12 11 3 12 10 4 12 10 7 12 12 2 19 10 7 19 8 8 19 13 9 19 13
33 120 10 1 10 0 10 10 0 11 12 0 12 10 0 13 9 0 14 15 0 15 10 0 16 7 0 17 12 0 18 10 0 19 13
34 125 10 1 10 4 10 15 4 11 10 4 12 14 4 13 9 4 14 11 4 15 10 4 16 11 4 17 11 4 18 11 4 19 11
35 127 6 6 2 0 15 10 1 15 12 5 15 13 2 17 12 6 17 12 9 17 14
36 132 2 2 1 1 16 12 8 16 10
37 135 3 3 1 1 10 10 2 10 10 3 10 10
38 137 15 5 6 2 10 10 5 10 12 6 10 10 0 11 14 2 11 12 5 11 9 7 13 9 5 14 12 7 14 12 0 18 11 6 18 10 0 19 10 2 19 9 6 19 9 7 19 13
39 140 6 3 3 0 15 11 4 15 11 7 15 10 0 18 8 4 19 10 7 19 7
40 146 1 1 1 2 13 7
41 149 3 3 2 5 17 8 1 18 8 9 18 10
42 155 1 1 1 0 10 11
43 156 18 6 6 0 10 10 1 10 11 4 10 10 6 10 11 0 11 10 1 11 9 5 11 10 6 11 10 7 11 8 4 13 12 7 13 11 5 14 10 7 14 14 0 16 13 1 16 9 4 16 11 5 16 10 6 17 11
44 159 3 3 1 0 17 9 5 17 7 7 17 9
45 160 6 6 1 0 11 12 1 11 9 3 11 13 5 11 9 6 11 13 7 11 10
46 161 1 1 1 2 19 11
47 163 6 6 1 1 10 10 2 10 7 4 10 14 6 10 13 7 10 12 9 10 10
48 166 3 3 2 0 12 11 2 12 14 5 15 11
49 167 1 1 1 7 18 11
