20 50
0 0 1 1 1 1 15 14
1 2 2 2 1 5 15 10 9 15 11
2 4 3 3 1 0 15 11 3 15 10 4 15 13
3 8 3 3 1 0 11 10 2 11 9 9 11 12
4 10 24 6 6 0 10 10 1 10 10 3 10 9 0 11 13 1 11 8 2 11 7 4 11 12 6 11 10 2 12 14 3 12 13 4 12 13 3 13 9 6 13 10 0 16 10 1 16 9 2 16 10 3 16 13 4 16 9 6 16 11 0 17 11 1 17 14 2 17 11 4 17 13 6 17 11
5 11 2 2 1 3 19 11 7 19 11
6 13 2 2 2 9 12 9 8 14 11
7 14 12 6 4 2 10 10 3 10 9 5 10 10 7 10 10 2 14 13 4 14 13 7 14 8 8 14 10 3 16 12 4 18 10 5 18 11 8 18 8
8 17 2 2 1 4 11 14 9 11 11
9 20 3 3 1 2 18 8 3 18 9 5 18 12
10 24 1 1 1 5 18 10
11 27 3 3 1 2 10 7 4 10 9 9 10 10
12 28 12 6 3 0 10 14 1 10 10 3 10 11 5 10 7 6 10 12 9 10 12 1 11 14 5 11 11 6 11 8 0 16 10 3 16 13 9 16 10
13 42 6 6 1 0 16 10 1 16 6 2 16 8 3 16 9 6 16 15 7 16 13
14 43 3 3 2 2 12 12 8 12 12 5 18 12
15 45 18 6 6 4 11 8 5 11 11 9 11 11 3 12 9 4 12 11 7 12 8 1 13 8 7 13 11 9 13 10 1 14 11 3 14 11 5 14 11 1 16 10 4 16 12 7 16 10 3 19 8 5 19 8 9 19 10
16 46 18 6 6 1 10 8 3 10 13 0 11 10 2 11 11 3 11 7 2 13 7 9 13 10 0 14 9 5 14 11 9 14 10 1 15 13 5 15 13 9 15 8 0 18 12 1 18 15 2 18 12 3 18 11 5 18 12
17 47 6 6 2 2 11 9 8 11 13 5 19 9 6 19 8 7 19 13 9 19 13
18 52 1 1 1 8 14 11
19 57 7 1 7 0 10 10 0 12 8 0 13 12 0 14 9 0 16 10 0 18 13 0 19 12
20 59 2 2 1 3 17 12 8 17 11
21 67 6 6 1 1 18 12 2 18 9 3 18 12 5 18 12 8 18 10 9 18 9
22 68 2 2 1 2 19 12 8 19 10
23 71 1 1 1 9 14 12
24 80 30 3 10 2 10 11 6 10 11 7 10 13 2 11 15 6 11 10 7 11 10 2 12 8 6 12 12 7 12 8 2 13 9 6 13 11 7 13 9 2 14 7 6 14 7 7 14 7 2 15 8 6 15 10 7 15 11 2 16 10 6 16 12 7 16 11 2 17 13 6 17 9 7 17 7 2 18 8 6 18 9 7 18 6 2 19 9 6 19 6 7 19 11
25 86 3 3 1 0 13 12 4 13 7 9 13 11
26 89 12 6 3 0 14 10 1 14 4 3 14 12 5 14 15 1 18 13 3 18 13 5 18 9 8 18 9 9 18 9 0 19 9 8 19 15 9 19 11
27 90 48 6 10 1 10 12 4 10 10 5 10 12 7 10 13 8 10 13 9 10 10 1 11 12 4 11 6 5 11 8 7 11 11 8 11 13 9 11 9 1 12 7 4 12 12 5 12 11 7 12 16 8 12 7 9 12 7 1 13 11 4 13 9 5 13 9 7 13 8 8 13 8 5 14 12 7 14 13 9 14 11 1 15 10 4 15 12 5 15 13 8 15 12 9 15 9 1 16 9 7 16 12 8 16 10 9 16 9 1 17 9 4 17 8 5 17 11 8 17 10 4 18 12 5 18 11 7 18 8 8 18 10 9 18 12 1 19 12 4 19 8 7 19 11 9 19 8
28 91 2 2 1 0 14 11 2 14 12
29 95 3 3 1 4 10 5 6 10 11 9 10 12
30 101 6 6 3 0 11 10 5 11 11 4 17 12 8 17 11 1 18 10 2 18 10
31 107 6 6 1 0 12 12 2 12 7 4 12 10 5 12 8 6 12 11 9 12 7
32 114 60 6 10 0 10 12 2 10 10 3 10 11 4 10 10 5 10 7 8 10 10 0 11 9 2 11 10 3 11 14 4 11 10 5 11 11 8 11 10 0 12 8 2 12 7 3 12 5 4 12 8 5 12 12 8 12 10 0 13 10 2 13 9 3 13 10 4 13 12 5 13 12 8 13 11 0 14 9 2 14 8 3 14 10 4 14 10 5 14 12 8 14 10 0 15 12 2 15 8 3 15 12 4 15 11 5 15 10 8 15 10 0 16 11 2 16 12 3 16 13 4 16 11 5 16 9 8 16 15 0 17 12 2 17 9 3 17 13 4 17 10 5 17 10 8 17 8 0 18 6 2 18 10 3 18 13 4 18 10 5 18 15 8 18 7 0 19 11 2 19 12 3 19 10 4 19 11 5 19 11 8 19 13
33 120 8 4 4 5 16 10 7 17 6 1 18 7 4 18 12 1 19 8 4 19 10 5 19 8 7 19 12
34 125 6 6 3 1 10 14 3 11 10 8 11 11 2 14 13 6 14 12 7 14 10
35 127 1 1 1 3 11 11
36 132 10 1 10 4 10 10 4 11 13 4 12 10 4 13 14 4 14 12 4 15 13 4 16 10 4 17 10 4 18 7 4 19 11
37 135 6 6 1 2 14 11 3 14 11 4 14 12 6 14 10 7 14 10 8 14 14
38 137 1 1 1 0 16 10
39 140 1 1 1 7 15 11
40 146 18 6 6 5 10 9 6 10 11 8 10 6 9 10 12 5 12 8 8 12 9 9 12 7 2 13 11 8 13 9 0 15 13 2 15 12 9 15 12 0 16 8 2 16 12 6 16 11 0 18 10 5 18 10 6 18 10
41 149 3 3 1 1 14 13 8 14 12 9 14 5
42 155 30 3 10 0 10 10 2 10 13 8 10 13 0 11 8 2 11 14 8 11 10 0 12 15 2 12 9 8 12 16 0 13 14 2 13 10 8 13 9 0 14 13 2 14 13 8 14 10 0 15 9 2 15 8 8 15 10 0 16 12 2 16 12 8 16 8 0 17 10 2 17 10 8 17 10 0 18 7 2 18 11 8 18 10 0 19 9 2 19 9 8 19 15
43 156 3 3 2 1 11 11 0 13 8 3 13 12
44 159 6 6 3 7 10 9 9 10 12 1 12 13 4 12 10 0 18 13 3 18 10
45 160 20 2 10 1 10 14 7 10 8 1 11 8 7 11 12 1 12 11 7 12 8 1 13 9 7 13 8 1 14 10 7 14 11 1 15 10 7 15 14 1 16 12 7 16 14 1 17 12 7 17 12 1 18 8 7 18 10 1 19 9 7 19 14
46 161 6 6 2 5 14 8 7 14 11 9 14 7 0 18 11 2 18 11 4 18 14
47 163 6 6 2 2 12 11 3 12 9 4 12 9 8 12 12 0 17 11 9 17 11
48 166 3 3 2 2 11 13 5 17 10 6 17 12
49 167 20 2 10 2 10 8 4 10 10 2 11 9 4 11 10 2 12 10 4 12 9 2 13 12 4 13 13 2 14 10 4 14 8 2 15 12 4 15 11 2 16 9 4 16 8 2 17 10 4 17 11 2 18 10 4 18 6 2 19 8 4 19 10
