20 50
0 0 3 3 1 2 16 14 4 16 9 7 16 16
1 2 60 6 10 0 10 11 1 10 10 2 10 7 5 10 14 6 10 14 7 10 12 0 11 15 1 11 9 2 11 12 5 11 11 6 11 10 7 11 9 0 12 12 1 12 11 2 12 8 5 12 11 6 12 11 7 12 10 0 13 12 1 13 12 2 13 7 5 13 10 6 13 13 7 13 9 0 14 10 1 14 6 2 14 8 5 14 10 6 14 11 7 14 10 0 15 9 1 15 15 2 15 11 5 15 10 6 15 8 7 15 13 0 16 8 1 16 7 2 16 12 5 16 10 6 16 7 7 16 9 0 17 12 1 17 9 2 17 11 5 17 8 6 17 8 7 17 11 0 18 11 1 18 11 2 18 8 5 18 8 6 18 9 7 18 11 0 19 15 1 19 13 2 19 12 5 19 9 6 19 14 7 19 11
2 4 60 6 10 0 10 11 3 10 10 4 10 11 6 10 10 7 10 12 9 10 11 0 11 9 3 11 9 4 11 7 6 11 10 7 11 11 9 11 7 0 12 9 3 12 9 4 12 10 6 12 6 7 12 11 9 12 12 0 13 10 3 13 15 4 13 11 6 13 11 7 13 9 9 13 13 0 14 10 3 14 10 4 14 9 6 14 11 7 14 13 9 14 10 0 15 13 3 15 7 4 15 10 6 15 11 7 15 10 9 15 11 0 16 10 3 16 8 4 16 13 6 16 10 7 16 10 9 16 7 0 17 14 3 17 11 4 17 11 6 17 10 7 17 11 9 17 11 0 18 12 3 18 10 4 18 7 6 18 7 7 18 11 9 18 10 0 19 10 3 19 12 4 19 11 6 19 12 7 19 10 9 19 5
3 8 3 3 2 4 10 11 9 10 10 5 17 10
4 10 6 3 3 2 12 11 4 12 12 5 14 11 2 17 13 4 17 12 5 17 11
5 11 12 6 3 1 16 10 4 16 12 9 16 9 6 18 9 7 18 13 8 18 9 9 18 9 1 19 9 4 19 8 6 19 7 7 19 10 8 19 11
6 13 24 6 7 3 11 9 4 11 12 5 11 9 5 12 10 7 12 13 8 12 11 9 12 11 3 14 11 7 14 11 4 16 8 3 17 11 4 17 12 7 17 12 8 17 10 9 17 11 5 18 9 8 18 11 9 18 10 3 19 12 4 19 6 5 19 10 7 19 9 8 19 10 9 19 12
7 14 2 2 2 2 15 10 8 17 10
8 17 4 4 2 0 11 11 2 11 12 6 11 14 1 17 13
9 20 60 6 10 0 10 9 3 10 13 4 10 10 5 10 9 6 10 14 7 10 9 0 11 9 3 11 8 4 11 11 5 11 11 6 11 13 7 11 12 0 12 13 3 12 8 4 12 10 5 12 10 6 12 11 7 12 8 0 13 12 3 13 9 4 13 8 5 13 10 6 13 14 7 13 7 0 14 7 3 14 11 4 14 14 5 14 8 6 14 11 7 14 11 0 15 9 3 15 9 4 15 10 5 15 7 6 15 12 7 15 12 0 16 10 3 16 10 4 16 9 5 16 14 6 16 13 7 16 11 0 17 11 3 17 15 4 17 11 5 17 10 6 17 12 7 17 11 0 18 9 3 18 11 4 18 10 5 18 12 6 18 10 7 18 8 0 19 10 3 19 14 4 19 8 5 19 8 6 19 12 7 19 9
10 24 6 6 1 1 19 10 2 19 8 3 19 9 5 19 10 6 19 10 9 19 11
11 27 1 1 1 3 14 12
12 28 20 2 10 1 10 8 8 10 7 1 11 13 8 11 10 1 12 11 8 12 12 1 13 13 8 13 11 1 14 8 8 14 12 1 15 11 8 15 9 1 16 10 8 16 10 1 17 11 8 17 7 1 18 6 8 18 11 1 19 11 8 19 11
13 42 12 3 6 1 10 9 4 10 10 4 12 13 7 12 12 1 13 9 7 13 9 4 15 11 1 16 10 7 16 9 1 17 13 4 17 10 7 17 9
14 43 1 1 1 6 11 8
15 45 1 1 1 5 14 8
16 46 3 3 1 4 12 11 6 12 10 8 12 8
17 47 2 2 2 6 12 14 1 14 10
18 52 1 1 1 6 14 9
19 57 1 1 1 8 16 9
20 59 3 3 2 7 12 11 8 12 8 4 13 10
21 67 12 6 3 0 13 9 1 13 9 5 13 13 6 13 15 7 13 9 9 13 11 0 15 11 6 15 7 9 15 10 1 19 13 5 19 13 7 19 10
22 68 3 3 1 2 13 9 3 13 14 6 13 8
23 71 3 1 3 7 10 10 7 16 7 7 17 14
24 80 2 2 1 1 13 9 5 13 11
25 86 40 4 10 4 10 11 5 10 10 7 10 11 9 10 8 4 11 10 5 11 14 7 11 12 9 11 8 4 12 9 5 12 11 7 12 13 9 12 8 4 13 12 5 13 14 7 13 13 9 13 9 4 14 10 5 14 12 7 14 11 9 14 12 4 15 12 5 15 7 7 15 11 9 15 6 4 16 14 5 16 9 7 16 11 9 16 12 4 17 10 5 17 10 7 17 14 9 17 11 4 18 6 5 18 11 7 18 9 9 18 11 4 19 13 5 19 13 7 19 10 9 19 11
26 89 6 3 3 1 13 10 7 13 11 1 15 9 7 15 9 8 15 13 8 17 11
27 90 6 3 3 2 12 9 3 12 16 3 14 15 7 14 10 2 15 8 7 15 12
28 91 6 6 2 2 13 14 3 13 9 4 13 13 5 13 11 6 13 12 0 17 11
29 95 60 6 10 0 10 9 2 10 12 4 10 12 5 10 11 7 10 12 9 10 10 0 11 11 2 11 12 4 11 9 5 11 15 7 11 12 9 11 13 0 12 10 2 12 11 4 12 9 5 12 9 7 12 12 9 12 8 0 13 10 2 13 10 4 13 11 5 13 9 7 13 6 9 13 9 0 14 11 2 14 11 4 14 8 5 14 10 7 14 11 9 14 12 0 15 13 2 15 12 4 15 10 5 15 11 7 15 9 9 15 10 0 16 11 2 16 15 4 16 8 5 16 9 7 16 14 9 16 7 0 17 10 2 17 10 4 17 11 5 17 11 7 17 11 9 17 7 0 18 8 2 18 9 4 18 13 5 18 9 7 18 9 9 18 7 0 19 9 2 19 11 4 19 9 5 19 9 7 19 9 9 19 9
30 101 6 6 2 3 11 9 7 11 9 8 11 12 9 11 13 0 19 8 4 19 11
31 107 18 6 5 2 14 12 4 14 12 6 14 8 8 14 9 9 14 11 5 15 9 6 15 10 9 15 10 2 17 7 5 17 10 2 18 10 4 18 9 5 18 10 8 18 8 9 18 9 4 19 9 6 19 12 8 19 6
32 114 18 6 6 4 11 12 6 11 11 9 11 12 0 12 12 5 12 11 6 12 8 9 12 9 4 14 9 7 14 11 0 16 11 5 16 11 6 16 9 7 16 10 5 17 11 7 17 12 9 17 9 0 19 12 4 19 9
33 120 10 1 10 8 10 10 8 11 12 8 12 13 8 13 8 8 14 9 8 15 9 8 16 8 8 17 12 8 18 10 8 19 10
34 125 18 6 5 0 10 6 4 10 13 7 10 11 1 15 9 2 15 11 0 17 11 2 17 10 4 17 12 9 17 10 1 18 6 7 18 7 9 18 14 0 19 13 1 19 10 2 19 13 4 19 10 7 19 11 9 19 10
35 127 12 4 5 2 10 10 8 10 10 8 11 10 2 12 9 4 12 12 6 12 12 8 12 10 2 14 11 4 14 11 6 14 10 4 16 11 6 16 9
36 132 24 6 7 2 10 6 8 10 10 0 11 11 4 11 13 5 11 10 8 11 10 9 11 8 0 12 10 2 12 10 4 12 9 8 12 10 9 12 11 4 13 12 5 13 11 8 13 12 0 14 11 2 14 10 9 14 8 0 16 11 4 16 12 5 16 12 9 16 8 2 18 9 5 18 9
37 135 3 3 1 1 18 9 4 18 11 5 18 13
38 137 30 3 10 3 10 9 4 10 13 5 10 10 3 11 11 4 11 10 5 11 10 3 12 8 4 12 7 5 12 8 3 13 8 4 13 11 5 13 11 3 14 11 4 14 11 5 14 11 3 15 12 4 15 10 5 15 11 3 16 12 4 16 10 5 16 12 3 17 7 4 17 9 5 17 12 3 18 7 4 18 15 5 18 9 3 19 9 4 19 10 5 19 10
39 140 1 1 1 5 10 11
40 146 3 3 2 5 13 7 1 14 11 4 14 8
41 149 6 6 1 0 11 12 1 11 10 3 11 13 4 11 13 8 11 8 9 11 13
42 155 2 2 1 1 17 10 4 17 11
43 156 5 5 2 1 12 14 9 12 12 6 13 8 7 13 14 8 13 10
44 159 20 2 10 3 10 14 4 10 10 3 11 11 4 11 10 3 12 11 4 12 14 3 13 9 4 13 12 3 14 13 4 14 10 3 15 10 4 15 11 3 16 9 4 16 13 3 17 13 4 17 9 3 18 11 4 18 9 3 19 10 4 19 13
45 160 18 6 6 1 11 12 7 11 11 9 11 10 0 13 8 1 13 13 3 13 13 5 13 12 5 16 7 5 17 10 7 17 9 9 17 10 0 18 9 3 18 15 0 19 12 1 19 7 3 19 13 7 19 14 9 19 14
46 161 18 6 5 4 11 10 7 11 17 8 11 10 9 11 14 0 12 7 1 12 12 8 12 12 0 17 12 1 17 14 0 18 10 4 18 13 7 18 10 9 18 13 1 19 11 4 19 11 7 19 10 8 19 11 9 19 9
47 163 1 1 1 3 17 10
48 166 6 6 2 9 10 10 0 15 10 1 15 8 4 15 13 6 15 10 8 15 10
49 167 1 1 1 7 17 10
