20 50
0 0 24 6 7 3 12 8 4 12 9 5 12 15 7 12 13 0 13 10 3 13 12 4 13 13 9 13 11 3 14 9 5 14 6 9 14 9 0 15 12 3 15 6 7 15 11 9 15 12 4 16 12 7 16 10 0 18 9 4 18 12 5 18 10 7 18 10 9 18 9 0 19 12 5 19 8
1 2 2 2 1 1 11 9 7 11 9
2 4 3 3 1 1 13 15 6 13 7 7 13 12
3 8 10 1 10 0 10 14 0 11 9 0 12 11 0 13 8 0 14 12 0 15 9 0 16 11 0 17 8 0 18 10 0 19 10
4 10 6 6 1 0 11 11 1 11 14 4 11 10 5 11 13 7 11 8 8 11 9
5 11 12 6 4 3 13 10 6 13 10 9 13 10 0 14 10 4 14 12 6 14 13 0 15 10 3 15 13 8 15 8 4 19 11 8 19 13 9 19 8
6 13 6 6 2 2 12 10 3 12 13 0 13 10 1 13 10 4 13 10 7 13 11
7 14 12 6 4 0 10 12 2 10 14 6 10 12 1 12 11 2 12 9 4 12 6 6 12 13 7 12 11 0 16 11 1 16 12 7 16 13 4 17 8
8 17 2 2 1 6 14 14 8 14 8
9 20 8 2 6 5 10 12 5 12 12 5 13 12 6 13 14 6 17 14 5 18 13 6 18 9 6 19 14
10 24 6 6 1 0 11 8 3 11 5 4 11 11 7 11 7 8 11 12 9 11 6
11 27 1 1 1 1 18 13
12 28 12 6 4 4 11 11 9 11 12 1 13 6 5 13 12 6 13 13 7 13 11 9 13 11 6 16 12 1 18 16 4 18 7 5 18 11 7 18 11
13 42 5 5 1 0 15 15 3 15 10 4 15 14 5 15 10 9 15 7
14 43 12 6 4 0 13 7 2 13 14 3 13 9 4 13 15 0 16 9 2 16 10 3 16 9 6 16 10 4 17 13 5 17 10 5 19 10 6 19 9
15 45 2 2 1 4 17 6 5 17 7
16 46 1 1 1 7 10 8
17 47 12 6 4 3 13 13 5 13 10 9 13 9 0 14 14 4 14 12 9 14 8 1 15 9 4 15 10 5 15 11 0 18 11 1 18 11 3 18 12
18 52 18 6 5 0 11 11 2 11 9 3 11 11 6 11 11 8 11 9 3 12 9 5 12 11 6 12 10 8 12 11 2 16 13 3 16 11 6 16 6 8 16 11 0 17 13 2 17 12 5 17 7 0 18 13 5 18 12
19 57 1 1 1 2 17 10
20 59 6 3 3 1 10 15 8 10 10 9 10 14 9 15 13 1 16 9 8 16 12
21 67 24 6 7 0 10 12 1 10 13 2 10 11 3 10 12 4 10 11 8 10 12 8 11 9 0 12 11 1 12 10 2 12 12 3 12 8 4 12 9 8 12 10 0 13 12 3 13 10 1 14 11 2 14 12 3 14 13 1 15 11 4 15 11 8 15 7 0 16 7 2 16 9 4 16 12
22 68 4 2 3 0 10 12 0 16 13 9 16 10 9 17 9
23 71 2 2 2 3 11 13 8 17 9
24 80 18 6 5 5 11 12 6 11 8 4 14 12 5 14 11 7 14 13 8 14 12 2 16 14 4 16 14 7 16 14 8 16 13 2 17 9 5 17 11 6 17 7 7 17 10 2 18 13 4 18 7 6 18 8 8 18 13
25 86 6 6 2 0 10 8 3 10 10 9 10 8 4 19 12 7 19 9 8 19 13
26 89 48 6 10 0 10 13 1 10 11 4 10 11 6 10 9 9 10 9 0 11 10 1 11 10 3 11 12 4 11 10 6 11 12 9 11 14 0 12 11 1 12 12 3 12 9 4 12 8 6 12 12 9 12 10 3 13 10 6 13 10 9 13 10 0 14 9 1 14 9 3 14 10 4 14 10 9 14 13 0 15 8 1 15 10 3 15 11 6 15 11 0 16 11 1 16 12 3 16 10 4 16 7 6 16 12 9 16 10 3 17 10 4 17 12 6 17 12 0 18 8 1 18 9 3 18 12 4 18 11 6 18 11 9 18 9 0 19 10 1 19 10 4 19 11 9 19 11
27 90 4 4 2 1 12 12 5 12 12 6 12 11 7 15 12
28 91 6 6 1 0 13 11 2 13 9 3 13 10 4 13 9 7 13 9 8 13 12
29 95 6 6 2 3 11 11 5 11 11 8 11 17 9 11 9 1 12 11 6 12 12
30 101 6 6 1 0 11 9 1 11 10 2 11 10 4 11 10 8 11 13 9 11 11
31 107 2 2 1 2 16 11 7 16 12
32 114 24 6 7 2 11 9 3 11 13 6 11 12 8 11 9 9 11 10 0 12 9 2 12 10 3 12 12 6 12 9 2 13 9 3 13 14 9 13 11 0 14 11 6 14 8 8 14 9 9 14 7 0 15 10 8 15 11 9 15 15 2 18 13 3 18 7 6 18 9 0 19 9 8 19 10
33 120 10 1 10 6 10 11 6 11 14 6 12 12 6 13 10 6 14 12 6 15 9 6 16 11 6 17 9 6 18 10 6 19 8
34 125 12 6 4 4 11 9 6 11 13 7 11 9 8 11 13 9 11 17 0 12 8 6 12 12 0 13 10 4 13 9 9 13 14 7 15 14 8 15 9
35 127 2 2 1 4 10 13 8 10 10
36 132 1 1 1 3 14 12
37 135 3 3 1 4 15 11 5 15 14 8 15 10
38 137 8 4 3 1 11 8 4 11 10 7 11 10 7 13 13 8 13 8 1 14 11 4 14 13 8 14 13
39 140 60 6 10 0 10 9 2 10 12 3 10 11 5 10 11 6 10 9 9 10 11 0 11 11 2 11 9 3 11 11 5 11 12 6 11 9 9 11 8 0 12 13 2 12 10 3 12 13 5 12 12 6 12 7 9 12 14 0 13 10 2 13 11 3 13 9 5 13 12 6 13 13 9 13 12 0 14 13 2 14 11 3 14 13 5 14 14 6 14 10 9 14 12 0 15 10 2 15 9 3 15 12 5 15 14 6 15 9 9 15 11 0 16 12 2 16 10 3 16 12 5 16 12 6 16 10 9 16 10 0 17 13 2 17 8 3 17 14 5 17 8 6 17 13 9 17 9 0 18 8 2 18 12 3 18 7 5 18 14 6 18 9 9 18 10 0 19 10 2 19 11 3 19 11 5 19 13 6 19 8 9 19 8
40 146 3 3 1 4 16 9 7 16 8 9 16 12
41 149 4 4 1 0 17 12 1 17 13 5 17 12 9 17 12
42 155 8 4 3 1 10 10 3 10 11 6 10 12 3 14 10 9 14 10 1 18 11 6 18 11 9 18 11
43 156 2 2 1 0 13 10 4 13 8
44 159 2 2 1 3 18 10 5 18 11
45 160 2 2 1 1 12 8 6 12 12
46 161 1 1 1 0 17 11
47 163 2 2 1 4 16 10 5 16 13
48 166 60 6 10 0 10 8 1 10 12 2 10 11 3 10 10 7 10 11 8 10 10 0 11 12 1 11 7 2 11 11 3 11 5 7 11 10 8 11 11 0 12 8 1 12 15 2 12 11 3 12 10 7 12 11 8 12 9 0 13 9 1 13 9 2 13 11 3 13 14 7 13 10 8 13 11 0 14 10 1 14 11 2 14 11 3 14 10 7 14 9 8 14 14 0 15 10 1 15 12 2 15 12 3 15 9 7 15 11 8 15 11 0 16 11 1 16 11 2 16 9 3 16 11 7 16 12 8 16 12 0 17 12 1 17 10 2 17 10 3 17 9 7 17 9 8 17 10 0 18 9 1 18 9 2 18 8 3 18 10 7 18 8 8 18 12 0 19 11 1 19 14 2 19 10 3 19 9 7 19 11 8 19 11
49 167 20 2 10 0 10 8 3 10 12 0 11 9 3 11 10 0 12 10 3 12 9 0 13 9 3 13 9 0 14 12 3 14 12 0 15 9 3 15 15 0 16 12 3 16 10 0 17 10 3 17 11 0 18 8 3 18 12 0 19 12 3 19 7
