20 50
0 0 1 1 1 1 10 11
1 2 12 6 3 0 11 12 1 11 12 2 11 12 5 11 9 7 11 8 8 11 9 5 14 10 0 17 8 1 17 7 2 17 11 7 17 11 8 17 9
2 4 3 3 2 0 14 10 6 17 10 8 17 8
3 8 1 1 1 8 16 8
4 10 6 6 2 7 11 8 8 11 14 0 16 9 2 16 11 6 16 11 9 16 6
5 11 42 6 10 0 10 8 5 10 10 7 10 12 0 11 12 1 11 10 3 11 12 1 12 10 3 12 9 5 12 11 7 12 10 9 12 10 0 13 12 5 13 5 7 13 10 9 13 14 0 14 11 1 14 11 3 14 11 5 14 10 7 14 10 9 14 13 1 15 9 3 15 9 5 15 12 9 15 11 1 16 7 3 16 10 5 16 10 7 16 12 0 17 10 1 17 16 3 17 10 7 17 10 9 17 10 0 18 11 3 18 10 5 18 6 7 18 13 9 18 11 0 19 10 1 19 11 9 19 6
6 13 6 6 2 3 14 12 5 14 10 7 14 9 8 14 8 9 14 15 6 17 9
7 14 24 6 7 0 10 15 4 10 10 5 10 11 7 10 14 7 11 10 0 13 9 5 13 13 6 13 9 8 13 9 4 14 6 5 14 11 6 14 11 7 14 12 8 14 11 0 15 9 4 15 11 6 15 12 6 16 9 8 16 12 0 18 10 4 18 12 5 18 9 7 18 15 8 18 12
8 17 6 6 1 1 19 12 3 19 9 4 19 12 6 19 9 7 19 13 9 19 11
9 20 4 4 1 0 10 10 3 10 13 4 10 7 5 10 6
10 24 6 6 3 1 14 10 4 14 9 5 14 6 6 16 10 8 16 10 9 17 14
11 27 1 1 1 2 18 10
12 28 6 3 3 1 12 7 9 12 8 6 13 9 1 16 10 6 16 10 9 16 12
13 42 1 1 1 2 12 13
14 43 6 6 1 0 19 9 1 19 9 2 19 8 5 19 15 6 19 10 7 19 11
15 45 40 4 10 2 10 8 7 10 11 8 10 10 9 10 11 2 11 9 7 11 13 8 11 10 9 11 10 2 12 11 7 12 10 8 12 9 9 12 10 2 13 9 7 13 13 8 13 9 9 13 4 2 14 9 7 14 11 8 14 8 9 14 13 2 15 12 7 15 11 8 15 10 9 15 13 2 16 14 7 16 11 8 16 12 9 16 10 2 17 10 7 17 15 8 17 9 9 17 8 2 18 13 7 18 11 8 18 13 9 18 12 2 19 13 7 19 9 8 19 12 9 19 10
16 46 3 3 1 0 18 14 4 18 12 9 18 8
17 47 24 6 7 0 10 8 2 10 11 5 10 13 6 10 8 8 10 15 1 12 13 2 12 9 5 12 11 8 12 9 0 13 11 2 13 13 6 13 11 8 13 9 1 14 11 0 15 14 1 15 8 2 15 7 5 15 7 6 15 10 0 16 10 1 16 15 8 16 12 5 17 15 6 17 13
18 52 1 1 1 1 11 9
19 57 10 5 4 3 11 9 2 13 13 4 13 11 9 13 10 3 14 10 4 14 10 6 14 9 9 14 8 2 19 10 6 19 7
20 59 24 6 7 7 10 12 9 10 10 2 11 11 4 11 8 9 11 12 2 12 8 3 12 11 8 12 11 9 12 11 2 16 7 3 16 11 7 16 9 8 16 8 3 17 7 4 17 9 7 17 9 8 17 10 2 18 10 3 18 7 4 18 7 4 19 11 7 19 10 8 19 7 9 19 9
21 67 2 2 1 0 10 10 4 10 10
22 68 12 4 5 9 13 10 0 14 9 6 14 8 8 14 9 6 15 10 8 15 12 9 15 9 0 16 8 8 16 9 0 18 8 6 18 7 9 18 10
23 71 30 3 10 2 10 11 8 10 10 9 10 10 2 11 11 8 11 13 9 11 12 2 12 10 8 12 10 9 12 13 2 13 10 8 13 6 9 13 13 2 14 13 8 14 7 9 14 11 2 15 12 8 15 11 9 15 11 2 16 9 8 16 10 9 16 10 2 17 11 8 17 10 9 17 12 2 18 11 8 18 9 9 18 7 2 19 10 8 19 11 9 19 13
24 80 8 4 3 0 10 8 4 12 13 5 12 15 6 12 9 0 19 8 4 19 10 5 19 10 6 19 10
25 86 40 4 10 2 10 11 3 10 14 5 10 13 9 10 10 2 11 11 3 11 13 5 11 8 9 11 13 2 12 6 3 12 9 5 12 15 9 12 7 2 13 11 3 13 8 5 13 9 9 13 14 2 14 13 3 14 13 5 14 14 9 14 14 2 15 11 3 15 11 5 15 9 9 15 8 2 16 10 3 16 7 5 16 12 9 16 9 2 17 9 3 17 12 5 17 12 9 17 10 2 18 15 3 18 9 5 18 10 9 18 8 2 19 16 3 19 14 5 19 10 9 19 10
26 89 2 2 1 4 13 11 8 13 11
27 90 1 1 1 6 10 8
28 91 6 6 2 1 10 12 2 10 12 7 10 8 4 17 10 6 17 10 8 17 10
29 95 1 1 1 1 18 15
30 101 30 3 10 3 10 10 8 10 11 9 10 9 3 11 9 8 11 8 9 11 9 3 12 10 8 12 10 9 12 9 3 13 6 8 13 9 9 13 11 3 14 9 8 14 11 9 14 6 3 15 11 8 15 12 9 15 11 3 16 10 8 16 8 9 16 12 3 17 13 8 17 9 9 17 10 3 18 10 8 18 13 9 18 12 3 19 13 8 19 7 9 19 10
31 107 10 1 10 4 10 11 4 11 8 4 12 8 4 13 10 4 14 10 4 15 11 4 16 9 4 17 7 4 18 11 4 19 9
32 114 30 3 10 3 10 12 5 10 13 9 10 8 3 11 10 5 11 14 9 11 10 3 12 10 5 12 10 9 12 16 3 13 10 5 13 11 9 13 9 3 14 13 5 14 10 9 14 10 3 15 9 5 15 14 9 15 11 3 16 9 5 16 15 9 16 10 3 17 9 5 17 14 9 17 12 3 18 9 5 18 9 9 18 10 3 19 12 5 19 10 9 19 9
33 120 2 2 2 0 17 13 6 19 13
34 125 60 6 10 0 10 12 2 10 9 3 10 8 4 10 7 7 10 12 9 10 12 0 11 13 2 11 9 3 11 10 4 11 10 7 11 10 9 11 13 0 12 8 2 12 12 3 12 8 4 12 14 7 12 13 9 12 11 0 13 9 2 13 14 3 13 10 4 13 6 7 13 12 9 13 10 0 14 10 2 14 13 3 14 13 4 14 12 7 14 10 9 14 10 0 15 6 2 15 10 3 15 13 4 15 9 7 15 12 9 15 10 0 16 10 2 16 7 3 16 11 4 16 11 7 16 14 9 16 11 0 17 11 2 17 13 3 17 10 4 17 9 7 17 9 9 17 10 0 18 9 2 18 13 3 18 10 4 18 9 7 18 12 9 18 11 0 19 10 2 19 9 3 19 11 4 19 14 7 19 12 9 19 13
35 127 18 6 6 4 10 10 9 10 13 3 13 13 4 13 10 6 13 12 9 13 16 2 14 11 3 14 10 7 14 8 2 15 11 3 15 14 4 15 13 6 15 10 2 17 8 7 17 10 9 17 12 6 19 10 7 19 10
36 132 40 4 10 1 10 10 4 10 11 6 10 11 7 10 9 1 11 12 4 11 14 6 11 13 7 11 11 1 12 14 4 12 10 6 12 11 7 12 7 1 13 9 4 13 8 6 13 12 7 13 12 1 14 13 4 14 9 6 14 11 7 14 8 1 15 9 4 15 11 6 15 9 7 15 10 1 16 11 4 16 11 6 16 11 7 16 11 1 17 10 4 17 13 6 17 10 7 17 13 1 18 10 4 18 13 6 18 10 7 18 11 1 19 11 4 19 12 6 19 10 7 19 11
37 135 5 5 1 3 14 10 5 14 6 6 14 11 7 14 8 9 14 11
38 137 12 6 4 5 14 6 6 14 11 0 16 14 5 16 10 1 17 13 4 17 8 6 17 11 7 17 12 0 18 10 1 18 12 4 18 8 7 18 12
39 140 6 6 3 6 10 11 9 10 9 1 14 7 5 14 15 8 14 11 7 17 11
40 146 2 2 1 2 13 11 5 13 10
41 149 60 6 10 0 10 10 5 10 14 6 10 10 7 10 9 8 10 7 9 10 11 0 11 11 5 11 9 6 11 14 7 11 11 8 11 9 9 11 14 0 12 10 5 12 11 6 12 12 7 12 16 8 12 12 9 12 15 0 13 13 5 13 8 6 13 11 7 13 9 8 13 12 9 13 12 0 14 13 5 14 10 6 14 10 7 14 8 8 14 10 9 14 10 0 15 11 5 15 10 6 15 12 7 15 12 8 15 11 9 15 11 0 16 10 5 16 12 6 16 10 7 16 13 8 16 10 9 16 10 0 17 10 5 17 10 6 17 8 7 17 12 8 17 9 9 17 11 0 18 11 5 18 11 6 18 11 7 18 12 8 18 9 9 18 10 0 19 13 5 19 12 6 19 10 7 19 14 8 19 12 9 19 7
42 155 3 3 1 4 15 7 5 15 12 8 15 8
43 156 24 6 7 1 10 15 3 10 13 4 11 11 5 11 9 0 12 9 1 12 11 3 12 13 5 12 12 0 13 8 1 13 8 4 13 7 6 13 10 0 16 8 1 16 11 3 16 10 4 16 10 5 16 10 6 16 11 3 18 11 5 18 8 6 18 10 0 19 9 4 19 13 6 19 14
44 159 60 6 10 1 10 14 4 10 9 5 10 12 6 10 10 7 10 10 8 10 9 1 11 9 4 11 10 5 11 13 6 11 13 7 11 10 8 11 10 1 12 9 4 12 10 5 12 9 6 12 10 7 12 7 8 12 9 1 13 13 4 13 7 5 13 12 6 13 10 7 13 12 8 13 10 1 14 12 4 14 8 5 14 9 6 14 9 7 14 6 8 14 10 1 15 8 4 15 12 5 15 11 6 15 11 7 15 12 8 15 7 1 16 9 4 16 11 5 16 8 6 16 9 7 16 13 8 16 10 1 17 12 4 17 8 5 17 12 6 17 9 7 17 14 8 17 10 1 18 12 4 18 8 5 18 5 6 18 9 7 18 13 8 18 12 1 19 11 4 19 15 5 19 10 6 19 12 7 19 13 8 19 9
45 160 3 3 2 2 10 11 3 19 11 9 19 10
46 161 4 4 1 0 10 13 5 10 10 6 10 10 8 10 15
47 163 6 6 2 0 12 8 3 12 13 4 12 16 8 12 8 1 16 6 7 16 11
48 166 10 1 10 6 10 12 6 11 10 6 12 12 6 13 8 6 14 10 6 15 8 6 16 10 6 17 10 6 18 9 6 19 8
49 167 1 1 1 6 15 10
