20 50
0 0 2 2 1 3 10 12 9 10 11
1 2 2 2 1 0 19 8 1 19 9
2 4 6 6 3 4 10 10 2 14 9 0 17 7 1 17 14 5 17 10 8 17 11
3 8 8 4 4 5 11 10 6 11 9 7 11 11 3 13 13 3 14 14 7 14 11 5 18 10 6 18 8
4 10 60 6 10 1 10 13 2 10 8 3 10 10 5 10 12 7 10 11 8 10 9 1 11 10 2 11 10 3 11 9 5 11 8 7 11 10 8 11 8 1 12 12 2 12 11 3 12 10 5 12 10 7 12 12 8 12 7 1 13 12 2 13 11 3 13 12 5 13 11 7 13 15 8 13 8 1 14 9 2 14 7 3 14 11 5 14 11 7 14 10 8 14 12 1 15 12 2 15 10 3 15 10 5 15 9 7 15 10 8 15 11 1 16 10 2 16 12 3 16 9 5 16 11 7 16 13 8 16 10 1 17 8 2 17 12 3 17 10 5 17 9 7 17 13 8 17 11 1 18 11 2 18 10 3 18 12 5 18 10 7 18 8 8 18 10 1 19 8 2 19 10 3 19 11 5 19 12 7 19 13 8 19 8
5 11 2 2 1 2 15 10 9 15 12
6 13 18 6 6 1 10 12 2 10 14 3 10 10 9 10 13 6 12 10 8 12 15 3 13 12 1 14 11 2 14 7 6 14 10 2 17 11 8 17 10 9 17 11 1 18 8 3 18 11 6 18 8 8 18 9 9 18 15
7 14 2 2 1 5 14 4 8 14 10
8 17 1 1 1 9 19 13
9 20 24 6 6 1 10 12 2 10 10 3 10 10 6 10 9 9 10 10 1 11 8 3 11 10 6 11 9 8 11 11 9 11 7 1 12 10 3 12 8 6 12 10 9 12 9 1 16 14 2 16 12 8 16 11 2 18 10 6 18 10 8 18 7 2 19 9 3 19 13 8 19 12 9 19 8
10 24 20 2 10 3 10 9 7 10 10 3 11 10 7 11 10 3 12 10 7 12 10 3 13 9 7 13 11 3 14 13 7 14 9 3 15 10 7 15 9 3 16 9 7 16 12 3 17 13 7 17 7 3 18 9 7 18 11 3 19 13 7 19 11
11 27 10 2 7 4 10 8 9 10 12 4 12 14 9 12 13 4 13 8 4 15 14 9 17 10 4 18 10 9 18 11 9 19 11
12 28 12 6 4 1 14 10 2 14 10 4 14 10 7 14 10 8 14 12 4 15 10 1 16 11 6 16 10 8 16 11 2 19 8 6 19 9 7 19 14
13 42 30 3 10 1 10 11 4 10 12 8 10 8 1 11 11 4 11 12 8 11 12 1 12 9 4 12 12 8 12 9 1 13 13 4 13 9 8 13 11 1 14 8 4 14 6 8 14 11 1 15 11 4 15 8 8 15 6 1 16 9 4 16 11 8 16 12 1 17 8 4 17 11 8 17 12 1 18 12 4 18 9 8 18 12 1 19 13 4 19 10 8 19 11
14 43 2 2 1 4 19 13 8 19 8
15 45 60 6 10 2 10 8 4 10 11 5 10 8 7 10 9 8 10 10 9 10 10 2 11 13 4 11 12 5 11 12 7 11 12 8 11 11 9 11 11 2 12 11 4 12 11 5 12 14 7 12 11 8 12 10 9 12 10 2 13 12 4 13 11 5 13 9 7 13 8 8 13 15 9 13 10 2 14 8 4 14 8 5 14 12 7 14 11 8 14 12 9 14 14 2 15 11 4 15 12 5 15 12 7 15 6 8 15 12 9 15 10 2 16 4 4 16 13 5 16 7 7 16 14 8 16 11 9 16 9 2 17 10 4 17 12 5 17 8 7 17 9 8 17 10 9 17 14 2 18 13 4 18 8 5 18 10 7 18 11 8 18 9 9 18 9 2 19 10 4 19 11 5 19 15 7 19 9 8 19 10 9 19 11
16 46 18 6 6 3 10 8 4 10 14 7 10 10 4 11 10 5 11 10 6 11 12 7 11 10 8 13 11 3 14 12 4 14 8 6 14 9 7 14 13 8 14 10 3 16 9 5 16 11 6 16 12 5 19 10 8 19 10
17 47 18 6 5 1 10 12 3 10 9 4 10 6 5 10 13 9 10 10 1 12 8 5 12 13 6 12 9 1 14 11 3 14 8 6 14 8 3 18 11 4 18 13 5 18 10 6 18 11 9 18 8 4 19 14 9 19 8
18 52 6 6 1 0 17 12 1 17 13 2 17 8 5 17 8 8 17 11 9 17 8
19 57 4 4 1 3 10 12 6 10 8 8 10 9 9 10 9
20 59 1 1 1 8 11 9
21 67 1 1 1 8 14 12
22 68 12 3 7 1 10 10 5 10 9 2 11 10 1 13 10 2 13 11 5 13 10 1 14 12 1 15 12 5 15 9 2 16 6 2 19 10 5 19 12
23 71 10 5 4 4 11 9 6 11 11 1 17 10 8 17 7 1 18 11 6 18 9 7 18 10 8 18 12 4 19 10 7 19 13
24 80 3 3 1 0 11 10 2 11 12 8 11 10
25 86 6 3 3 0 10 9 2 15 9 3 15 13 0 19 11 2 19 12 3 19 6
26 89 48 6 10 1 10 12 2 10 10 5 10 9 8 10 13 9 10 13 1 11 11 2 11 10 4 11 11 5 11 11 8 11 11 9 11 12 1 12 9 2 12 9 4 12 10 5 12 10 9 12 8 1 13 9 2 13 8 4 13 10 5 13 13 8 13 10 9 13 8 2 14 11 4 14 13 5 14 13 1 15 10 2 15 12 4 15 12 5 15 9 8 15 12 9 15 11 1 16 8 4 16 14 5 16 8 8 16 9 9 16 10 1 17 11 5 17 12 8 17 8 9 17 12 2 18 10 4 18 8 8 18 11 9 18 15 1 19 11 2 19 12 4 19 6 8 19 9
27 90 30 3 10 0 10 9 7 10 13 8 10 10 0 11 8 7 11 11 8 11 11 0 12 12 7 12 13 8 12 6 0 13 14 7 13 11 8 13 8 0 14 13 7 14 11 8 14 7 0 15 9 7 15 12 8 15 11 0 16 9 7 16 9 8 16 12 0 17 9 7 17 12 8 17 13 0 18 13 7 18 11 8 18 12 0 19 10 7 19 11 8 19 13
28 91 6 6 2 5 11 8 2 18 11 3 18 12 4 18 11 6 18 12 9 18 11
29 95 1 1 1 2 15 10
30 101 6 6 1 0 19 12 2 19 9 3 19 10 4 19 10 5 19 12 7 19 9
31 107 50 5 10 0 10 10 3 10 10 4 10 15 5 10 11 7 10 11 0 11 8 3 11 16 4 11 12 5 11 12 7 11 14 0 12 8 3 12 9 4 12 8 5 12 11 7 12 9 0 13 14 3 13 8 4 13 10 5 13 10 7 13 10 0 14 9 3 14 10 4 14 13 5 14 13 7 14 13 0 15 5 3 15 14 4 15 8 5 15 9 7 15 12 0 16 8 3 16 10 4 16 13 5 16 11 7 16 11 0 17 11 3 17 10 4 17 9 5 17 11 7 17 13 0 18 12 3 18 6 4 18 10 5 18 10 7 18 10 0 19 10 3 19 8 4 19 12 5 19 10 7 19 12
32 114 3 3 1 0 13 9 2 13 12 9 13 9
33 120 3 3 1 3 19 13 7 19 9 8 19 12
34 125 2 2 1 1 10 11 8 10 6
35 127 3 3 1 4 14 7 6 14 13 9 14 12
36 132 24 6 8 1 10 11 4 11 11 3 12 6 4 12 9 7 12 6 9 12 10 1 13 11 2 13 9 7 13 13 9 13 11 2 14 8 3 14 13 9 14 12 2 15 9 3 15 10 4 15 12 7 15 11 1 16 12 2 16 9 3 16 13 4 16 8 7 16 12 9 16 14 1 17 11
37 135 24 6 7 0 10 12 2 10 10 3 10 10 8 10 7 9 10 13 2 12 10 3 12 10 8 12 13 9 12 9 0 13 10 4 13 13 0 14 8 2 14 9 3 14 14 4 14 11 8 14 7 4 15 12 9 15 8 0 18 12 9 18 9 2 19 13 3 19 14 4 19 11 8 19 12
38 137 6 3 2 2 10 11 6 10 11 9 10 9 2 17 10 6 17 11 9 17 13
39 140 60 6 10 1 10 11 2 10 8 3 10 12 5 10 12 8 10 10 9 10 15 1 11 8 2 11 7 3 11 11 5 11 10 8 11 12 9 11 9 1 12 11 2 12 10 3 12 11 5 12 10 8 12 13 9 12 10 1 13 8 2 13 11 3 13 11 5 13 12 8 13 13 9 13 12 1 14 9 2 14 7 3 14 13 5 14 15 8 14 10 9 14 7 1 15 6 2 15 11 3 15 15 5 15 13 8 15 9 9 15 8 1 16 9 2 16 8 3 16 12 5 16 10 8 16 11 9 16 11 1 17 16 2 17 12 3 17 10 5 17 10 8 17 10 9 17 9 1 18 10 2 18 10 3 18 13 5 18 11 8 18 10 9 18 12 1 19 8 2 19 11 3 19 13 5 19 12 8 19 13 9 19 10
40 146 5 5 1 1 16 10 3 16 10 4 16 6 6 16 10 9 16 12
41 149 24 6 6 0 11 11 1 11 9 2 11 11 8 11 9 1 12 8 6 12 10 7 12 7 0 13 14 1 13 12 2 13 11 7 13 10 8 13 11 1 14 10 2 14 11 6 14 10 7 14 11 0 15 12 6 15 2 7 15 12 8 15 8 0 18 14 2 18 7 6 18 12 8 18 11
42 155 3 3 1 2 19 6 3 19 12 9 19 11
43 156 6 6 2 2 15 11 3 15 9 4 15 12 5 15 12 0 18 11 1 18 11
44 159 3 3 1 1 17 12 2 17 12 6 17 13
45 160 6 3 2 0 17 9 2 17 13 5 17 12 0 18 10 2 18 11 5 18 16
46 161 16 4 7 0 10 12 4 10 12 5 10 11 0 11 12 1 11 11 1 12 7 4 12 12 5 12 10 1 14 11 4 14 11 0 16 12 0 17 10 5 17 13 1 19 12 4 19 13 5 19 7
47 163 60 6 10 1 10 10 3 10 14 4 10 9 5 10 8 8 10 12 9 10 8 1 11 12 3 11 13 4 11 7 5 11 14 8 11 10 9 11 8 1 12 11 3 12 9 4 12 11 5 12 14 8 12 12 9 12 9 1 13 15 3 13 8 4 13 8 5 13 11 8 13 11 9 13 9 1 14 10 3 14 11 4 14 11 5 14 10 8 14 6 9 14 7 1 15 8 3 15 11 4 15 11 5 15 13 8 15 12 9 15 11 1 16 9 3 16 10 4 16 10 5 16 7 8 16 11 9 16 14 1 17 12 3 17 10 4 17 10 5 17 9 8 17 10 9 17 12 1 18 11 3 18 9 4 18 10 5 18 9 8 18 13 9 18 9 1 19 9 3 19 7 4 19 11 5 19 8 8 19 11 9 19 10
48 166 60 6 10 0 10 10 2 10 9 3 10 10 4 10 9 8 10 11 9 10 14 0 11 10 2 11 11 3 11 9 4 11 15 8 11 9 9 11 8 0 12 8 2 12 11 3 12 11 4 12 12 8 12 10 9 12 9 0 13 14 2 13 13 3 13 11 4 13 8 8 13 12 9 13 8 0 14 13 2 14 8 3 14 10 4 14 10 8 14 10 9 14 7 0 15 11 2 15 10 3 15 10 4 15 9 8 15 16 9 15 14 0 16 10 2 16 9 3 16 8 4 16 9 8 16 8 9 16 9 0 17 11 2 17 12 3 17 9 4 17 12 8 17 10 9 17 7 0 18 12 2 18 9 3 18 9 4 18 11 8 18 12 9 18 12 0 19 11 2 19 10 3 19 8 4 19 7 8 19 8 9 19 11
49 167 1 1 1 1 19 12
