20 100
0 0 18 6 6 0 10 8 3 10 10 7 10 11 8 10 11 8 11 9 9 11 11 3 12 9 6 12 10 7 12 10 0 13 6 6 13 14 7 13 11 0 15 12 8 15 9 9 15 10 3 19 9 6 19 15 9 19 9
1 2 3 3 2 1 11 11 2 11 11 4 16 13
2 4 6 6 1 0 14 11 1 14 10 2 14 8 5 14 8 6 14 8 8 14 11
3 8 3 3 2 2 14 10 9 14 9 0 18 9
4 10 6 6 1 2 16 9 3 16 6 4 16 12 5 16 9 6 16 9 7 16 12
5 11 10 1 10 8 10 10 8 11 12 8 12 13 8 13 10 8 14 14 8 15 12 8 16 6 8 17 11 8 18 11 8 19 12
6 13 18 6 6 0 10 8 1 10 11 2 10 11 0 12 12 7 12 14 2 13 13 3 13 8 6 13 9 0 15 10 1 15 8 6 15 9 7 15 10 3 16 14 6 16 9 1 17 14 2 17 11 3 17 11 7 17 13
7 14 1 1 1 5 16 6
8 17 3 3 2 1 17 15 9 17 11 2 18 10
9 20 3 3 2 0 18 13 6 19 8 8 19 9
10 24 1 1 1 3 15 11
11 27 6 6 2 4 11 16 7 11 10 9 11 11 1 13 7 5 13 8 8 13 12
12 28 3 3 1 3 15 15 5 15 8 8 15 12
13 42 1 1 1 9 12 11
14 43 6 6 1 2 18 15 3 18 9 4 18 7 6 18 11 7 18 12 8 18 9
15 45 2 2 1 1 19 10 9 19 13
16 46 1 1 1 6 14 10
17 47 3 3 2 8 12 11 2 16 11 9 16 10
18 52 1 1 1 7 19 9
19 57 36 6 10 0 10 12 5 10 11 8 10 9 0 11 10 2 11 9 4 11 8 5 11 11 8 11 5 0 12 9 4 12 14 7 12 10 2 13 13 4 13 10 5 13 4 8 13 14 0 14 8 4 14 10 7 14 11 8 14 7 0 15 13 2 15 9 5 15 14 7 15 11 2 16 10 7 16 8 8 16 10 4 17 12 5 17 11 8 17 12 0 18 15 2 18 10 7 18 9 2 19 13 4 19 12 5 19 11 7 19 7
20 59 2 2 1 4 17 12 6 17 13
21 67 8 4 4 2 10 9 4 10 9 2 11 7 3 11 10 0 14 7 4 14 9 0 18 13 3 18 10
22 68 6 6 1 1 15 8 2 15 17 4 15 13 6 15 10 8 15 13 9 15 12
23 71 6 6 1 2 17 11 3 17 13 4 17 10 6 17 11 7 17 12 8 17 8
24 80 1 1 1 5 19 9
25 86 1 1 1 3 12 9
26 89 24 6 7 2 10 9 4 10 8 9 10 7 3 11 6 7 11 11 8 11 14 2 12 12 3 12 12 7 12 10 8 12 10 9 12 11 3 13 12 4 13 8 7 13 10 8 13 14 9 13 10 2 15 12 3 15 11 4 16 10 7 16 9 9 16 10 2 18 9 4 18 9 8 18 10
27 90 18 6 5 1 10 11 6 10 11 7 10 9 1 13 12 2 13 10 6 13 12 0 15 11 2 15 11 7 15 11 9 15 13 0 18 11 7 18 11 9 18 12 0 19 11 1 19 11 2 19 10 6 19 13 9 19 10
28 91 30 3 10 2 10 12 4 10 12 5 10 11 2 11 13 4 11 13 5 11 14 2 12 14 4 12 11 5 12 11 2 13 8 4 13 12 5 13 13 2 14 16 4 14 11 5 14 10 2 15 8 4 15 9 5 15 10 2 16 6 4 16 12 5 16 7 2 17 10 4 17 12 5 17 11 2 18 11 4 18 11 5 18 14 2 19 9 4 19 11 5 19 13
29 95 18 6 5 1 13 8 4 13 14 8 13 9 9 13 12 3 14 7 9 14 10 3 16 12 7 16 11 8 16 8 1 18 8 4 18 6 7 18 10 8 18 11 9 18 9 1 19 8 3 19 11 4 19 7 7 19 10
30 101 1 1 1 5 16 7
31 107 30 3 10 4 10 12 5 10 8 8 10 10 4 11 7 5 11 10 8 11 10 4 12 10 5 12 14 8 12 9 4 13 13 5 13 11 8 13 12 4 14 14 5 14 6 8 14 11 4 15 9 5 15 13 8 15 10 4 16 12 5 16 9 8 16 10 4 17 9 5 17 12 8 17 8 4 18 15 5 18 9 8 18 11 4 19 11 5 19 10 8 19 13
32 114 60 6 10 1 10 11 2 10 12 3 10 11 5 10 9 8 10 13 9 10 8 1 11 14 2 11 10 3 11 9 5 11 10 8 11 9 9 11 10 1 12 9 2 12 10 3 12 8 5 12 9 8 12 13 9 12 12 1 13 12 2 13 9 3 13 11 5 13 9 8 13 11 9 13 11 1 14 13 2 14 8 3 14 14 5 14 10 8 14 11 9 14 8 1 15 9 2 15 13 3 15 11 5 15 11 8 15 10 9 15 12 1 16 8 2 16 9 3 16 9 5 16 11 8 16 11 9 16 9 1 17 11 2 17 7 3 17 9 5 17 13 8 17 14 9 17 10 1 18 9 2 18 7 3 18 12 5 18 12 8 18 10 9 18 9 1 19 13 2 19 17 3 19 10 5 19 9 8 19 12 9 19 11
33 120 12 6 4 3 11 10 5 11 11 0 13 8 3 13 11 4 13 10 6 13 10 4 14 13 6 14 9 7 14 14 0 16 7 5 16 12 7 16 9
34 125 6 6 3 0 12 5 1 12 11 2 12 14 4 18 7 5 19 10 9 19 11
35 127 40 4 10 0 10 11 1 10 11 3 10 10 5 10 10 0 11 15 1 11 13 3 11 14 5 11 11 0 12 7 1 12 10 3 12 11 5 12 10 0 13 11 1 13 10 3 13 10 5 13 11 0 14 9 1 14 12 3 14 9 5 14 14 0 15 14 1 15 9 3 15 9 5 15 7 0 16 12 1 16 10 3 16 11 5 16 13 0 17 13 1 17 12 3 17 9 5 17 9 0 18 7 1 18 9 3 18 13 5 18 16 0 19 12 1 19 9 3 19 13 5 19 12
36 132 3 3 1 0 13 9 1 13 9 3 13 9
37 135 10 1 10 1 10 15 1 11 15 1 12 13 1 13 11 1 14 13 1 15 12 1 16 10 1 17 11 1 18 12 1 19 14
38 137 18 6 5 6 10 10 9 10 16 2 12 13 4 12 12 6 12 12 8 12 12 9 12 6 0 15 11 4 15 10 8 15 12 0 17 12 2 17 12 9 17 10 0 19 12 2 19 9 4 19 9 6 19 10 8 19 10
39 140 2 2 1 1 11 11 6 11 7
40 146 6 6 1 1 17 9 2 17 13 4 17 11 6 17 13 7 17 13 8 17 12
41 149 6 6 2 0 11 7 2 11 13 3 11 13 9 11 11 1 14 12 8 14 11
42 155 60 6 10 0 10 11 1 10 10 2 10 13 3 10 10 6 10 13 7 10 13 0 11 10 1 11 10 2 11 14 3 11 11 6 11 9 7 11 8 0 12 9 1 12 8 2 12 10 3 12 12 6 12 11 7 12 13 0 13 8 1 13 12 2 13 11 3 13 11 6 13 12 7 13 9 0 14 10 1 14 9 2 14 10 3 14 8 6 14 10 7 14 11 0 15 9 1 15 10 2 15 11 3 15 6 6 15 13 7 15 10 0 16 13 1 16 12 2 16 10 3 16 13 6 16 12 7 16 10 0 17 6 1 17 10 2 17 12 3 17 13 6 17 8 7 17 13 0 18 9 1 18 12 2 18 10 3 18 10 6 18 6 7 18 6 0 19 10 1 19 13 2 19 15 3 19 12 6 19 11 7 19 9
43 156 1 1 1 8 13 11
44 159 18 6 5 0 10 13 7 10 8 8 10 13 9 10 11 0 13 14 1 13 12 3 13 12 8 13 11 9 13 9 1 16 6 3 16 9 7 16 8 1 17 10 3 17 9 0 18 13 7 18 11 8 18 13 9 18 12
45 160 6 6 1 1 18 8 2 18 12 3 18 9 4 18 10 6 18 10 9 18 10
46 161 12 6 3 1 12 14 4 12 10 7 12 11 3 15 10 5 15 13 7 15 10 8 15 11 1 17 13 3 17 10 4 17 9 5 17 9 8 17 11
47 163 6 6 2 0 18 10 1 18 9 2 18 13 4 19 13 6 19 12 9 19 9
48 166 12 6 5 0 10 11 3 10 12 3 12 9 5 12 11 8 12 11 2 13 13 7 13 10 0 16 6 2 16 8 7 16 14 8 16 8 5 18 9
49 167 20 2 10 1 10 13 4 10 10 1 11 10 4 11 10 1 12 12 4 12 13 1 13 10 4 13 10 1 14 13 4 14 11 1 15 8 4 15 10 1 16 6 4 16 14 1 17 11 4 17 12 1 18 10 4 18 10 1 19 11 4 19 8
50 169 3 3 1 4 11 9 8 11 11 9 11 13
51 170 60 6 10 0 10 10 1 10 11 3 10 11 4 10 11 7 10 8 9 10 11 0 11 11 1 11 11 3 11 12 4 11 10 7 11 10 9 11 9 0 12 8 1 12 5 3 12 10 4 12 12 7 12 10 9 12 9 0 13 11 1 13 11 3 13 10 4 13 10 7 13 9 9 13 12 0 14 10 1 14 7 3 14 9 4 14 11 7 14 14 9 14 9 0 15 8 1 15 9 3 15 10 4 15 12 7 15 11 9 15 8 0 16 16 1 16 11 3 16 10 4 16 13 7 16 10 9 16 11 0 17 13 1 17 10 3 17 9 4 17 10 7 17 12 9 17 10 0 18 11 1 18 10 3 18 12 4 18 11 7 18 12 9 18 10 0 19 9 1 19 13 3 19 10 4 19 9 7 19 10 9 19 10
52 176 1 1 1 2 17 13
53 177 1 1 1 1 10 9
54 184 4 2 2 3 10 12 5 10 5 3 12 10 5 12 10
55 188 5 5 2 0 10 8 1 10 13 5 10 12 7 10 9 8 19 12
56 189 18 6 6 1 11 8 5 11 10 7 11 11 9 11 8 1 13 12 5 13 7 2 15 14 7 15 9 2 16 11 3 16 14 9 16 10 2 17 10 3 17 11 9 17 10 1 19 7 3 19 13 5 19 11 7 19 10
57 193 3 3 1 1 15 14 7 15 12 8 15 8
58 198 6 6 1 1 16 10 2 16 13 3 16 12 5 16 11 8 16 12 9 16 13
59 204 4 2 2 0 12 13 3 12 12 0 17 13 3 17 13
60 206 6 6 1 0 16 9 1 16 9 4 16 11 5 16 12 7 16 11 9 16 13
61 208 1 1 1 5 14 11
62 219 6 6 2 3 13 12 6 13 8 8 13 12 9 13 13 1 18 13 4 18 12
63 225 12 6 5 0 13 11 3 13 13 1 14 11 8 14 12 0 15 9 7 15 10 8 15 9 3 17 7 5 17 13 7 17 10 1 18 10 5 18 6
64 229 1 1 1 3 17 11
65 231 3 3 1 3 19 8 5 19 13 8 19 11
66 232 10 1 10 9 10 15 9 11 9 9 12 12 9 13 11 9 14 12 9 15 11 9 16 10 9 17 12 9 18 8 9 19 13
67 235 24 6 7 1 10 11 3 10 13 4 10 13 9 10 10 3 11 10 4 11 11 5 11 11 9 11 14 0 14 7 1 14 7 3 14 11 4 14 12 5 14 12 0 15 11 1 15 11 3 15 9 1 16 10 4 16 9 0 17 9 5 17 8 9 17 12 0 18 11 5 18 11 9 18 11
68 236 18 6 6 1 12 13 8 12 10 9 12 10 1 13 8 5 13 10 8 13 10 3 15 10 8 15 6 3 16 11 4 16 11 5 16 10 9 16 8 1 18 9 4 18 12 5 18 8 3 19 11 4 19 11 9 19 14
69 238 60 6 10 0 10 13 1 10 8 5 10 10 6 10 11 7 10 9 8 10 10 0 11 14 1 11 10 5 11 10 6 11 12 7 11 9 8 11 7 0 12 10 1 12 12 5 12 12 6 12 7 7 12 8 8 12 12 0 13 8 1 13 9 5 13 13 6 13 11 7 13 13 8 13 9 0 14 10 1 14 13 5 14 9 6 14 12 7 14 12 8 14 15 0 15 8 1 15 7 5 15 10 6 15 8 7 15 11 8 15 10 0 16 9 1 16 11 5 16 8 6 16 12 7 16 8 8 16 10 0 17 11 1 17 11 5 17 12 6 17 11 7 17 9 8 17 8 0 18 5 1 18 8 5 18 10 6 18 11 7 18 11 8 18 9 0 19 12 1 19 15 5 19 13 6 19 11 7 19 10 8 19 11
70 245 2 2 1 5 17 11 8 17 11
71 247 6 6 1 1 15 12 2 15 10 3 15 10 4 15 9 5 15 9 9 15 11
72 253 1 1 1 1 11 11
73 257 18 6 6 2 10 14 8 10 13 5 12 8 9 12 6 0 13 9 2 13 10 5 13 10 8 13 9 0 14 10 5 14 7 7 14 7 9 14 12 7 15 6 8 15 9 9 15 10 0 17 9 2 17 11 7 17 12
74 258 18 6 6 0 10 11 1 10 12 5 10 11 7 11 9 1 13 7 2 13 12 7 13 7 8 13 12 2 14 5 8 14 8 0 18 12 1 18 9 5 18 12 8 18 10 0 19 12 2 19 8 5 19 11 7 19 13
75 264 2 2 1 1 16 12 4 16 10
76 270 12 6 4 2 10 13 4 10 11 3 11 14 4 11 9 5 11 10 9 11 9 2 12 13 8 12 9 9 12 9 3 17 6 5 17 10 8 17 13
77 275 3 3 1 1 10 11 5 10 11 9 10 11
78 276 12 6 4 4 15 14 6 15 10 0 16 10 1 16 11 2 16 11 5 16 6 6 16 12 0 17 13 1 17 12 4 17 16 2 19 11 5 19 12
79 277 6 6 1 0 19 7 2 19 14 3 19 11 6 19 7 8 19 12 9 19 13
80 282 4 4 1 0 17 11 2 17 12 4 17 13 9 17 8
81 288 6 6 2 5 12 12 6 12 11 8 12 6 9 12 9 2 19 13 4 19 12
82 291 3 3 1 1 13 13 3 13 10 4 13 9
83 298 6 6 2 5 14 10 0 15 8 3 15 9 4 15 12 7 15 10 8 15 12
84 299 18 6 5 0 10 8 2 10 12 3 10 12 7 10 13 8 10 10 0 14 10 2 14 11 4 14 15 7 14 12 8 14 6 0 16 10 3 16 11 4 16 13 7 16 13 8 17 8 2 19 10 3 19 9 4 19 9
85 305 3 3 1 2 16 11 3 16 10 7 16 13
86 306 18 6 5 3 11 8 4 11 14 7 11 12 9 11 10 1 14 12 2 14 13 4 14 9 7 14 11 2 15 13 3 15 13 4 15 8 7 15 11 1 18 12 2 18 11 9 18 9 1 19 10 3 19 9 9 19 10
87 312 10 1 10 6 10 9 6 11 9 6 12 10 6 13 9 6 14 9 6 15 16 6 16 10 6 17 10 6 18 9 6 19 14
88 313 6 6 1 0 17 11 1 17 9 2 17 11 4 17 7 6 17 12 8 17 10
89 314 10 1 10 9 10 9 9 11 13 9 12 6 9 13 16 9 14 10 9 15 10 9 16 12 9 17 10 9 18 8 9 19 8
90 319 4 4 2 0 10 13 5 11 13 7 11 12 9 11 9
91 325 42 6 10 0 10 12 2 10 11 3 10 11 4 10 8 6 10 7 0 11 12 3 11 13 4 11 13 8 11 9 2 12 11 3 12 15 4 12 13 6 12 10 8 12 13 2 13 11 4 13 10 6 13 7 8 13 10 0 14 11 2 14 8 4 14 12 6 14 11 8 14 13 0 15 11 2 15 11 3 15 9 6 15 6 0 16 11 8 16 7 0 17 14 3 17 15 4 17 10 6 17 11 8 17 9 0 18 10 2 18 7 3 18 9 4 18 9 6 18 8 2 19 14 3 19 11 8 19 11
92 334 12 6 4 1 14 10 3 14 9 5 14 10 0 15 10 2 15 8 3 15 11 5 15 11 0 16 16 2 16 10 4 16 12 1 17 13 4 17 4
93 337 40 4 10 0 10 7 2 10 9 4 10 15 5 10 12 0 11 9 2 11 9 4 11 11 5 11 10 0 12 12 2 12 13 4 12 13 5 12 12 0 13 11 2 13 12 4 13 11 5 13 11 0 14 11 2 14 13 4 14 6 5 14 10 0 15 4 2 15 13 4 15 9 5 15 11 0 16 9 2 16 15 4 16 9 5 16 12 0 17 8 2 17 14 4 17 9 5 17 9 0 18 13 2 18 8 4 18 10 5 18 14 0 19 9 2 19 5 4 19 8 5 19 10
94 342 2 2 1 4 10 8 5 10 11
95 343 6 6 1 0 17 11 1 17 10 3 17 12 5 17 10 8 17 10 9 17 7
96 344 3 3 1 2 10 9 3 10 11 5 10 8
97 354 3 3 1 1 12 10 6 12 8 7 12 9
98 356 8 4 4 1 13 7 0 14 7 4 14 13 5 14 12 0 16 13 1 19 12 4 19 10 5 19 11
99 359 12 6 3 1 11 10 2 11 8 3 11 8 6 11 10 9 11 11 1 12 11 8 12 12 2 15 11 3 15 10 6 15 12 8 15 16 9 15 12
