20 100
0 0 2 2 1 4 15 13 6 15 8
1 2 2 2 1 6 17 11 8 17 10
2 4 1 1 1 9 16 9
3 8 5 5 1 1 11 10 5 11 8 6 11 9 8 11 14 9 11 15
4 10 6 6 1 0 13 9 1 13 8 2 13 8 3 13 11 6 13 12 7 13 10
5 11 30 3 10 1 10 11 4 10 9 9 10 14 1 11 10 4 11 14 9 11 9 1 12 12 4 12 7 9 12 12 1 13 12 4 13 11 9 13 10 1 14 12 4 14 11 9 14 7 1 15 9 4 15 10 9 15 9 1 16 9 4 16 13 9 16 9 1 17 7 4 17 13 9 17 9 1 18 13 4 18 10 9 18 12 1 19 10 4 19 10 9 19 8
6 13 12 6 4 3 13 12 5 13 11 8 13 9 0 16 11 1 16 10 4 16 12 5 16 14 0 17 11 1 17 13 4 17 12 3 19 11 8 19 10
7 14 18 6 5 3 10 11 5 10 13 7 10 10 8 10 12 3 11 12 5 11 12 6 11 9 7 11 8 8 15 11 9 15 10 3 16 6 6 16 9 9 16 9 5 18 9 6 18 11 7 18 10 8 18 14 9 18 10
8 17 1 1 1 5 13 13
9 20 12 6 4 7 11 12 0 14 13 2 14 12 7 14 13 9 14 11 5 17 11 8 17 8 9 17 9 0 19 9 2 19 12 5 19 9 8 19 10
10 24 60 6 10 1 10 11 2 10 12 3 10 10 4 10 12 6 10 10 7 10 10 1 11 12 2 11 12 3 11 11 4 11 11 6 11 11 7 11 9 1 12 6 2 12 12 3 12 9 4 12 7 6 12 9 7 12 7 1 13 10 2 13 11 3 13 14 4 13 13 6 13 12 7 13 9 1 14 12 2 14 15 3 14 11 4 14 14 6 14 10 7 14 9 1 15 8 2 15 10 3 15 9 4 15 10 6 15 12 7 15 9 1 16 11 2 16 16 3 16 9 4 16 9 6 16 12 7 16 14 1 17 13 2 17 7 3 17 11 4 17 18 6 17 9 7 17 9 1 18 12 2 18 8 3 18 8 4 18 10 6 18 13 7 18 12 1 19 9 2 19 11 3 19 12 4 19 9 6 19 13 7 19 11
11 27 3 3 1 5 17 11 8 17 12 9 17 13
12 28 20 4 8 5 10 13 6 10 11 8 10 10 1 11 12 5 11 10 6 11 14 8 11 11 1 12 8 6 13 9 5 16 12 8 16 10 1 17 12 5 17 14 6 17 16 1 18 10 5 18 12 6 18 13 8 18 12 1 19 11 8 19 10
13 42 2 2 1 2 14 12 3 14 8
14 43 6 6 1 0 16 8 1 16 7 2 16 11 6 16 10 7 16 11 8 16 11
15 45 12 6 3 2 11 11 4 11 11 5 11 12 6 11 15 7 11 11 2 12 13 5 12 9 7 12 11 9 12 12 4 19 12 6 19 12 9 19 13
16 46 10 5 3 0 12 10 1 12 11 6 12 7 8 12 11 5 14 10 0 17 9 1 17 10 5 17 10 6 17 10 8 17 10
17 47 1 1 1 6 12 10
18 52 1 1 1 8 17 11
19 57 60 6 10 2 10 8 3 10 10 5 10 9 6 10 14 7 10 10 8 10 9 2 11 12 3 11 10 5 11 11 6 11 13 7 11 10 8 11 8 2 12 11 3 12 11 5 12 7 6 12 12 7 12 10 8 12 11 2 13 9 3 13 12 5 13 11 6 13 11 7 13 8 8 13 10 2 14 12 3 14 13 5 14 11 6 14 9 7 14 8 8 14 10 2 15 8 3 15 9 5 15 10 6 15 9 7 15 11 8 15 7 2 16 11 3 16 9 5 16 11 6 16 11 7 16 8 8 16 8 2 17 10 3 17 12 5 17 13 6 17 14 7 17 11 8 17 10 2 18 14 3 18 8 5 18 13 6 18 8 7 18 11 8 18 8 2 19 10 3 19 9 5 19 9 6 19 14 7 19 9 8 19 8
20 59 30 3 10 4 10 11 7 10 10 9 10 10 4 11 9 7 11 9 9 11 12 4 12 9 7 12 8 9 12 10 4 13 10 7 13 10 9 13 9 4 14 11 7 14 10 9 14 10 4 15 14 7 15 9 9 15 12 4 16 10 7 16 12 9 16 10 4 17 9 7 17 10 9 17 10 4 18 9 7 18 10 9 18 11 4 19 8 7 19 9 9 19 11
21 67 3 3 1 1 13 12 5 13 10 9 13 9
22 68 6 6 2 0 10 12 2 10 7 4 10 11 8 10 9 1 14 11 6 14 9
23 71 60 6 10 0 10 11 1 10 12 5 10 11 6 10 10 7 10 6 8 10 13 0 11 11 1 11 13 5 11 11 6 11 9 7 11 9 8 11 13 0 12 12 1 12 12 5 12 8 6 12 12 7 12 10 8 12 12 0 13 7 1 13 9 5 13 8 6 13 10 7 13 11 8 13 8 0 14 11 1 14 7 5 14 13 6 14 11 7 14 13 8 14 8 0 15 11 1 15 13 5 15 11 6 15 11 7 15 10 8 15 7 0 16 11 1 16 11 5 16 9 6 16 9 7 16 12 8 16 9 0 17 12 1 17 9 5 17 9 6 17 11 7 17 12 8 17 12 0 18 8 1 18 11 5 18 12 6 18 9 7 18 14 8 18 8 0 19 13 1 19 14 5 19 10 6 19 11 7 19 10 8 19 11
24 80 1 1 1 3 12 6
25 86 18 6 6 0 11 8 5 11 10 9 11 14 0 12 9 3 12 12 7 12 12 1 13 8 9 13 12 3 14 12 7 14 11 0 15 11 1 15 7 3 15 11 5 15 12 1 17 12 5 17 9 7 17 8 9 17 11
26 89 3 3 2 1 10 9 2 15 14 9 15 13
27 90 24 6 7 0 11 14 7 11 10 8 11 13 0 13 10 3 13 9 5 13 10 9 13 14 3 14 14 5 14 9 0 16 12 8 16 11 9 16 11 0 17 10 3 17 13 5 17 12 7 17 11 3 18 11 7 18 11 8 18 10 9 18 12 5 19 10 7 19 6 8 19 10 9 19 10
28 91 4 2 3 8 10 9 9 14 9 8 18 14 9 18 10
29 95 6 6 1 0 10 7 2 10 11 4 10 12 5 10 6 8 10 11 9 10 6
30 101 8 4 4 3 14 13 0 15 11 8 15 8 9 15 11 3 16 14 8 16 8 9 16 11 0 19 9
31 107 1 1 1 0 12 11
32 114 6 6 2 1 11 11 3 11 12 5 11 12 7 11 12 2 13 12 4 13 11
33 120 3 3 1 0 13 9 6 13 11 8 13 9
34 125 1 1 1 7 16 11
35 127 12 3 5 2 10 11 7 10 12 8 10 10 7 12 9 8 12 13 2 17 9 7 17 7 2 18 13 8 18 7 2 19 9 7 19 9 8 19 9
36 132 4 2 2 4 14 7 6 14 10 4 15 8 6 15 12
37 135 18 6 5 0 10 10 1 10 8 6 10 9 8 10 9 1 11 8 8 11 13 0 15 8 2 15 11 9 15 8 0 16 9 1 16 12 2 16 9 6 16 9 9 16 11 2 19 9 6 19 13 8 19 9 9 19 13
38 137 2 2 1 0 10 9 3 10 12
39 140 1 1 1 5 14 10
40 146 2 2 1 3 11 12 5 11 12
41 149 6 6 2 0 12 14 1 12 8 5 12 7 9 12 9 3 14 8 6 14 12
42 155 2 1 2 0 11 9 0 15 12
43 156 2 2 1 2 17 10 7 17 12
44 159 30 3 10 2 10 7 3 10 13 6 10 15 2 11 14 3 11 12 6 11 11 2 12 11 3 12 12 6 12 11 2 13 15 3 13 10 6 13 12 2 14 11 3 14 12 6 14 9 2 15 9 3 15 11 6 15 15 2 16 10 3 16 9 6 16 14 2 17 12 3 17 9 6 17 8 2 18 11 3 18 10 6 18 9 2 19 9 3 19 10 6 19 9
45 160 2 2 1 3 17 10 6 17 10
46 161 3 3 2 4 10 7 7 10 7 3 11 10
47 163 2 2 1 0 19 9 7 19 10
48 166 1 1 1 5 17 10
49 167 6 6 1 0 18 11 3 18 10 4 18 14 5 18 9 7 18 10 9 18 13
50 169 15 5 6 2 11 8 6 11 10 7 11 11 2 12 8 1 13 11 5 13 12 1 16 12 5 16 14 2 17 9 6 17 11 7 17 11 1 19 10 5 19 11 6 19 10 7 19 11
51 170 18 6 6 0 12 11 1 12 13 4 12 9 5 12 10 0 14 12 2 14 9 4 14 11 0 15 9 2 15 11 5 15 12 2 16 9 5 16 13 8 16 13 1 17 12 8 17 13 1 18 12 4 18 7 8 18 11
52 176 1 1 1 7 12 9
53 177 1 1 1 2 15 10
54 184 3 3 2 0 16 13 3 16 11 4 17 11
55 188 60 6 10 0 10 9 2 10 9 4 10 13 7 10 13 8 10 13 9 10 11 0 11 9 2 11 10 4 11 7 7 11 11 8 11 13 9 11 13 0 12 10 2 12 11 4 12 12 7 12 8 8 12 10 9 12 12 0 13 8 2 13 6 4 13 8 7 13 10 8 13 16 9 13 9 0 14 12 2 14 9 4 14 9 7 14 13 8 14 10 9 14 13 0 15 9 2 15 9 4 15 10 7 15 12 8 15 8 9 15 16 0 16 12 2 16 8 4 16 10 7 16 9 8 16 13 9 16 8 0 17 10 2 17 10 4 17 11 7 17 12 8 17 9 9 17 10 0 18 11 2 18 7 4 18 12 7 18 9 8 18 12 9 18 10 0 19 11 2 19 10 4 19 15 7 19 12 8 19 9 9 19 9
56 189 24 6 7 2 10 14 4 10 10 7 10 9 2 11 12 4 11 8 8 11 14 0 12 9 5 12 13 7 12 10 0 13 9 8 13 10 0 14 12 2 14 10 4 14 9 5 14 13 8 14 13 4 17 10 5 17 10 7 17 13 8 17 10 0 18 8 2 18 11 5 18 8 7 18 12
57 193 3 3 1 1 11 6 3 11 9 8 11 13
58 198 1 1 1 5 16 11
59 204 1 1 1 1 16 7
60 206 3 3 2 6 15 11 1 17 8 5 17 8
61 208 6 3 2 4 15 8 6 15 11 9 15 8 4 18 8 6 18 9 9 18 12
62 219 6 3 3 3 12 10 4 12 9 9 12 14 3 14 8 4 17 11 9 17 12
63 225 2 2 1 3 10 7 4 10 10
64 229 1 1 1 8 17 12
65 231 24 6 7 0 11 12 3 11 9 7 11 8 8 11 8 0 12 12 7 12 12 1 14 9 3 14 8 6 14 13 0 15 11 6 15 10 8 15 10 1 16 14 6 16 11 1 17 7 3 17 9 7 17 9 8 17 12 0 19 12 1 19 12 3 19 7 6 19 9 7 19 15 8 19 9
66 232 1 1 1 9 12 12
67 235 6 6 2 0 17 12 2 17 12 9 17 8 4 18 8 7 18 13 8 18 13
68 236 6 3 3 2 15 12 5 15 12 7 15 15 2 17 13 5 17 11 7 19 9
69 238 1 1 1 1 16 14
70 245 10 5 3 6 11 7 7 11 10 8 11 11 0 13 11 3 13 10 7 13 12 0 17 11 3 17 9 6 17 11 8 17 10
71 247 10 1 10 7 10 12 7 11 10 7 12 9 7 13 12 7 14 12 7 15 10 7 16 10 7 17 9 7 18 10 7 19 13
72 253 12 6 4 0 11 11 1 11 7 4 11 10 1 15 9 2 15 10 3 15 8 4 15 11 0 16 11 2 16 8 3 16 12 8 16 8 8 19 10
73 257 6 6 2 1 10 10 3 10 10 2 15 8 5 15 9 7 15 13 8 15 9
74 258 2 2 1 1 14 11 5 14 11
75 264 1 1 1 6 17 11
76 270 18 6 6 8 10 11 5 11 12 8 11 9 2 12 11 3 12 9 4 12 9 0 15 12 2 15 7 3 15 11 4 15 8 0 17 8 2 17 11 4 17 12 5 17 11 0 19 11 3 19 9 5 19 12 8 19 8
77 275 1 1 1 5 16 12
78 276 24 6 7 4 10 7 9 10 10 1 11 10 5 11 11 7 11 12 1 12 9 7 12 9 8 12 8 9 12 9 1 14 9 4 14 9 5 14 9 8 14 9 5 15 10 7 15 10 8 15 14 9 15 6 1 16 9 4 16 11 8 16 12 4 17 12 5 17 9 7 17 10 9 17 8
79 277 1 1 1 9 13 12
80 282 12 6 4 0 11 12 4 11 15 5 11 15 2 15 8 5 15 9 8 15 11 6 17 12 8 17 11 0 19 10 2 19 11 4 19 11 6 19 9
81 288 6 3 3 8 10 9 3 12 8 7 12 9 8 12 12 3 18 11 7 18 11
82 291 20 2 10 0 10 8 1 10 12 0 11 10 1 11 12 0 12 10 1 12 7 0 13 11 1 13 8 0 14 8 1 14 11 0 15 9 1 15 12 0 16 17 1 16 10 0 17 12 1 17 9 0 18 12 1 18 10 0 19 11 1 19 11
83 298 4 4 1 5 11 9 6 11 14 7 11 11 9 11 9
84 299 6 6 2 1 13 9 3 13 12 4 13 9 0 16 13 8 16 12 9 16 10
85 305 9 3 4 1 10 8 6 10 10 8 10 10 1 11 9 6 11 10 8 11 10 8 13 11 1 19 8 6 19 9
86 306 30 3 10 1 10 7 5 10 9 7 10 9 1 11 7 5 11 10 7 11 9 1 12 14 5 12 8 7 12 12 1 13 13 5 13 11 7 13 12 1 14 12 5 14 8 7 14 10 1 15 12 5 15 11 7 15 13 1 16 12 5 16 11 7 16 12 1 17 8 5 17 9 7 17 12 1 18 11 5 18 11 7 18 13 1 19 9 5 19 8 7 19 9
87 312 6 6 3 0 13 10 3 13 11 2 16 10 8 16 11 1 17 8 5 17 12
88 313 1 1 1 8 11 8
89 314 42 6 10 1 10 15 3 10 7 4 10 9 5 10 10 6 10 10 9 10 13 4 11 12 1 12 13 3 12 12 6 12 13 9 12 8 1 13 12 4 13 8 5 13 8 6 13 12 1 14 11 3 14 11 4 14 10 5 14 11 6 14 11 9 14 11 4 15 14 5 15 10 6 15 10 9 15 9 3 16 8 1 17 12 3 17 6 4 17 6 5 17 11 6 17 11 9 17 9 1 18 13 3 18 12 4 18 11 5 18 12 9 18 10 1 19 11 3 19 13 5 19 8 6 19 10 9 19 11
90 319 18 6 6 3 10 10 4 10 9 3 12 11 2 15 10 4 15 8 5 15 14 7 15 10 9 15 13 4 16 13 5 16 9 7 16 11 9 16 9 2 17 11 3 17 14 5 17 11 9 17 9 2 18 10 7 18 13
91 325 3 3 1 2 17 10 5 17 11 9 17 8
92 334 1 1 1 3 12 9
93 337 1 1 1 6 13 10
94 342 6 6 1 1 18 10 2 18 13 4 18 9 5 18 10 6 18 8 7 18 12
95 343 12 6 3 2 11 9 3 11 11 8 11 12 9 11 10 1 12 10 2 12 10 3 12 11 7 12 10 8 12 11 1 18 7 7 18 14 9 18 11
96 344 6 6 1 0 14 9 2 14 11 4 14 6 6 14 11 7 14 9 8 14 11
97 354 24 6 7 1 10 11 2 10 10 3 10 11 6 10 10 7 10 9 6 11 11 2 13 7 5 13 11 7 13 10 1 14 9 3 14 12 5 14 11 1 15 10 2 15 12 5 15 13 6 15 13 7 15 8 1 17 11 2 17 9 3 17 10 5 17 12 6 17 10 7 17 11 3 18 9
98 356 6 6 1 0 16 12 3 16 8 5 16 13 7 16 13 8 16 12 9 16 12
99 359 2 1 2 0 13 10 0 15 12
