20 100
0 0 6 6 1 1 19 12 2 19 11 3 19 11 4 19 13 6 19 13 7 19 13
1 2 10 1 10 5 10 11 5 11 7 5 12 11 5 13 8 5 14 9 5 15 12 5 16 10 5 17 10 5 18 15 5 19 14
2 4 1 1 1 8 12 13
3 8 60 6 10 0 10 9 1 10 9 3 10 8 4 10 10 5 10 11 7 10 10 0 11 12 1 11 14 3 11 11 4 11 13 5 11 12 7 11 13 0 12 10 1 12 12 3 12 12 4 12 10 5 12 12 7 12 11 0 13 11 1 13 14 3 13 14 4 13 13 5 13 10 7 13 15 0 14 11 1 14 8 3 14 13 4 14 11 5 14 10 7 14 13 0 15 8 1 15 12 3 15 11 4 15 8 5 15 11 7 15 14 0 16 10 1 16 11 3 16 8 4 16 10 5 16 9 7 16 12 0 17 12 1 17 14 3 17 13 4 17 13 5 17 8 7 17 15 0 18 7 1 18 12 3 18 13 4 18 10 5 18 9 7 18 12 0 19 12 1 19 10 3 19 11 4 19 7 5 19 13 7 19 9
4 10 12 6 3 2 10 15 4 10 11 6 10 11 7 10 11 0 15 11 1 15 12 4 15 9 6 15 9 7 15 9 0 18 8 1 18 11 2 18 10
5 11 1 1 1 0 16 9
6 13 2 2 2 6 13 11 9 14 9
7 14 2 2 1 3 12 9 5 12 11
8 17 12 4 4 2 14 8 6 14 10 7 14 13 2 15 9 4 15 14 6 15 15 4 16 12 7 16 10 2 19 14 4 19 11 6 19 13 7 19 7
9 20 2 2 1 7 11 12 9 11 10
10 24 2 2 2 0 17 11 2 18 12
11 27 2 2 1 4 18 11 5 18 11
12 28 6 6 1 1 12 10 3 12 13 4 12 11 5 12 12 7 12 13 9 12 6
13 42 24 6 7 0 12 15 1 12 10 2 12 10 4 12 11 8 12 10 0 13 6 2 13 7 8 13 10 9 13 13 4 14 10 8 14 9 9 14 11 0 16 13 1 16 9 2 16 12 8 16 10 9 16 10 1 17 10 4 17 10 0 18 11 2 18 10 1 19 9 4 19 12 9 19 8
14 43 1 1 1 2 12 11
15 45 10 1 10 5 10 9 5 11 9 5 12 14 5 13 5 5 14 10 5 15 7 5 16 10 5 17 11 5 18 9 5 19 12
16 46 60 6 10 0 10 9 1 10 13 2 10 13 3 10 10 4 10 10 7 10 14 0 11 10 1 11 10 2 11 10 3 11 14 4 11 7 7 11 12 0 12 10 1 12 10 2 12 13 3 12 10 4 12 9 7 12 10 0 13 7 1 13 10 2 13 10 3 13 13 4 13 10 7 13 7 0 14 11 1 14 12 2 14 11 3 14 11 4 14 10 7 14 11 0 15 8 1 15 13 2 15 12 3 15 11 4 15 10 7 15 13 0 16 11 1 16 8 2 16 12 3 16 10 4 16 10 7 16 7 0 17 6 1 17 11 2 17 9 3 17 12 4 17 12 7 17 10 0 18 14 1 18 12 2 18 11 3 18 11 4 18 11 7 18 12 0 19 11 1 19 10 2 19 14 3 19 13 4 19 11 7 19 11
17 47 4 4 2 1 11 10 3 11 11 2 14 9 8 14 12
18 52 8 4 4 8 13 10 9 13 12 2 14 9 2 17 10 6 17 11 6 19 13 8 19 9 9 19 11
19 57 1 1 1 1 14 11
20 59 20 2 10 3 10 10 6 10 11 3 11 11 6 11 12 3 12 7 6 12 9 3 13 10 6 13 11 3 14 7 6 14 8 3 15 9 6 15 13 3 16 10 6 16 8 3 17 12 6 17 10 3 18 7 6 18 12 3 19 13 6 19 8
21 67 6 6 1 0 13 11 3 13 12 4 13 8 5 13 11 6 13 17 7 13 9
22 68 10 5 3 1 12 8 2 12 11 3 12 13 1 13 7 2 13 10 3 13 9 6 13 8 7 13 14 6 15 10 7 15 10
23 71 24 6 8 1 10 9 3 10 10 5 10 13 7 10 10 4 11 8 6 11 14 1 12 8 6 12 10 7 12 9 1 14 12 3 14 9 6 14 8 4 15 11 3 16 11 4 16 10 5 16 11 7 16 9 1 18 10 3 18 12 5 18 13 6 18 9 4 19 12 5 19 10 7 19 10
24 80 2 2 1 5 14 14 6 14 11
25 86 1 1 1 9 16 9
26 89 6 6 2 4 12 7 2 18 14 3 18 12 5 18 12 7 18 9 9 18 9
27 90 24 6 7 0 10 11 1 10 8 2 10 13 3 10 12 0 11 6 8 11 10 1 12 13 2 12 10 4 12 14 4 13 14 8 13 13 1 14 14 2 14 9 3 14 10 8 14 12 0 17 11 1 17 9 3 17 9 4 17 10 0 19 11 2 19 16 3 19 12 4 19 11 8 19 13
28 91 24 6 7 0 10 11 2 10 10 5 10 9 9 10 9 0 11 10 1 11 6 3 11 8 0 12 6 1 12 9 2 12 12 9 12 10 1 13 10 2 13 11 3 13 11 5 13 10 9 13 8 0 15 10 3 15 12 5 15 12 1 16 7 2 16 12 3 16 12 9 16 12 5 18 9
29 95 3 3 2 7 14 16 1 15 9 5 15 10
30 101 2 2 1 1 15 9 4 15 12
31 107 6 3 3 2 12 12 5 12 9 4 15 13 2 19 17 4 19 9 5 19 12
32 114 6 6 1 0 10 11 1 10 8 2 10 7 3 10 10 4 10 10 9 10 9
33 120 2 2 1 0 15 6 8 15 9
34 125 1 1 1 0 14 8
35 127 24 6 7 3 10 12 8 10 11 5 11 8 7 11 8 8 11 9 9 11 9 7 12 10 9 12 12 0 13 12 3 13 10 5 13 8 7 13 10 8 13 12 0 14 16 3 14 8 7 14 7 8 14 8 9 14 10 0 15 10 5 15 10 0 18 8 3 18 8 5 18 10 9 18 14
36 132 2 2 1 0 12 11 8 12 11
37 135 6 6 1 0 16 13 2 16 7 3 16 9 6 16 9 7 16 9 8 16 13
38 137 1 1 1 8 19 10
39 140 6 6 3 2 10 10 3 10 10 4 10 11 6 10 10 0 13 9 5 15 11
40 146 1 1 1 8 17 6
41 149 6 6 3 6 12 12 9 12 12 8 13 12 1 18 11 4 18 7 7 18 10
42 155 12 6 3 0 11 9 5 11 13 6 11 8 0 16 10 1 16 12 2 16 10 3 16 14 6 16 12 1 19 11 2 19 9 3 19 12 5 19 7
43 156 5 5 1 0 16 9 3 16 12 4 16 10 5 16 9 9 16 10
44 159 18 6 5 2 10 13 3 10 7 7 10 11 2 12 8 4 12 11 5 12 8 8 12 11 3 15 13 7 15 13 2 18 7 3 18 13 4 18 10 5 18 9 7 18 13 8 18 11 4 19 11 5 19 10 8 19 11
45 160 1 1 1 9 11 11
46 161 42 6 10 0 10 10 1 10 11 2 10 11 5 10 10 9 10 9 1 11 9 6 11 9 9 11 9 0 12 13 1 12 8 2 12 8 5 12 9 0 13 12 1 13 7 5 13 11 6 13 10 0 14 12 5 14 13 6 14 10 9 14 10 0 15 16 2 15 12 5 15 8 6 15 11 9 15 12 0 16 10 1 16 11 2 16 15 6 16 14 2 17 12 6 17 9 9 17 12 0 18 12 1 18 11 2 18 10 5 18 14 6 18 14 9 18 11 1 19 10 2 19 10 5 19 10 9 19 11
47 163 60 6 10 0 10 10 4 10 10 5 10 8 6 10 12 7 10 10 8 10 9 0 11 11 4 11 9 5 11 13 6 11 8 7 11 11 8 11 13 0 12 14 4 12 10 5 12 14 6 12 13 7 12 10 8 12 9 0 13 11 4 13 11 5 13 9 6 13 12 7 13 12 8 13 12 0 14 10 4 14 9 5 14 13 6 14 7 7 14 13 8 14 11 0 15 11 4 15 7 5 15 9 6 15 9 7 15 12 8 15 14 0 16 11 4 16 11 5 16 9 6 16 7 7 16 7 8 16 11 0 17 8 4 17 12 5 17 9 6 17 11 7 17 10 8 17 11 0 18 11 4 18 14 5 18 11 6 18 11 7 18 8 8 18 11 0 19 11 4 19 14 5 19 11 6 19 9 7 19 8 8 19 12
48 166 1 1 1 6 15 11
49 167 24 6 7 0 11 10 1 11 7 2 11 6 3 11 10 5 11 10 9 11 12 0 13 10 2 13 8 3 14 9 9 14 10 1 15 9 5 15 7 9 15 11 1 16 10 2 16 11 3 16 7 9 16 11 0 18 10 1 18 10 2 18 12 5 18 8 0 19 7 3 19 8 5 19 9
50 169 12 6 4 4 14 16 6 14 8 4 15 9 7 15 9 8 15 13 2 16 10 6 16 10 7 16 8 9 16 7 2 18 13 8 18 11 9 18 12
51 170 2 2 1 3 11 9 4 11 7
52 176 2 2 1 3 15 9 5 15 8
53 177 3 3 1 2 13 10 7 13 10 8 13 14
54 184 4 4 1 6 15 9 7 15 12 8 15 11 9 15 12
55 188 36 4 10 0 10 10 3 10 7 6 10 9 7 10 13 0 11 12 3 11 10 6 11 10 7 11 12 0 12 10 6 12 11 7 12 8 0 13 15 3 13 10 6 13 10 7 13 7 0 14 12 3 14 13 6 14 11 7 14 12 3 15 12 6 15 9 0 16 11 3 16 10 7 16 12 0 17 8 3 17 10 6 17 10 7 17 11 0 18 11 3 18 11 6 18 11 7 18 14 0 19 14 3 19 11 6 19 11 7 19 11
56 189 6 6 1 1 17 11 4 17 10 5 17 8 7 17 8 8 17 13 9 17 9
57 193 18 6 6 3 10 10 4 10 9 2 12 11 3 12 12 5 12 10 6 12 12 9 12 12 5 15 8 9 15 7 2 16 13 4 16 12 6 16 14 2 18 8 5 18 12 6 18 11 3 19 8 4 19 10 9 19 12
58 198 20 2 10 1 10 10 7 10 11 1 11 13 7 11 9 1 12 14 7 12 10 1 13 10 7 13 13 1 14 14 7 14 13 1 15 10 7 15 11 1 16 10 7 16 13 1 17 10 7 17 10 1 18 9 7 18 11 1 19 13 7 19 10
59 204 6 6 3 8 14 8 1 18 10 7 18 13 0 19 9 3 19 11 6 19 7
60 206 3 3 1 3 13 12 6 13 9 9 13 10
61 208 6 6 2 3 13 6 5 13 7 1 17 7 4 17 14 7 17 9 8 17 13
62 219 6 6 3 0 10 12 1 10 9 7 10 7 2 11 7 4 19 10 5 19 8
63 225 3 3 1 2 15 9 5 15 11 8 15 9
64 229 1 1 1 4 14 10
65 231 1 1 1 5 10 10
66 232 6 6 2 4 12 12 5 12 11 6 12 12 7 12 10 0 15 9 2 15 9
67 235 3 3 1 2 10 11 5 10 12 9 10 9
68 236 12 6 3 0 14 14 2 14 9 6 14 13 9 14 12 2 15 9 3 15 11 6 15 11 7 15 12 9 15 9 0 17 12 3 17 10 7 17 13
69 238 12 6 4 1 13 11 2 13 11 7 13 8 8 13 10 5 14 10 8 14 4 1 16 10 4 16 10 7 16 10 2 18 10 4 18 8 5 18 13
70 245 6 6 1 1 11 12 5 11 9 6 11 11 7 11 10 8 11 13 9 11 11
71 247 1 1 1 2 17 13
72 253 1 1 1 7 19 7
73 257 8 4 2 5 14 7 6 14 15 7 14 12 8 14 10 5 16 12 6 16 12 7 16 15 8 16 10
74 258 60 6 10 1 10 12 2 10 13 3 10 12 5 10 12 6 10 13 8 10 10 1 11 9 2 11 10 3 11 10 5 11 9 6 11 9 8 11 13 1 12 9 2 12 11 3 12 10 5 12 11 6 12 13 8 12 10 1 13 10 2 13 7 3 13 11 5 13 13 6 13 13 8 13 14 1 14 13 2 14 10 3 14 14 5 14 9 6 14 5 8 14 10 1 15 9 2 15 8 3 15 10 5 15 10 6 15 10 8 15 11 1 16 6 2 16 8 3 16 10 5 16 11 6 16 11 8 16 13 1 17 11 2 17 11 3 17 7 5 17 11 6 17 9 8 17 11 1 18 9 2 18 7 3 18 9 5 18 11 6 18 10 8 18 13 1 19 11 2 19 12 3 19 12 5 19 13 6 19 10 8 19 9
75 264 4 4 1 1 13 10 5 13 9 6 13 8 8 13 11
76 270 12 4 5 2 11 9 9 11 11 1 12 9 1 13 6 2 13 11 8 13 11 1 14 8 8 14 14 9 14 11 2 18 10 8 18 12 9 18 11
77 275 8 4 3 3 11 10 5 11 11 7 11 9 1 13 10 7 13 9 1 15 8 3 15 13 5 15 14
78 276 6 6 1 0 12 10 1 12 11 3 12 9 4 12 11 6 12 12 8 12 10
79 277 10 1 10 1 10 7 1 11 7 1 12 12 1 13 15 1 14 11 1 15 10 1 16 12 1 17 13 1 18 9 1 19 14
80 282 30 3 10 0 10 11 3 10 12 8 10 7 0 11 13 3 11 12 8 11 8 0 12 10 3 12 8 8 12 11 0 13 8 3 13 12 8 13 9 0 14 11 3 14 9 8 14 11 0 15 9 3 15 7 8 15 10 0 16 10 3 16 14 8 16 9 0 17 9 3 17 6 8 17 7 0 18 11 3 18 11 8 18 12 0 19 11 3 19 9 8 19 8
81 288 12 6 3 4 10 10 5 10 13 6 10 8 7 10 12 8 10 13 0 15 9 4 15 11 0 16 11 5 16 10 6 16 8 7 16 6 8 16 10
82 291 3 3 1 0 17 8 2 17 12 6 17 10
83 298 1 1 1 4 15 13
84 299 30 3 10 0 10 12 2 10 9 9 10 10 0 11 10 2 11 10 9 11 9 0 12 7 2 12 9 9 12 12 0 13 11 2 13 10 9 13 11 0 14 15 2 14 10 9 14 11 0 15 11 2 15 7 9 15 12 0 16 12 2 16 9 9 16 10 0 17 14 2 17 15 9 17 13 0 18 13 2 18 12 9 18 10 0 19 13 2 19 9 9 19 8
85 305 1 1 1 4 16 8
86 306 2 2 1 6 14 14 8 14 12
87 312 6 6 2 3 11 11 5 11 10 6 11 9 8 11 9 1 16 8 9 16 10
88 313 3 3 2 0 13 13 5 15 7 7 15 13
89 314 2 2 2 7 10 12 0 19 8
90 319 1 1 1 1 13 9
91 325 3 3 1 0 13 11 7 13 8 9 13 13
92 334 1 1 1 2 18 13
93 337 2 2 1 6 10 10 7 10 10
94 342 6 6 3 0 12 12 2 12 11 8 12 12 1 13 8 3 13 13 9 16 10
95 343 1 1 1 0 16 11
96 344 1 1 1 5 13 9
97 354 24 6 7 1 10 12 4 10 9 9 10 7 1 12 12 2 12 11 4 12 10 5 12 9 6 12 12 9 12 10 2 13 14 5 13 7 6 13 12 9 13 10 1 14 13 2 14 9 4 14 12 6 14 10 1 17 14 5 17 8 6 17 11 2 18 5 9 18 10 4 19 10 5 19 10
98 356 6 3 3 5 14 11 4 17 10 5 17 9 6 17 12 4 19 10 6 19 15
99 359 24 6 8 2 10 12 3 10 14 5 10 10 6 10 8 2 11 13 6 11 11 3 12 11 5 12 10 1 13 9 4 13 14 1 14 10 3 14 8 6 14 10 2 15 10 3 15 14 4 15 7 5 15 10 1 16 12 2 16 10 4 16 12 1 19 8 4 19 13 5 19 11 6 19 7
