20 100
0 0 2 2 1 1 19 9 2 19 13
1 2 6 6 1 3 19 13 4 19 8 5 19 9 6 19 13 7 19 10 8 19 11
2 4 6 6 1 0 19 11 1 19 10 3 19 9 4 19 11 6 19 10 7 19 11
3 8 8 4 3 5 15 12 7 15 11 0 16 5 1 16 10 7 16 11 0 17 7 1 17 14 5 17 15
4 10 24 6 7 3 10 12 8 10 11 4 11 11 5 11 13 7 11 11 8 11 9 2 13 10 3 13 12 5 13 14 7 13 10 4 14 7 5 14 12 7 14 8 8 14 13 2 15 13 4 15 9 5 15 7 2 16 12 3 16 12 4 16 10 2 18 10 3 18 11 7 18 12 8 18 12
5 11 6 3 2 0 12 12 2 12 5 6 12 10 0 19 12 2 19 6 6 19 12
6 13 6 3 3 8 10 10 9 10 10 2 15 10 9 15 12 2 19 12 8 19 8
7 14 10 5 4 0 11 8 3 11 6 9 11 8 1 14 12 6 14 8 1 16 10 3 16 14 9 16 13 0 17 12 6 17 12
8 17 2 2 1 3 11 11 4 11 10
9 20 12 6 4 0 11 14 1 11 10 4 11 9 8 11 14 2 14 12 6 14 9 8 14 11 0 17 10 4 17 7 1 19 10 2 19 12 6 19 12
10 24 1 1 1 8 15 13
11 27 12 6 5 8 11 14 0 14 14 3 14 9 4 14 6 6 14 13 1 15 11 6 15 7 3 16 13 4 16 8 8 16 10 0 19 11 1 19 10
12 28 2 2 1 0 18 11 6 18 11
13 42 10 1 10 3 10 10 3 11 11 3 12 12 3 13 11 3 14 13 3 15 14 3 16 9 3 17 11 3 18 11 3 19 14
14 43 18 6 5 1 11 10 2 11 13 3 11 11 8 11 9 9 11 13 2 12 9 3 12 10 5 12 8 8 12 9 8 14 10 9 14 8 1 17 9 3 17 9 5 17 8 9 17 11 1 18 9 2 18 12 5 18 11
15 45 2 2 1 1 19 10 6 19 8
16 46 6 6 1 0 19 8 4 19 10 5 19 10 6 19 10 7 19 12 8 19 11
17 47 60 6 10 1 10 10 2 10 12 3 10 7 4 10 8 5 10 8 8 10 9 1 11 9 2 11 14 3 11 11 4 11 11 5 11 12 8 11 13 1 12 13 2 12 15 3 12 9 4 12 12 5 12 11 8 12 9 1 13 10 2 13 9 3 13 13 4 13 12 5 13 7 8 13 11 1 14 11 2 14 11 3 14 11 4 14 10 5 14 9 8 14 10 1 15 8 2 15 14 3 15 10 4 15 9 5 15 11 8 15 13 1 16 12 2 16 10 3 16 12 4 16 11 5 16 7 8 16 8 1 17 14 2 17 11 3 17 6 4 17 8 5 17 10 8 17 9 1 18 15 2 18 9 3 18 13 4 18 11 5 18 7 8 18 12 1 19 9 2 19 9 3 19 10 4 19 10 5 19 8 8 19 10
18 52 2 2 1 1 10 11 5 10 9
19 57 6 6 1 1 18 8 2 18 11 3 18 10 4 18 7 5 18 11 8 18 10
20 59 12 6 5 2 10 14 4 10 9 6 10 10 0 14 9 3 14 9 6 14 11 1 15 9 2 15 8 3 15 13 4 16 10 0 17 11 1 17 8
21 67 3 3 1 0 17 13 5 17 11 8 17 10
22 68 60 6 10 1 10 13 3 10 9 5 10 11 6 10 9 7 10 10 9 10 12 1 11 10 3 11 10 5 11 8 6 11 14 7 11 13 9 11 12 1 12 12 3 12 9 5 12 12 6 12 10 7 12 12 9 12 8 1 13 8 3 13 11 5 13 7 6 13 12 7 13 9 9 13 7 1 14 9 3 14 12 5 14 7 6 14 6 7 14 7 9 14 8 1 15 9 3 15 12 5 15 8 6 15 14 7 15 10 9 15 9 1 16 7 3 16 10 5 16 11 6 16 6 7 16 12 9 16 12 1 17 11 3 17 12 5 17 11 6 17 10 7 17 8 9 17 9 1 18 11 3 18 11 5 18 12 6 18 11 7 18 11 9 18 7 1 19 11 3 19 10 5 19 9 6 19 13 7 19 16 9 19 11
23 71 1 1 1 1 14 11
24 80 60 6 10 2 10 12 3 10 11 4 10 8 6 10 8 7 10 10 8 10 11 2 11 11 3 11 11 4 11 12 6 11 10 7 11 7 8 11 12 2 12 9 3 12 9 4 12 9 6 12 11 7 12 11 8 12 13 2 13 9 3 13 13 4 13 10 6 13 14 7 13 8 8 13 10 2 14 11 3 14 15 4 14 12 6 14 9 7 14 12 8 14 10 2 15 11 3 15 10 4 15 8 6 15 12 7 15 10 8 15 8 2 16 10 3 16 9 4 16 10 6 16 13 7 16 9 8 16 13 2 17 11 3 17 11 4 17 8 6 17 8 7 17 9 8 17 11 2 18 15 3 18 12 4 18 9 6 18 11 7 18 9 8 18 6 2 19 9 3 19 9 4 19 11 6 19 10 7 19 8 8 19 15
25 86 1 1 1 1 11 12
26 89 6 6 1 1 15 12 3 15 11 4 15 10 5 15 11 6 15 8 9 15 9
27 90 12 6 4 5 10 10 3 12 13 4 12 10 5 12 12 7 12 7 2 15 11 4 15 15 7 15 10 9 15 11 2 17 7 3 17 10 9 17 14
28 91 1 1 1 7 11 8
29 95 1 1 1 6 18 16
30 101 12 6 3 0 12 10 2 12 11 7 12 13 9 12 11 0 15 10 5 15 10 7 15 11 8 15 10 2 17 10 5 17 8 8 17 12 9 17 9
31 107 18 6 6 2 12 12 4 12 10 5 12 11 3 14 6 6 14 13 1 15 13 2 15 10 3 15 11 1 16 10 5 16 10 6 16 11 1 17 11 3 17 13 4 17 9 5 17 11 2 18 14 4 18 10 6 18 9
32 114 3 3 1 2 16 10 3 16 9 5 16 12
33 120 1 1 1 1 11 8
34 125 60 6 10 0 10 9 1 10 11 4 10 14 5 10 11 6 10 8 9 10 10 0 11 8 1 11 12 4 11 13 5 11 12 6 11 10 9 11 12 0 12 12 1 12 11 4 12 12 5 12 11 6 12 12 9 12 11 0 13 11 1 13 5 4 13 10 5 13 12 6 13 11 9 13 11 0 14 10 1 14 13 4 14 11 5 14 9 6 14 8 9 14 11 0 15 9 1 15 11 4 15 7 5 15 7 6 15 8 9 15 10 0 16 11 1 16 11 4 16 12 5 16 10 6 16 13 9 16 5 0 17 10 1 17 8 4 17 11 5 17 10 6 17 12 9 17 10 0 18 7 1 18 12 4 18 10 5 18 9 6 18 10 9 18 13 0 19 7 1 19 10 4 19 10 5 19 9 6 19 11 9 19 8
35 127 3 3 1 1 12 10 4 12 10 6 12 10
36 132 12 6 3 2 10 10 5 10 9 6 10 9 7 10 9 3 11 8 6 11 17 8 11 11 2 13 12 3 13 14 5 13 8 7 13 13 8 13 17
37 135 6 6 1 1 13 11 2 13 7 3 13 15 4 13 10 5 13 6 7 13 10
38 137 6 3 3 1 10 12 4 10 12 6 10 12 1 13 13 4 15 10 6 15 6
39 140 24 6 7 0 10 13 1 10 6 2 10 12 4 10 13 6 10 13 1 11 13 2 11 13 4 11 10 6 11 6 0 13 11 3 13 11 0 14 13 2 14 14 3 14 11 6 14 10 1 17 11 2 17 10 3 17 10 3 18 10 4 18 11 6 18 10 0 19 13 1 19 10 4 19 9
40 146 2 2 1 0 17 10 1 17 12
41 149 2 2 1 4 15 13 5 15 11
42 155 12 6 3 2 11 12 5 11 11 7 11 7 2 16 10 5 16 14 6 16 12 7 16 10 8 16 7 9 16 10 6 18 10 8 18 11 9 18 11
43 156 10 1 10 5 10 12 5 11 10 5 12 10 5 13 10 5 14 11 5 15 10 5 16 6 5 17 10 5 18 7 5 19 7
44 159 6 6 2 5 15 12 0 18 11 2 18 10 4 18 12 6 18 12 7 18 8
45 160 10 1 10 2 10 11 2 11 11 2 12 13 2 13 12 2 14 8 2 15 10 2 16 9 2 17 9 2 18 10 2 19 14
46 161 18 6 6 1 13 14 5 14 8 8 14 12 0 15 11 1 15 10 3 15 7 8 15 11 9 15 11 1 16 10 3 16 8 5 16 9 9 16 7 0 18 11 3 18 11 5 18 12 9 18 10 0 19 12 8 19 12
47 163 2 2 1 3 11 10 6 11 11
48 166 3 3 2 1 11 8 4 11 9 5 13 9
49 167 60 6 10 2 10 9 4 10 13 6 10 13 7 10 9 8 10 8 9 10 8 2 11 14 4 11 7 6 11 9 7 11 6 8 11 11 9 11 12 2 12 8 4 12 12 6 12 12 7 12 10 8 12 6 9 12 7 2 13 9 4 13 11 6 13 13 7 13 10 8 13 10 9 13 10 2 14 9 4 14 11 6 14 10 7 14 13 8 14 16 9 14 11 2 15 10 4 15 15 6 15 15 7 15 11 8 15 11 9 15 8 2 16 10 4 16 9 6 16 9 7 16 10 8 16 8 9 16 8 2 17 12 4 17 14 6 17 11 7 17 7 8 17 10 9 17 14 2 18 14 4 18 10 6 18 10 7 18 10 8 18 11 9 18 10 2 19 12 4 19 7 6 19 12 7 19 11 8 19 12 9 19 7
50 169 3 3 1 1 18 13 4 18 12 7 18 11
51 170 12 6 4 1 14 11 5 14 11 0 15 11 3 15 11 5 15 7 6 15 8 0 16 10 8 16 7 1 18 12 3 18 7 6 18 12 8 18 9
52 176 2 2 1 4 13 8 8 13 10
53 177 40 4 10 0 10 14 2 10 5 3 10 13 5 10 10 0 11 8 2 11 11 3 11 10 5 11 11 0 12 11 2 12 9 3 12 15 5 12 10 0 13 11 2 13 12 3 13 11 5 13 11 0 14 12 2 14 11 3 14 9 5 14 7 0 15 10 2 15 11 3 15 10 5 15 8 0 16 10 2 16 15 3 16 13 5 16 11 0 17 10 2 17 14 3 17 11 5 17 11 0 18 10 2 18 9 3 18 12 5 18 13 0 19 12 2 19 8 3 19 9 5 19 9
54 184 18 6 5 1 11 8 4 11 12 6 11 14 1 12 12 2 12 11 3 12 10 4 12 7 5 12 12 6 12 14 1 14 10 3 14 11 4 14 14 5 14 9 2 15 12 2 19 10 3 19 8 5 19 10 6 19 10
55 188 4 4 2 6 11 11 7 11 13 8 11 8 3 13 12
56 189 60 6 10 0 10 8 1 10 9 3 10 7 4 10 10 7 10 10 8 10 10 0 11 7 1 11 11 3 11 11 4 11 11 7 11 8 8 11 12 0 12 12 1 12 11 3 12 14 4 12 9 7 12 7 8 12 10 0 13 9 1 13 10 3 13 15 4 13 12 7 13 11 8 13 14 0 14 13 1 14 14 3 14 10 4 14 11 7 14 10 8 14 6 0 15 9 1 15 11 3 15 8 4 15 15 7 15 11 8 15 11 0 16 11 1 16 11 3 16 10 4 16 8 7 16 13 8 16 10 0 17 11 1 17 12 3 17 6 4 17 7 7 17 7 8 17 11 0 18 12 1 18 10 3 18 12 4 18 13 7 18 9 8 18 14 0 19 11 1 19 9 3 19 11 4 19 10 7 19 8 8 19 12
57 193 1 1 1 0 16 12
58 198 6 6 1 0 17 11 5 17 17 6 17 11 7 17 8 8 17 7 9 17 13
59 204 24 6 7 0 10 9 2 10 10 4 10 11 7 10 10 3 12 13 5 12 7 7 12 11 2 13 11 3 13 11 5 13 12 2 15 10 5 15 11 7 15 9 0 16 12 3 16 9 4 16 12 5 16 10 0 18 11 4 18 10 0 19 13 2 19 8 3 19 8 4 19 11 7 19 10
60 206 12 6 3 1 12 10 2 12 9 3 12 10 9 12 12 1 14 11 2 14 13 4 14 9 7 14 12 9 14 9 3 15 9 4 15 12 7 15 10
61 208 12 6 4 1 11 12 3 11 11 5 11 10 6 11 13 9 11 12 1 14 10 3 14 11 5 14 10 6 15 8 8 15 10 8 17 11 9 17 9
62 219 1 1 1 0 15 13
63 225 6 3 3 0 11 12 3 11 10 9 11 9 9 12 10 0 19 13 3 19 11
64 229 18 6 6 2 13 9 5 13 12 0 15 14 3 15 12 9 15 13 0 16 12 2 16 9 7 16 7 0 17 12 3 17 12 5 17 9 9 17 13 2 18 8 5 18 12 7 18 7 9 18 7 3 19 11 7 19 10
65 231 6 6 2 1 15 14 5 15 12 0 16 9 2 16 14 3 16 15 7 16 8
66 232 3 3 1 0 16 11 3 16 10 9 16 11
67 235 6 6 1 0 19 10 1 19 13 4 19 9 5 19 13 6 19 15 9 19 8
68 236 18 6 5 1 11 11 4 11 14 7 11 12 0 12 7 3 12 12 6 12 12 7 12 10 0 13 11 1 13 8 3 13 6 0 15 11 1 15 8 4 15 11 6 15 7 3 18 9 4 18 13 6 18 10 7 18 7
69 238 3 3 2 8 11 7 0 19 10 5 19 11
70 245 18 6 5 0 10 9 4 10 13 8 10 11 0 12 12 1 12 13 3 12 11 4 12 11 7 12 9 7 15 12 8 15 10 0 16 11 1 16 15 3 16 10 4 16 9 7 16 9 1 17 11 3 17 11 8 17 14
71 247 6 6 3 4 10 12 8 10 10 0 11 14 5 11 10 7 11 15 2 17 9
72 253 1 1 1 4 15 10
73 257 2 2 1 6 16 11 8 16 8
74 258 6 6 1 0 13 13 2 13 11 3 13 10 5 13 7 8 13 11 9 13 12
75 264 6 6 3 9 10 11 5 13 11 8 13 10 0 19 10 3 19 13 4 19 12
76 270 2 2 1 1 15 11 9 15 11
77 275 60 6 10 0 10 10 1 10 15 3 10 10 6 10 6 8 10 8 9 10 7 0 11 9 1 11 11 3 11 10 6 11 9 8 11 12 9 11 11 0 12 10 1 12 7 3 12 8 6 12 8 8 12 10 9 12 11 0 13 12 1 13 7 3 13 9 6 13 5 8 13 9 9 13 11 0 14 10 1 14 11 3 14 10 6 14 9 8 14 8 9 14 9 0 15 10 1 15 13 3 15 10 6 15 10 8 15 9 9 15 12 0 16 12 1 16 11 3 16 12 6 16 14 8 16 5 9 16 15 0 17 9 1 17 10 3 17 7 6 17 13 8 17 16 9 17 12 0 18 12 1 18 8 3 18 9 6 18 11 8 18 10 9 18 10 0 19 12 1 19 8 3 19 12 6 19 16 8 19 11 9 19 8
78 276 24 6 7 0 10 8 3 10 10 4 10 15 0 13 15 1 13 8 6 13 13 4 14 9 5 14 10 0 15 10 1 15 9 3 15 11 4 15 10 1 17 12 3 17 11 5 17 9 6 17 11 1 18 11 5 18 10 6 18 13 0 19 14 3 19 10 4 19 8 5 19 14 6 19 12
79 277 2 2 1 0 14 11 7 14 12
80 282 4 4 1 4 19 15 6 19 10 7 19 9 9 19 12
81 288 60 6 10 0 10 8 2 10 9 4 10 12 6 10 11 7 10 12 9 10 11 0 11 11 2 11 8 4 11 10 6 11 10 7 11 10 9 11 13 0 12 7 2 12 12 4 12 11 6 12 9 7 12 6 9 12 11 0 13 14 2 13 8 4 13 9 6 13 12 7 13 10 9 13 12 0 14 7 2 14 12 4 14 14 6 14 11 7 14 12 9 14 11 0 15 8 2 15 9 4 15 13 6 15 10 7 15 13 9 15 11 0 16 11 2 16 7 4 16 10 6 16 10 7 16 8 9 16 7 0 17 9 2 17 12 4 17 9 6 17 9 7 17 10 9 17 11 0 18 10 2 18 12 4 18 8 6 18 8 7 18 10 9 18 13 0 19 13 2 19 10 4 19 8 6 19 12 7 19 10 9 19 12
82 291 12 6 3 0 13 11 1 13 11 2 13 9 6 13 11 7 13 14 8 13 12 1 15 14 7 15 12 0 18 9 2 18 11 6 18 9 8 18 11
83 298 1 1 1 3 17 5
84 299 6 6 1 0 10 11 1 10 9 3 10 12 5 10 6 8 10 11 9 10 8
85 305 10 1 10 0 10 11 0 11 10 0 12 9 0 13 10 0 14 12 0 15 10 0 16 11 0 17 13 0 18 10 0 19 11
86 306 6 6 2 1 12 9 9 12 10 0 16 9 2 16 9 6 16 9 7 16 13
87 312 4 4 1 2 15 12 6 15 13 8 15 12 9 15 10
88 313 6 6 1 0 11 13 1 11 9 3 11 10 4 11 13 6 11 12 9 11 14
89 314 12 6 3 0 12 11 2 12 14 5 12 11 6 12 11 1 13 9 9 13 12 0 17 9 1 17 12 2 17 11 5 17 10 6 17 10 9 17 11
90 319 12 6 3 1 10 9 2 10 11 5 10 10 6 10 11 1 12 12 3 12 11 6 12 10 9 12 8 2 15 11 3 15 10 5 15 10 9 15 13
91 325 4 4 1 1 10 12 2 10 10 4 10 9 6 10 10
92 334 1 1 1 1 16 10
93 337 2 2 1 6 14 9 8 14 9
94 342 3 3 1 0 11 12 2 11 11 7 11 12
95 343 3 3 1 3 11 13 4 11 7 8 11 12
96 344 60 6 10 0 10 14 2 10 8 5 10 12 6 10 10 7 10 13 8 10 10 0 11 11 2 11 9 5 11 12 6 11 9 7 11 8 8 11 8 0 12 10 2 12 9 5 12 6 6 12 13 7 12 11 8 12 7 0 13 11 2 13 11 5 13 13 6 13 8 7 13 12 8 13 11 0 14 15 2 14 13 5 14 8 6 14 11 7 14 10 8 14 10 0 15 14 2 15 12 5 15 8 6 15 12 7 15 10 8 15 11 0 16 11 2 16 15 5 16 13 6 16 12 7 16 11 8 16 12 0 17 9 2 17 10 5 17 10 6 17 8 7 17 12 8 17 9 0 18 9 2 18 13 5 18 10 6 18 11 7 18 10 8 18 7 0 19 9 2 19 12 5 19 12 6 19 10 7 19 8 8 19 15
97 354 2 2 1 2 15 13 4 15 8
98 356 2 2 1 2 13 9 4 13 10
99 359 24 6 7 2 11 13 5 11 12 9 11 8 6 12 10 0 13 12 1 13 12 2 13 8 6 13 12 9 13 6 0 15 12 1 15 8 2 15 14 6 15 11 1 16 10 2 16 12 5 16 8 6 16 10 9 16 9 0 18 13 5 18 9 0 19 12 1 19 11 5 19 9 9 19 6
