20 100
0 0 8 4 4 1 11 11 3 11 9 8 11 11 3 12 8 8 12 7 9 13 11 1 14 12 9 14 10
1 2 1 1 1 6 16 10
2 4 3 3 1 4 17 9 7 17 10 9 17 13
3 8 12 6 4 1 13 9 7 13 11 4 16 12 6 16 13 7 16 11 8 16 7 0 18 11 8 18 8 0 19 11 1 19 11 4 19 10 6 19 10
4 10 20 2 10 0 10 12 3 10 10 0 11 12 3 11 9 0 12 12 3 12 11 0 13 15 3 13 9 0 14 13 3 14 9 0 15 11 3 15 9 0 16 8 3 16 13 0 17 9 3 17 11 0 18 11 3 18 14 0 19 9 3 19 9
5 11 5 5 1 3 18 11 4 18 10 5 18 8 6 18 13 9 18 8
6 13 2 2 1 1 11 13 7 11 15
7 14 6 6 1 0 17 11 3 17 11 4 17 6 5 17 12 6 17 13 8 17 8
8 17 2 2 1 0 16 13 2 16 14
9 20 6 3 3 5 10 8 1 13 13 3 13 10 1 14 11 3 14 8 5 14 10
10 24 6 6 3 0 11 10 6 11 7 8 11 10 3 18 13 4 18 10 5 19 8
11 27 18 6 6 5 11 10 8 11 11 1 12 9 3 12 13 4 12 10 1 13 9 2 15 9 3 15 12 4 15 8 5 15 11 8 15 10 2 17 11 8 17 13 1 18 12 2 18 11 3 18 11 4 18 9 5 18 13
12 28 24 6 7 1 11 8 2 11 10 5 11 11 8 11 11 2 12 9 3 12 12 5 12 11 8 12 10 9 12 8 1 13 11 2 13 11 5 13 12 9 13 13 1 14 10 2 14 11 3 14 10 8 15 10 3 17 12 8 17 11 9 17 10 1 19 8 3 19 11 5 19 13 9 19 13
13 42 8 4 4 1 11 11 4 11 14 4 12 13 5 12 15 8 12 10 5 14 8 8 14 14 1 15 10
14 43 1 1 1 8 19 8
15 45 30 3 10 3 10 8 5 10 11 6 10 12 3 11 8 5 11 11 6 11 11 3 12 11 5 12 10 6 12 12 3 13 11 5 13 7 6 13 9 3 14 10 5 14 12 6 14 13 3 15 10 5 15 10 6 15 9 3 16 9 5 16 7 6 16 11 3 17 10 5 17 12 6 17 8 3 18 13 5 18 6 6 18 11 3 19 13 5 19 9 6 19 7
16 46 20 2 10 5 10 12 7 10 8 5 11 10 7 11 13 5 12 10 7 12 10 5 13 11 7 13 12 5 14 11 7 14 8 5 15 14 7 15 14 5 16 7 7 16 10 5 17 8 7 17 11 5 18 11 7 18 10 5 19 9 7 19 8
17 47 60 6 10 1 10 13 2 10 10 3 10 12 5 10 9 7 10 13 8 10 10 1 11 9 2 11 12 3 11 9 5 11 9 7 11 13 8 11 11 1 12 10 2 12 8 3 12 13 5 12 8 7 12 7 8 12 10 1 13 10 2 13 9 3 13 12 5 13 14 7 13 11 8 13 13 1 14 11 2 14 8 3 14 10 5 14 13 7 14 11 8 14 11 1 15 14 2 15 11 3 15 13 5 15 13 7 15 12 8 15 8 1 16 12 2 16 12 3 16 10 5 16 9 7 16 12 8 16 7 1 17 11 2 17 11 3 17 13 5 17 12 7 17 7 8 17 7 1 18 8 2 18 11 3 18 8 5 18 10 7 18 12 8 18 12 1 19 10 2 19 12 3 19 10 5 19 7 7 19 8 8 19 10
18 52 24 6 7 0 10 9 1 10 12 4 10 16 5 10 9 9 10 8 9 11 8 0 13 12 4 13 11 0 14 11 1 14 7 5 14 7 8 14 10 8 16 8 9 16 12 1 17 11 4 17 12 5 17 12 8 17 11 9 17 10 0 18 13 1 18 10 4 18 12 5 18 12 8 18 10
19 57 1 1 1 9 17 10
20 59 2 2 1 6 11 9 9 11 8
21 67 24 6 7 0 12 9 6 12 10 9 12 12 0 13 9 3 13 9 6 13 9 7 13 8 0 14 12 1 14 12 3 15 7 6 15 12 7 15 9 9 15 15 1 16 14 3 16 11 9 16 13 0 17 8 1 17 14 7 17 10 1 19 7 3 19 13 6 19 10 7 19 12 9 19 13
22 68 1 1 1 9 11 10
23 71 2 2 1 1 14 13 3 14 11
24 80 3 3 1 0 19 11 5 19 6 6 19 10
25 86 6 6 2 2 17 10 6 17 13 7 17 8 9 17 8 0 18 13 4 18 8
26 89 8 4 3 0 10 7 2 10 11 3 10 10 8 10 10 2 11 10 0 18 10 3 18 10 8 18 9
27 90 2 2 2 9 13 11 5 18 10
28 91 12 6 4 5 10 10 6 10 8 0 15 12 2 15 12 4 15 14 6 15 10 7 15 13 0 17 6 2 17 12 4 17 13 5 18 12 7 18 12
29 95 6 6 1 0 19 10 1 19 14 3 19 8 5 19 8 7 19 10 9 19 7
30 101 1 1 1 0 19 10
31 107 30 3 10 6 10 8 7 10 14 9 10 11 6 11 8 7 11 9 9 11 10 6 12 16 7 12 10 9 12 13 6 13 11 7 13 12 9 13 12 6 14 10 7 14 8 9 14 10 6 15 8 7 15 10 9 15 9 6 16 11 7 16 9 9 16 9 6 17 5 7 17 13 9 17 11 6 18 6 7 18 9 9 18 10 6 19 13 7 19 10 9 19 12
32 114 6 6 1 2 19 9 3 19 14 5 19 8 6 19 8 7 19 8 8 19 13
33 120 12 6 3 1 13 9 2 13 10 5 13 9 2 17 11 3 17 9 8 17 12 9 17 13 1 19 12 3 19 13 5 19 10 8 19 12 9 19 11
34 125 18 6 5 3 12 12 4 12 10 6 12 10 0 14 11 5 14 11 6 14 11 0 15 7 7 15 10 3 16 8 4 16 7 5 16 8 6 16 12 7 16 10 0 17 11 3 17 10 4 17 9 5 17 11 7 17 14
35 127 6 6 1 1 16 9 2 16 12 3 16 11 6 16 12 7 16 12 9 16 10
36 132 6 6 1 1 19 9 2 19 11 3 19 10 4 19 11 6 19 14 9 19 13
37 135 6 6 2 0 10 10 2 10 11 4 18 7 6 18 14 7 18 9 9 18 9
38 137 18 6 5 0 11 10 4 11 14 6 11 12 7 11 10 4 13 10 6 13 11 7 13 15 8 13 11 6 14 8 7 14 12 9 14 8 0 15 10 8 15 13 9 15 13 0 18 12 4 18 9 8 18 12 9 18 11
39 140 3 3 1 6 15 9 7 15 9 8 15 10
40 146 18 6 5 0 10 9 1 11 14 6 11 10 1 12 12 2 12 9 5 12 13 6 12 9 9 12 8 0 15 8 2 15 9 5 15 11 9 15 11 0 18 10 1 18 7 2 18 7 5 18 11 6 18 8 9 18 9
41 149 18 6 5 0 10 10 8 10 12 4 12 11 5 12 6 6 12 12 7 12 11 8 12 11 4 14 8 5 14 15 6 14 8 7 14 10 0 18 13 4 18 9 7 18 13 8 18 9 0 19 10 5 19 10 6 19 8
42 155 6 6 2 3 10 10 8 10 9 1 16 10 4 16 10 6 16 9 7 16 14
43 156 24 6 7 2 10 13 3 10 11 4 10 9 8 10 11 9 10 10 9 11 9 2 12 13 3 12 11 4 12 9 8 12 10 1 13 8 2 13 11 8 13 8 1 14 9 2 14 9 3 14 9 4 14 11 8 14 8 9 14 11 1 16 8 3 16 8 4 16 12 1 19 11 9 19 6
44 159 6 6 2 2 11 14 0 15 10 1 15 13 5 15 12 7 15 10 8 15 11
45 160 60 6 10 0 10 10 1 10 12 2 10 10 5 10 10 6 10 10 8 10 11 0 11 10 1 11 7 2 11 11 5 11 9 6 11 11 8 11 12 0 12 13 1 12 9 2 12 10 5 12 10 6 12 9 8 12 12 0 13 4 1 13 10 2 13 11 5 13 7 6 13 12 8 13 13 0 14 11 1 14 9 2 14 11 5 14 10 6 14 10 8 14 10 0 15 7 1 15 9 2 15 13 5 15 10 6 15 11 8 15 9 0 16 11 1 16 11 2 16 8 5 16 11 6 16 9 8 16 13 0 17 11 1 17 15 2 17 14 5 17 7 6 17 11 8 17 7 0 18 8 1 18 6 2 18 9 5 18 11 6 18 10 8 18 9 0 19 10 1 19 8 2 19 11 5 19 12 6 19 10 8 19 11
46 161 12 6 4 0 10 10 3 10 12 4 10 12 2 12 10 3 12 9 4 12 10 5 12 10 6 12 9 0 15 10 2 18 8 5 18 13 6 18 11
47 163 6 6 2 0 11 11 5 11 7 6 11 12 7 11 6 9 11 12 1 17 11
48 166 6 6 2 2 11 9 3 11 13 0 12 9 1 12 10 6 12 8 8 12 9
49 167 10 1 10 1 10 11 1 11 10 1 12 9 1 13 13 1 14 8 1 15 11 1 16 11 1 17 12 1 18 10 1 19 13
50 169 4 4 1 1 14 12 3 14 10 4 14 9 5 14 10
51 170 24 6 6 3 11 14 7 11 11 9 11 13 0 12 9 1 12 13 7 12 7 9 12 9 0 13 12 3 13 11 6 13 9 7 13 13 9 13 16 0 15 11 1 15 6 3 15 10 6 15 12 7 15 9 9 15 9 1 17 8 6 17 10 0 18 10 1 18 7 3 18 7 6 18 13
52 176 6 3 3 1 11 6 2 11 11 8 11 9 1 16 12 2 16 10 8 19 14
53 177 3 3 2 3 10 9 9 10 12 4 13 12
54 184 1 1 1 7 11 12
55 188 3 3 1 4 10 11 5 10 7 6 10 10
56 189 1 1 1 8 11 9
57 193 3 3 1 3 10 12 5 10 13 6 10 14
58 198 2 2 1 4 13 10 7 13 8
59 204 10 5 4 1 11 8 3 11 13 9 11 12 8 17 10 1 18 9 4 18 11 8 18 10 9 18 10 3 19 12 4 19 9
60 206 20 2 10 4 10 10 5 10 12 4 11 14 5 11 11 4 12 11 5 12 9 4 13 9 5 13 11 4 14 14 5 14 13 4 15 15 5 15 11 4 16 13 5 16 10 4 17 7 5 17 11 4 18 9 5 18 4 4 19 11 5 19 12
61 208 6 6 2 2 12 10 8 12 10 3 16 10 4 16 10 5 16 10 6 16 11
62 219 10 5 4 0 10 16 2 10 10 3 10 13 5 10 8 8 10 11 5 11 10 3 12 13 8 12 10 0 19 10 2 19 8
63 225 3 3 2 6 12 7 4 19 11 9 19 12
64 229 24 6 7 0 10 12 5 10 15 7 10 12 9 10 11 0 11 7 4 11 10 5 11 8 9 11 13 0 14 9 7 14 8 8 14 13 7 15 8 8 15 8 4 16 7 5 16 13 7 16 9 9 16 13 0 17 14 4 17 10 5 17 12 8 17 11 4 18 12 8 18 11 9 18 12
65 231 3 3 1 3 19 12 5 19 9 6 19 13
66 232 1 1 1 0 11 9
67 235 6 6 1 0 17 11 4 17 14 5 17 14 6 17 9 8 17 11 9 17 5
68 236 6 6 3 7 10 12 0 12 11 3 12 13 6 12 14 9 12 10 5 19 9
69 238 12 6 3 1 11 12 5 11 11 7 11 7 4 13 9 7 13 8 8 13 11 9 13 11 1 14 9 4 14 9 5 14 8 8 14 8 9 14 13
70 245 6 6 1 0 13 14 2 13 8 3 13 10 5 13 7 6 13 11 8 13 11
71 247 50 5 10 0 10 11 2 10 15 3 10 10 5 10 12 6 10 9 0 11 11 2 11 8 3 11 8 5 11 10 6 11 13 0 12 11 2 12 9 3 12 10 5 12 11 6 12 12 0 13 14 2 13 9 3 13 11 5 13 14 6 13 10 0 14 12 2 14 12 3 14 8 5 14 11 6 14 11 0 15 9 2 15 11 3 15 11 5 15 12 6 15 10 0 16 8 2 16 11 3 16 11 5 16 5 6 16 8 0 17 11 2 17 11 3 17 10 5 17 9 6 17 8 0 18 9 2 18 9 3 18 10 5 18 6 6 18 12 0 19 14 2 19 12 3 19 12 5 19 14 6 19 11
72 253 1 1 1 2 11 6
73 257 6 6 1 1 10 7 2 10 12 3 10 11 5 10 11 7 10 9 8 10 10
74 258 3 3 1 1 19 9 8 19 10 9 19 12
75 264 10 1 10 6 10 7 6 11 11 6 12 10 6 13 12 6 14 12 6 15 11 6 16 13 6 17 11 6 18 8 6 19 10
76 270 12 6 4 4 10 9 6 10 9 7 10 10 8 10 11 0 12 8 7 12 8 8 12 11 3 17 12 0 19 7 3 19 12 4 19 8 6 19 13
77 275 1 1 1 2 16 11
78 276 2 2 2 3 10 8 2 19 9
79 277 30 3 10 0 10 8 1 10 12 6 10 12 0 11 13 1 11 10 6 11 8 0 12 9 1 12 9 6 12 6 0 13 11 1 13 14 6 13 11 0 14 10 1 14 14 6 14 11 0 15 11 1 15 12 6 15 10 0 16 11 1 16 10 6 16 11 0 17 11 1 17 10 6 17 11 0 18 10 1 18 10 6 18 10 0 19 10 1 19 12 6 19 12
80 282 1 1 1 4 16 12
81 288 1 1 1 2 11 9
82 291 60 6 10 0 10 14 1 10 12 4 10 10 6 10 9 8 10 7 9 10 8 0 11 12 1 11 8 4 11 9 6 11 13 8 11 11 9 11 10 0 12 11 1 12 10 4 12 10 6 12 11 8 12 13 9 12 11 0 13 8 1 13 9 4 13 9 6 13 10 8 13 13 9 13 7 0 14 8 1 14 8 4 14 14 6 14 8 8 14 13 9 14 10 0 15 14 1 15 8 4 15 13 6 15 14 8 15 13 9 15 12 0 16 12 1 16 8 4 16 13 6 16 10 8 16 10 9 16 13 0 17 13 1 17 14 4 17 12 6 17 10 8 17 10 9 17 9 0 18 10 1 18 12 4 18 12 6 18 13 8 18 10 9 18 11 0 19 12 1 19 11 4 19 11 6 19 8 8 19 15 9 19 11
83 298 6 6 1 1 11 12 2 11 11 4 11 11 5 11 11 6 11 15 9 11 9
84 299 4 4 1 0 10 13 3 10 9 5 10 11 7 10 13
85 305 6 6 1 0 15 10 1 15 13 3 15 12 4 15 11 5 15 7 8 15 13
86 306 8 4 4 4 10 9 3 11 9 9 11 14 4 18 13 5 18 9 3 19 10 5 19 8 9 19 13
87 312 3 3 2 3 10 11 4 14 11 7 14 11
88 313 18 6 5 0 10 8 3 10 6 7 10 6 1 12 7 3 12 15 5 12 12 6 12 10 7 12 10 1 13 10 7 13 13 0 15 11 3 15 11 5 15 10 6 15 13 0 16 13 1 16 10 5 16 12 6 16 11
89 314 10 1 10 5 10 11 5 11 9 5 12 11 5 13 10 5 14 11 5 15 10 5 16 15 5 17 7 5 18 10 5 19 8
90 319 30 3 10 0 10 11 1 10 12 4 10 10 0 11 11 1 11 13 4 11 14 0 12 9 1 12 9 4 12 13 0 13 8 1 13 11 4 13 11 0 14 8 1 14 12 4 14 9 0 15 10 1 15 11 4 15 9 0 16 13 1 16 10 4 16 10 0 17 10 1 17 12 4 17 10 0 18 9 1 18 8 4 18 7 0 19 13 1 19 9 4 19 10
91 325 6 6 2 0 13 11 1 13 9 5 13 11 6 13 12 3 16 9 9 16 8
92 334 6 6 1 0 10 12 1 10 11 3 10 10 4 10 12 6 10 8 8 10 9
93 337 24 6 6 1 10 10 2 10 9 4 10 11 5 10 10 6 10 12 8 10 15 5 12 9 8 12 9 1 13 8 4 13 11 8 13 13 1 15 12 2 15 10 4 15 10 5 15 10 6 15 11 8 15 10 1 16 12 2 16 7 4 16 9 5 16 13 6 16 11 2 18 10 6 18 8
94 342 60 6 10 0 10 12 1 10 10 3 10 8 4 10 7 6 10 12 8 10 9 0 11 11 1 11 11 3 11 10 4 11 10 6 11 9 8 11 10 0 12 11 1 12 10 3 12 10 4 12 11 6 12 7 8 12 12 0 13 10 1 13 11 3 13 11 4 13 13 6 13 10 8 13 8 0 14 8 1 14 9 3 14 10 4 14 13 6 14 13 8 14 8 0 15 13 1 15 10 3 15 13 4 15 12 6 15 11 8 15 6 0 16 8 1 16 10 3 16 10 4 16 8 6 16 11 8 16 9 0 17 10 1 17 9 3 17 10 4 17 9 6 17 9 8 17 10 0 18 12 1 18 9 3 18 8 4 18 11 6 18 8 8 18 12 0 19 8 1 19 11 3 19 9 4 19 8 6 19 10 8 19 6
95 343 4 4 2 0 13 9 4 13 13 5 13 8 1 19 11
96 344 2 2 1 3 13 7 8 13 10
97 354 60 6 10 1 10 9 3 10 7 4 10 12 5 10 5 7 10 14 9 10 10 1 11 8 3 11 13 4 11 9 5 11 10 7 11 12 9 11 8 1 12 13 3 12 12 4 12 9 5 12 11 7 12 9 9 12 13 1 13 11 3 13 12 4 13 12 5 13 12 7 13 9 9 13 11 1 14 12 3 14 11 4 14 7 5 14 12 7 14 10 9 14 9 1 15 15 3 15 12 4 15 9 5 15 12 7 15 12 9 15 10 1 16 11 3 16 13 4 16 9 5 16 8 7 16 10 9 16 12 1 17 9 3 17 13 4 17 11 5 17 15 7 17 9 9 17 10 1 18 6 3 18 13 4 18 13 5 18 8 7 18 7 9 18 10 1 19 12 3 19 12 4 19 11 5 19 9 7 19 12 9 19 14
98 356 4 4 1 0 10 12 2 10 9 3 10 13 8 10 9
99 359 1 1 1 2 18 13
