20 100
0 0 12 6 5 0 10 8 8 10 10 9 10 10 0 11 12 8 11 9 6 13 10 9 13 8 4 15 11 6 15 11 7 15 12 4 18 13 7 18 10
1 2 48 6 10 0 10 12 2 10 12 3 10 11 4 10 13 8 10 10 9 10 13 0 11 10 3 11 15 4 11 11 8 11 9 0 12 11 2 12 7 4 12 12 8 12 11 9 12 13 0 13 8 2 13 9 4 13 13 8 13 11 0 14 11 2 14 11 3 14 11 4 14 11 8 14 12 9 14 12 0 15 10 2 15 9 3 15 10 9 15 8 2 16 14 3 16 12 4 16 10 8 16 10 9 16 9 3 17 10 9 17 10 0 18 10 2 18 10 3 18 12 4 18 10 8 18 10 9 18 13 0 19 12 2 19 10 3 19 9 4 19 16 8 19 10 9 19 7
2 4 6 6 1 2 12 6 3 12 11 4 12 12 6 12 12 7 12 10 9 12 8
3 8 3 3 1 1 11 9 8 11 6 9 11 10
4 10 6 6 1 4 17 10 5 17 11 6 17 9 7 17 11 8 17 9 9 17 13
5 11 1 1 1 8 10 8
6 13 12 4 4 1 12 13 3 12 8 5 12 9 6 12 10 5 13 9 1 14 7 3 14 11 6 14 8 1 17 13 3 17 10 5 17 10 6 17 12
7 14 12 2 7 2 11 9 4 11 11 2 12 7 4 12 11 2 14 12 4 16 7 2 17 9 4 17 14 2 18 12 4 18 13 2 19 9 4 19 11
8 17 3 3 2 0 14 11 3 15 6 9 15 14
9 20 3 3 2 5 12 8 0 18 11 2 18 11
10 24 30 3 10 0 10 12 1 10 10 9 10 11 0 11 11 1 11 11 9 11 11 0 12 9 1 12 10 9 12 13 0 13 10 1 13 9 9 13 14 0 14 12 1 14 15 9 14 7 0 15 12 1 15 12 9 15 7 0 16 9 1 16 12 9 16 12 0 17 14 1 17 16 9 17 11 0 18 8 1 18 9 9 18 12 0 19 10 1 19 12 9 19 8
11 27 12 4 5 1 10 9 9 10 11 0 11 8 5 11 11 9 11 8 0 14 11 1 14 9 5 15 11 9 15 7 0 16 10 1 16 14 5 16 9
12 28 3 3 2 8 16 8 2 17 13 6 17 10
13 42 1 1 1 9 14 10
14 43 2 2 1 1 12 13 5 12 8
15 45 1 1 1 5 13 10
16 46 4 4 1 1 12 10 3 12 13 7 12 10 9 12 8
17 47 1 1 1 3 19 11
18 52 3 3 2 0 11 8 1 11 14 9 15 10
19 57 12 6 3 2 13 9 3 13 11 6 13 11 9 13 10 3 15 9 4 15 11 7 15 13 9 15 10 2 18 12 4 18 12 6 18 10 7 18 13
20 59 6 6 1 1 13 10 3 13 14 6 13 11 7 13 12 8 13 9 9 13 11
21 67 2 2 1 0 14 10 9 14 10
22 68 2 2 1 0 14 11 3 14 9
23 71 18 6 6 3 10 13 6 10 11 1 15 7 4 15 10 6 15 8 9 15 12 1 16 15 2 16 12 3 16 8 4 16 10 1 17 9 2 17 12 9 17 9 2 18 7 6 18 10 3 19 13 4 19 9 9 19 9
24 80 3 1 3 6 12 11 6 13 12 6 19 5
25 86 18 6 6 3 12 10 0 13 12 0 15 12 2 15 11 3 15 13 4 15 11 5 15 10 2 16 12 3 16 11 4 16 11 5 16 10 6 16 11 0 17 12 5 17 12 6 17 13 2 19 10 4 19 13 6 19 11
26 89 12 6 4 3 14 11 6 14 12 3 15 9 5 15 10 7 15 10 8 15 8 5 16 9 8 16 12 9 16 10 6 19 10 7 19 9 9 19 11
27 90 2 2 1 3 18 10 5 18 7
28 91 18 6 5 0 10 10 5 10 8 8 10 12 9 10 12 0 11 12 1 11 11 2 11 13 5 11 11 8 11 12 9 11 10 0 12 10 2 12 13 5 12 11 9 12 9 1 14 10 8 14 10 1 19 10 2 19 13
29 95 6 6 1 0 17 14 2 17 10 3 17 11 5 17 9 8 17 7 9 17 10
30 101 18 6 6 0 11 11 4 12 7 7 12 12 8 12 11 1 13 12 2 13 13 4 13 10 8 13 10 0 14 12 2 14 8 7 14 8 0 17 11 1 17 16 2 17 10 4 17 12 1 19 12 7 19 12 8 19 12
31 107 4 4 1 2 17 8 5 17 9 7 17 13 8 17 9
32 114 12 6 3 6 11 10 8 11 8 9 11 12 0 12 11 1 12 12 2 12 12 0 13 13 1 13 11 2 13 12 6 13 10 8 13 11 9 13 13
33 120 4 4 1 1 19 16 6 19 12 8 19 9 9 19 11
34 125 10 5 3 4 16 12 5 16 12 7 16 11 9 16 12 3 18 14 7 18 10 3 19 15 4 19 9 5 19 12 9 19 9
35 127 8 4 3 2 11 8 3 11 8 5 11 12 8 11 7 2 15 10 5 15 12 3 17 11 8 17 10
36 132 24 6 6 2 10 7 3 10 10 5 10 11 8 10 7 9 10 9 0 12 9 3 12 10 5 12 7 8 12 9 9 12 11 2 14 13 3 14 11 5 14 11 8 14 11 9 14 10 0 15 8 9 15 10 0 16 13 2 16 9 3 16 9 8 16 12 0 17 11 2 17 15 5 17 11
37 135 6 6 2 6 10 10 0 16 11 2 16 10 3 16 10 5 16 9 7 16 12
38 137 6 6 3 6 11 11 0 12 9 2 12 12 7 12 11 9 12 7 5 14 11
39 140 5 5 2 4 14 11 7 14 7 8 14 9 9 14 12 0 19 12
40 146 6 6 1 0 11 13 1 11 15 2 11 8 4 11 8 6 11 10 8 11 13
41 149 12 4 5 3 10 11 7 10 12 8 10 9 7 11 10 8 11 10 3 16 12 4 16 6 8 16 11 3 18 12 4 18 13 7 18 14 4 19 11
42 155 6 6 1 0 10 7 2 10 8 3 10 11 5 10 16 6 10 10 7 10 11
43 156 1 1 1 4 11 9
44 159 6 6 3 9 11 9 2 15 11 3 15 9 4 15 7 6 15 7 0 18 11
45 160 24 6 7 2 10 11 3 10 10 4 10 12 5 10 12 0 11 9 2 11 13 3 11 10 4 11 9 5 11 11 0 13 7 6 13 10 3 16 9 5 16 11 6 16 10 0 17 11 2 17 10 3 17 11 4 17 12 5 17 10 6 17 9 2 18 13 6 18 10 0 19 12 4 19 8
46 161 60 6 10 0 10 16 1 10 10 3 10 13 5 10 7 7 10 10 9 10 13 0 11 11 1 11 10 3 11 11 5 11 10 7 11 9 9 11 10 0 12 9 1 12 9 3 12 12 5 12 9 7 12 8 9 12 9 0 13 12 1 13 11 3 13 11 5 13 13 7 13 12 9 13 10 0 14 11 1 14 10 3 14 11 5 14 6 7 14 7 9 14 9 0 15 10 1 15 13 3 15 14 5 15 10 7 15 13 9 15 11 0 16 9 1 16 11 3 16 11 5 16 9 7 16 10 9 16 10 0 17 10 1 17 9 3 17 9 5 17 8 7 17 8 9 17 10 0 18 9 1 18 10 3 18 9 5 18 8 7 18 8 9 18 12 0 19 14 1 19 11 3 19 12 5 19 11 7 19 10 9 19 12
47 163 1 1 1 3 14 7
48 166 1 1 1 7 17 8
49 167 4 2 2 1 13 13 8 13 8 1 16 15 8 16 9
50 169 10 1 10 1 10 8 1 11 12 1 12 10 1 13 9 1 14 9 1 15 12 1 16 11 1 17 12 1 18 10 1 19 9
51 170 12 6 3 1 15 14 7 15 13 8 15 12 9 15 8 0 16 11 2 16 14 0 17 11 1 17 14 2 17 10 7 17 12 8 17 8 9 17 9
52 176 8 4 3 1 10 8 3 10 10 8 10 10 1 11 9 2 11 17 3 11 10 8 11 12 2 13 8
53 177 10 1 10 0 10 8 0 11 10 0 12 7 0 13 11 0 14 13 0 15 11 0 16 11 0 17 9 0 18 13 0 19 13
54 184 2 2 1 7 18 11 8 18 13
55 188 1 1 1 0 17 8
56 189 2 2 2 9 13 11 4 18 15
57 193 12 6 3 2 10 11 3 10 16 7 10 12 8 10 10 1 16 9 2 16 12 3 16 10 9 16 9 1 18 12 7 18 12 8 18 7 9 18 14
58 198 6 3 2 3 16 9 6 16 10 8 16 10 3 18 8 6 18 10 8 18 8
59 204 1 1 1 3 17 14
60 206 2 2 1 7 12 11 9 12 9
61 208 6 6 2 0 12 9 5 12 12 6 12 9 8 12 12 4 19 9 9 19 6
62 219 20 2 10 2 10 9 7 10 10 2 11 11 7 11 8 2 12 14 7 12 7 2 13 11 7 13 5 2 14 10 7 14 10 2 15 10 7 15 7 2 16 14 7 16 14 2 17 9 7 17 9 2 18 9 7 18 9 2 19 12 7 19 9
63 225 3 3 2 0 17 12 8 17 9 2 19 10
64 229 5 5 2 3 12 14 7 12 9 8 12 12 4 17 8 9 17 11
65 231 24 6 7 1 10 13 2 10 9 3 10 6 8 10 6 0 12 9 1 12 12 5 12 10 0 14 8 2 14 13 3 14 12 5 14 11 1 15 11 3 15 12 5 15 12 8 15 13 2 16 12 5 16 8 8 16 14 0 17 10 0 18 9 1 18 13 2 18 8 3 18 11 8 18 13
66 232 60 6 10 1 10 14 2 10 7 4 10 11 7 10 7 8 10 12 9 10 9 1 11 9 2 11 13 4 11 8 7 11 11 8 11 10 9 11 8 1 12 12 2 12 13 4 12 9 7 12 9 8 12 11 9 12 9 1 13 14 2 13 6 4 13 13 7 13 12 8 13 12 9 13 11 1 14 10 2 14 9 4 14 13 7 14 12 8 14 12 9 14 9 1 15 10 2 15 8 4 15 10 7 15 12 8 15 11 9 15 12 1 16 6 2 16 11 4 16 13 7 16 7 8 16 11 9 16 12 1 17 15 2 17 10 4 17 11 7 17 13 8 17 8 9 17 11 1 18 9 2 18 9 4 18 8 7 18 13 8 18 11 9 18 8 1 19 11 2 19 12 4 19 11 7 19 10 8 19 8 9 19 11
67 235 3 3 1 0 18 7 6 18 12 7 18 8
68 236 12 4 4 2 10 15 3 10 9 6 10 14 7 10 12 2 13 12 7 13 9 3 16 10 6 16 11 2 18 11 3 18 9 6 18 10 7 18 12
69 238 15 5 6 2 13 6 5 13 9 8 13 12 2 15 7 4 15 13 5 15 10 6 15 8 8 15 7 5 16 10 4 17 12 8 17 11 4 18 13 6 18 8 2 19 12 6 19 7
70 245 4 4 1 2 14 8 4 14 12 5 14 9 7 14 14
71 247 6 3 3 7 11 14 0 15 8 8 15 14 0 17 10 7 17 11 8 17 11
72 253 6 6 1 0 17 9 2 17 13 5 17 11 6 17 12 7 17 14 9 17 11
73 257 6 6 1 0 18 12 1 18 10 4 18 7 5 18 13 6 18 12 9 18 10
74 258 3 3 1 0 17 14 6 17 8 9 17 10
75 264 12 4 5 3 14 9 4 14 14 9 14 8 3 15 11 4 15 7 5 15 10 3 16 11 9 16 11 5 18 9 9 18 10 4 19 10 5 19 10
76 270 6 3 3 4 14 7 5 14 9 6 14 11 4 16 8 6 16 9 5 17 11
77 275 6 3 3 7 13 11 0 16 11 7 16 10 9 16 10 0 17 10 9 17 11
78 276 1 1 1 5 14 10
79 277 40 4 10 0 10 15 1 10 8 4 10 12 6 10 11 0 11 11 1 11 14 4 11 13 6 11 11 0 12 11 1 12 9 4 12 10 6 12 9 0 13 8 1 13 12 4 13 8 6 13 13 0 14 9 1 14 13 4 14 11 6 14 12 0 15 11 1 15 10 4 15 9 6 15 11 0 16 10 1 16 9 4 16 11 6 16 9 0 17 12 1 17 10 4 17 9 6 17 13 0 18 11 1 18 11 4 18 11 6 18 10 0 19 10 1 19 11 4 19 11 6 19 12
80 282 1 1 1 6 12 11
81 288 6 6 2 3 11 9 4 11 7 0 13 10 5 13 14 7 13 10 8 13 10
82 291 6 6 2 1 15 9 2 15 10 3 15 11 5 15 10 6 15 12 7 19 13
83 298 2 2 1 1 16 12 3 16 13
84 299 5 5 1 4 11 13 5 11 13 7 11 11 8 11 10 9 11 9
85 305 3 3 1 1 19 11 2 19 11 6 19 13
86 306 6 6 1 1 11 11 2 11 10 3 11 11 7 11 11 8 11 15 9 11 9
87 312 4 4 1 1 12 12 3 12 7 5 12 10 7 12 9
88 313 2 2 1 0 19 13 1 19 10
89 314 60 6 10 0 10 12 1 10 10 2 10 12 3 10 11 7 10 7 9 10 12 0 11 7 1 11 14 2 11 10 3 11 10 7 11 11 9 11 13 0 12 10 1 12 7 2 12 12 3 12 12 7 12 9 9 12 10 0 13 10 1 13 12 2 13 13 3 13 16 7 13 9 9 13 10 0 14 11 1 14 8 2 14 13 3 14 12 7 14 9 9 14 11 0 15 11 1 15 9 2 15 10 3 15 13 7 15 10 9 15 11 0 16 9 1 16 7 2 16 11 3 16 10 7 16 10 9 16 12 0 17 7 1 17 9 2 17 8 3 17 9 7 17 12 9 17 10 0 18 10 1 18 10 2 18 7 3 18 10 7 18 13 9 18 11 0 19 8 1 19 11 2 19 9 3 19 11 7 19 13 9 19 9
90 319 3 3 1 0 10 12 1 10 6 8 10 9
91 325 12 6 3 1 12 9 5 12 11 6 12 12 7 12 13 1 13 8 3 13 11 4 13 9 7 13 7 3 15 11 4 15 11 5 15 12 6 15 8
92 334 20 2 10 5 10 15 9 10 11 5 11 11 9 11 10 5 12 9 9 12 13 5 13 8 9 13 9 5 14 10 9 14 12 5 15 10 9 15 9 5 16 11 9 16 10 5 17 12 9 17 11 5 18 9 9 18 11 5 19 12 9 19 9
93 337 8 4 4 1 12 12 2 12 13 2 13 7 4 13 9 1 15 12 7 15 9 4 19 9 7 19 10
94 342 12 6 3 0 15 11 2 15 10 4 15 9 7 15 11 0 17 13 1 17 10 6 17 9 7 17 8 1 18 15 2 18 10 4 18 10 6 18 12
95 343 3 3 1 0 18 13 5 18 8 9 18 10
96 344 18 6 6 2 10 11 7 10 12 2 13 13 4 13 12 5 13 8 9 13 9 0 15 9 4 15 11 5 15 14 9 15 12 0 16 9 5 16 10 7 16 6 2 18 7 4 18 12 7 18 8 0 19 10 9 19 11
97 354 6 6 2 1 13 13 2 13 15 6 13 16 7 13 14 0 17 11 9 17 9
98 356 2 2 1 6 19 10 8 19 9
99 359 4 4 1 1 14 14 4 14 11 6 14 13 8 14 11
