20 100
0 0 8 4 3 8 15 11 9 15 8 5 18 9 7 18 11 8 18 13 5 19 7 7 19 8 9 19 7
1 2 2 2 1 3 11 10 8 11 10
2 4 2 2 1 3 17 10 7 17 11
3 8 3 3 1 2 12 10 3 12 10 9 12 12
4 10 3 3 1 3 15 10 4 15 11 8 15 6
5 11 2 2 1 5 14 11 6 14 11
6 13 40 4 10 0 10 10 1 10 11 8 10 13 9 10 12 0 11 13 1 11 10 8 11 7 9 11 10 0 12 10 1 12 13 8 12 10 9 12 8 0 13 11 1 13 9 8 13 12 9 13 7 0 14 14 1 14 7 8 14 9 9 14 9 0 15 11 1 15 13 8 15 10 9 15 10 0 16 10 1 16 11 8 16 10 9 16 12 0 17 11 1 17 11 8 17 8 9 17 9 0 18 8 1 18 9 8 18 11 9 18 11 0 19 10 1 19 11 8 19 11 9 19 10
7 14 24 6 6 4 10 11 6 10 9 8 10 11 9 10 10 4 12 9 5 12 11 6 12 11 7 12 11 9 12 13 4 15 12 5 15 11 7 15 12 9 15 8 5 16 11 7 16 13 8 16 9 4 17 9 6 17 8 8 17 9 5 19 10 6 19 9 7 19 12 8 19 11 9 19 9
8 17 24 6 8 5 10 8 3 11 12 6 11 8 8 11 10 9 11 10 9 12 13 1 13 9 3 13 8 5 13 12 6 13 9 1 14 14 8 14 9 1 15 9 3 15 11 5 15 13 8 15 11 9 15 10 1 17 12 3 17 10 6 17 13 8 17 11 5 18 9 6 18 10 9 18 11
9 20 1 1 1 7 16 9
10 24 1 1 1 6 17 11
11 27 2 2 1 4 16 10 8 16 8
12 28 6 6 1 1 16 11 3 16 11 4 16 10 5 16 10 6 16 12 7 16 9
13 42 18 6 6 2 10 11 3 10 8 7 10 9 2 12 7 3 12 6 5 12 11 0 13 10 5 13 11 7 13 13 0 14 10 1 14 7 3 14 14 7 14 8 1 15 13 5 15 10 0 19 10 1 19 10 2 19 6
14 43 6 6 1 0 15 11 2 15 11 4 15 10 6 15 8 7 15 11 9 15 10
15 45 2 2 1 1 11 9 9 11 14
16 46 2 2 1 4 14 9 7 14 10
17 47 8 4 3 0 11 9 1 11 14 3 11 13 0 13 12 5 13 13 1 14 9 3 14 13 5 14 9
18 52 18 6 6 1 10 13 3 10 12 1 11 15 3 11 9 7 11 12 8 11 11 9 11 15 6 12 10 7 12 13 9 12 11 1 16 8 6 16 11 8 16 13 3 17 5 6 18 14 7 18 8 8 18 10 9 18 14
19 57 12 6 4 8 12 7 9 12 11 0 13 9 7 13 10 4 16 10 5 16 8 7 16 13 8 16 6 0 18 8 4 18 11 5 18 6 9 18 10
20 59 3 3 1 3 11 11 4 11 8 9 11 13
21 67 6 6 1 0 19 11 3 19 7 4 19 9 6 19 10 7 19 12 9 19 11
22 68 18 6 6 1 11 13 6 11 8 1 12 11 8 12 15 3 13 13 4 13 10 6 13 10 8 13 9 1 15 8 3 15 11 5 15 10 8 15 10 4 18 8 5 18 12 6 18 11 3 19 13 4 19 14 5 19 12
23 71 6 6 1 1 14 10 2 14 12 5 14 13 6 14 10 8 14 11 9 14 11
24 80 1 1 1 9 13 13
25 86 12 6 3 0 10 10 2 10 11 5 10 8 0 11 12 1 11 10 2 11 12 8 11 11 9 11 13 1 19 8 5 19 11 8 19 11 9 19 10
26 89 3 3 1 0 10 8 5 10 12 9 10 6
27 90 2 2 1 3 18 14 7 18 9
28 91 6 6 1 0 14 10 3 14 11 4 14 11 5 14 12 6 14 8 7 14 12
29 95 35 5 10 1 10 10 2 10 7 3 10 11 7 10 12 9 10 12 2 11 11 3 11 12 7 11 7 9 11 12 1 12 9 2 12 10 3 12 13 1 13 10 2 13 11 3 13 14 7 13 10 9 13 11 1 14 12 3 14 10 7 14 12 9 14 12 1 15 10 9 15 10 3 16 10 7 16 10 1 17 12 2 17 9 3 17 9 2 18 11 7 18 10 9 18 12 1 19 13 2 19 13 7 19 10 9 19 10
30 101 3 3 1 0 18 11 3 18 11 4 18 8
31 107 3 3 1 2 16 11 4 16 14 7 16 10
32 114 8 4 3 0 11 11 9 11 8 4 16 13 7 16 9 9 16 10 0 18 9 4 18 8 7 18 7
33 120 24 6 6 0 11 11 2 11 9 3 11 13 6 11 10 9 11 11 0 13 9 2 13 9 3 13 13 9 13 9 0 15 10 3 15 10 4 15 13 6 15 8 9 15 9 2 16 11 4 16 9 6 16 9 9 16 10 0 18 12 4 18 12 6 18 7 2 19 9 3 19 10 4 19 8
34 125 15 5 5 7 10 9 9 10 11 4 11 10 8 11 14 9 11 9 3 14 11 4 14 12 3 17 11 4 17 12 7 17 10 8 17 10 9 17 10 3 19 12 7 19 8 8 19 9
35 127 60 6 10 0 10 11 1 10 10 3 10 11 5 10 8 7 10 13 9 10 13 0 11 10 1 11 10 3 11 9 5 11 13 7 11 12 9 11 13 0 12 11 1 12 7 3 12 7 5 12 14 7 12 10 9 12 11 0 13 9 1 13 9 3 13 9 5 13 10 7 13 10 9 13 9 0 14 9 1 14 13 3 14 12 5 14 10 7 14 11 9 14 6 0 15 13 1 15 13 3 15 12 5 15 13 7 15 9 9 15 11 0 16 13 1 16 12 3 16 9 5 16 14 7 16 12 9 16 11 0 17 12 1 17 7 3 17 11 5 17 14 7 17 9 9 17 10 0 18 9 1 18 7 3 18 11 5 18 8 7 18 7 9 18 13 0 19 12 1 19 9 3 19 15 5 19 12 7 19 14 9 19 6
36 132 24 6 7 2 11 9 3 11 9 4 11 9 5 11 11 7 11 10 2 12 11 3 12 10 4 12 10 5 12 14 8 12 6 8 13 9 2 14 13 3 14 11 5 14 11 7 14 12 8 14 9 3 15 6 7 15 14 2 18 12 4 18 13 5 18 10 8 18 12 4 19 11 7 19 8
37 135 1 1 1 3 18 12
38 137 18 6 6 1 11 11 3 11 6 5 11 11 1 12 12 3 12 10 4 12 12 7 12 8 4 13 10 7 13 11 4 15 11 5 15 11 7 15 11 8 15 15 1 17 11 5 17 10 8 17 9 3 19 10 8 19 10
39 140 3 3 1 3 15 11 4 15 10 9 15 7
40 146 3 3 1 2 13 13 7 13 9 8 13 8
41 149 2 2 2 6 10 8 9 14 9
42 155 12 6 4 1 12 6 3 12 10 5 12 8 8 12 11 0 13 6 2 13 13 8 13 11 5 14 11 0 17 11 1 17 14 2 17 9 3 17 14
43 156 6 6 2 3 17 11 4 17 13 7 17 11 8 17 9 0 18 10 9 18 12
44 159 3 3 2 1 11 10 3 11 13 0 15 9
45 160 18 6 6 0 10 9 2 10 9 5 10 8 8 10 11 7 11 11 9 11 13 0 13 12 7 13 6 8 13 12 9 13 16 2 14 11 5 14 8 7 14 10 9 14 15 0 15 8 5 15 13 2 18 9 8 18 10
46 161 6 6 1 0 12 6 1 12 11 3 12 10 4 12 11 6 12 12 7 12 11
47 163 18 6 6 0 11 10 3 11 14 5 11 8 7 12 11 5 13 11 6 13 14 7 13 8 8 13 10 0 15 10 3 15 13 5 16 9 6 16 12 8 16 14 0 18 9 3 18 8 6 18 11 7 18 8 8 18 10
48 166 6 6 1 3 18 13 4 18 9 5 18 11 6 18 15 8 18 9 9 18 9
49 167 8 4 4 1 11 6 4 11 9 8 11 12 3 14 12 8 14 7 1 15 9 3 15 9 4 19 9
50 169 1 1 1 1 15 11
51 170 30 3 10 3 10 10 5 10 9 9 10 8 3 11 11 5 11 7 9 11 10 3 12 10 5 12 9 9 12 12 3 13 11 5 13 11 9 13 8 3 14 13 5 14 9 9 14 8 3 15 11 5 15 10 9 15 12 3 16 9 5 16 7 9 16 11 3 17 11 5 17 9 9 17 15 3 18 9 5 18 8 9 18 11 3 19 11 5 19 9 9 19 8
52 176 1 1 1 9 19 10
53 177 18 6 6 5 13 7 7 13 10 8 13 8 9 13 10 4 15 11 2 16 11 8 16 13 9 16 13 5 17 10 7 17 12 2 18 12 4 18 10 5 18 14 2 19 8 4 19 9 7 19 12 8 19 10 9 19 12
54 184 4 4 1 3 18 13 4 18 9 5 18 14 9 18 11
55 188 8 4 3 0 11 8 2 11 13 6 11 12 2 14 10 6 14 6 7 14 11 0 17 9 7 17 8
56 189 6 6 3 3 10 4 8 10 8 9 10 12 1 14 11 2 14 10 4 15 12
57 193 6 3 3 2 11 9 4 11 8 9 11 9 4 17 10 2 18 10 9 18 12
58 198 2 2 1 0 10 10 8 10 11
59 204 30 3 10 6 10 7 8 10 11 9 10 11 6 11 9 8 11 12 9 11 8 6 12 12 8 12 10 9 12 9 6 13 8 8 13 10 9 13 8 6 14 11 8 14 13 9 14 11 6 15 12 8 15 10 9 15 8 6 16 12 8 16 9 9 16 11 6 17 12 8 17 13 9 17 8 6 18 11 8 18 9 9 18 9 6 19 11 8 19 11 9 19 11
60 206 1 1 1 1 15 13
61 208 2 2 1 3 11 10 8 11 9
62 219 18 6 6 0 10 11 4 10 13 6 10 7 1 11 12 2 11 12 3 11 11 6 11 8 0 12 10 1 12 11 2 12 9 3 12 10 0 14 13 4 14 8 1 16 13 2 16 9 3 16 12 4 16 10 6 17 12
63 225 60 6 10 0 10 8 1 10 11 3 10 13 4 10 10 5 10 13 9 10 14 0 11 12 1 11 9 3 11 10 4 11 13 5 11 8 9 11 11 0 12 14 1 12 9 3 12 8 4 12 8 5 12 7 9 12 12 0 13 10 1 13 7 3 13 14 4 13 8 5 13 10 9 13 10 0 14 9 1 14 7 3 14 10 4 14 8 5 14 11 9 14 12 0 15 9 1 15 9 3 15 6 4 15 9 5 15 11 9 15 10 0 16 16 1 16 10 3 16 10 4 16 10 5 16 10 9 16 9 0 17 7 1 17 12 3 17 10 4 17 14 5 17 7 9 17 10 0 18 10 1 18 11 3 18 8 4 18 12 5 18 10 9 18 13 0 19 9 1 19 9 3 19 13 4 19 8 5 19 8 9 19 10
64 229 6 6 2 0 12 8 3 12 13 8 12 10 9 12 7 2 14 9 4 14 10
65 231 12 6 4 0 10 9 7 10 10 4 11 10 5 11 13 6 11 11 7 11 11 8 11 9 0 12 11 4 12 9 5 12 9 8 12 14 6 15 14
66 232 20 2 10 2 10 12 9 10 8 2 11 9 9 11 11 2 12 12 9 12 14 2 13 10 9 13 14 2 14 11 9 14 13 2 15 11 9 15 12 2 16 8 9 16 9 2 17 9 9 17 9 2 18 15 9 18 10 2 19 9 9 19 10
67 235 1 1 1 9 16 9
68 236 1 1 1 6 17 11
69 238 3 3 1 7 13 10 8 13 12 9 13 11
70 245 12 6 3 4 11 9 6 11 7 0 13 12 1 13 12 2 13 12 4 13 11 6 13 13 7 13 13 0 16 14 1 16 11 2 16 14 7 16 14
71 247 6 6 1 2 16 11 3 16 14 4 16 10 6 16 11 8 16 10 9 16 13
72 253 2 2 1 2 13 14 6 13 10
73 257 6 6 1 0 13 14 4 13 9 5 13 9 6 13 10 7 13 11 8 13 11
74 258 18 6 5 0 10 11 1 10 10 5 10 14 6 10 10 0 13 10 1 13 9 3 13 10 5 13 14 6 13 11 3 15 7 9 15 10 0 17 10 1 17 14 9 17 11 3 18 8 5 18 11 6 18 13 9 18 11
75 264 6 6 1 0 14 11 1 14 12 3 14 11 4 14 9 7 14 11 9 14 12
76 270 6 3 3 6 12 8 6 15 10 7 15 12 9 15 12 7 18 8 9 18 10
77 275 1 1 1 5 18 12
78 276 18 6 5 0 10 12 1 10 11 3 10 11 8 10 8 0 11 12 2 11 12 3 11 14 4 11 8 0 13 10 1 13 10 2 13 12 4 13 12 2 15 10 8 15 9 1 19 16 3 19 10 4 19 12 8 19 9
79 277 1 1 1 3 10 11
80 282 2 2 1 4 17 11 8 17 9
81 288 3 3 1 4 11 10 6 11 10 9 11 9
82 291 15 3 7 3 10 10 5 10 9 0 12 11 3 12 11 5 12 12 3 13 10 5 13 7 0 14 10 5 14 12 0 16 10 3 16 13 0 17 10 0 18 12 3 18 18 5 18 13
83 298 30 3 10 0 10 11 7 10 7 9 10 10 0 11 7 7 11 14 9 11 11 0 12 11 7 12 8 9 12 10 0 13 9 7 13 7 9 13 9 0 14 7 7 14 10 9 14 12 0 15 10 7 15 8 9 15 11 0 16 12 7 16 12 9 16 11 0 17 12 7 17 9 9 17 9 0 18 12 7 18 11 9 18 13 0 19 14 7 19 11 9 19 11
84 299 6 6 1 0 10 13 3 10 10 5 10 14 6 10 10 8 10 10 9 10 8
85 305 60 6 10 2 10 14 3 10 9 4 10 9 5 10 12 6 10 10 8 10 6 2 11 10 3 11 10 4 11 7 5 11 9 6 11 11 8 11 12 2 12 13 3 12 9 4 12 9 5 12 9 6 12 13 8 12 7 2 13 11 3 13 9 4 13 8 5 13 12 6 13 8 8 13 7 2 14 12 3 14 9 4 14 13 5 14 10 6 14 12 8 14 11 2 15 10 3 15 9 4 15 12 5 15 8 6 15 10 8 15 10 2 16 14 3 16 12 4 16 10 5 16 14 6 16 9 8 16 14 2 17 11 3 17 10 4 17 7 5 17 8 6 17 9 8 17 8 2 18 8 3 18 9 4 18 11 5 18 9 6 18 12 8 18 8 2 19 14 3 19 10 4 19 15 5 19 10 6 19 10 8 19 9
86 306 4 4 1 0 11 11 1 11 10 2 11 14 5 11 11
87 312 42 6 10 2 10 6 7 10 10 0 11 12 2 11 9 4 11 13 7 11 9 0 12 11 1 12 9 2 12 10 3 12 13 1 13 12 3 13 9 4 13 13 7 13 12 0 14 15 2 14 10 3 14 9 4 14 13 0 15 12 1 15 10 2 15 12 3 15 10 4 15 11 7 15 9 0 16 6 1 16 12 3 16 14 4 16 9 1 17 10 2 17 13 3 17 8 4 17 10 7 17 12 0 18 10 1 18 9 2 18 10 3 18 12 4 18 10 7 18 13 0 19 13 1 19 11 7 19 12
88 313 1 1 1 2 11 11
89 314 6 6 2 4 17 10 6 17 8 7 17 9 8 17 10 0 18 9 1 18 9
90 319 8 4 4 0 10 9 1 13 14 5 13 10 3 15 10 0 16 12 1 16 10 3 16 10 5 16 9
91 325 12 6 4 1 10 11 7 10 10 9 10 10 2 11 11 3 11 9 5 11 11 2 16 15 3 16 7 7 16 8 9 16 11 1 18 12 5 18 9
92 334 6 6 1 2 18 7 3 18 11 5 18 6 7 18 10 8 18 12 9 18 8
93 337 6 3 3 4 10 10 7 10 7 9 11 11 4 13 11 7 13 10 9 13 11
94 342 2 2 1 2 12 13 8 12 5
95 343 60 6 10 1 10 10 2 10 12 5 10 9 6 10 9 8 10 10 9 10 7 1 11 9 2 11 11 5 11 10 6 11 9 8 11 10 9 11 11 1 12 9 2 12 9 5 12 11 6 12 12 8 12 7 9 12 11 1 13 9 2 13 10 5 13 10 6 13 8 8 13 8 9 13 13 1 14 10 2 14 10 5 14 9 6 14 11 8 14 13 9 14 11 1 15 8 2 15 12 5 15 13 6 15 13 8 15 10 9 15 10 1 16 13 2 16 10 5 16 10 6 16 12 8 16 10 9 16 9 1 17 12 2 17 10 5 17 11 6 17 11 8 17 5 9 17 12 1 18 12 2 18 11 5 18 15 6 18 9 8 18 12 9 18 10 1 19 13 2 19 8 5 19 9 6 19 11 8 19 12 9 19 7
96 344 1 1 1 6 16 12
97 354 60 6 10 0 10 10 1 10 9 5 10 12 6 10 11 7 10 10 8 10 12 0 11 9 1 11 9 5 11 9 6 11 11 7 11 10 8 11 11 0 12 10 1 12 15 5 12 10 6 12 9 7 12 7 8 12 13 0 13 9 1 13 14 5 13 5 6 13 13 7 13 9 8 13 8 0 14 10 1 14 10 5 14 11 6 14 13 7 14 11 8 14 6 0 15 11 1 15 11 5 15 10 6 15 13 7 15 11 8 15 14 0 16 11 1 16 10 5 16 11 6 16 9 7 16 11 8 16 13 0 17 11 1 17 8 5 17 13 6 17 12 7 17 7 8 17 11 0 18 11 1 18 10 5 18 13 6 18 12 7 18 13 8 18 12 0 19 15 1 19 11 5 19 14 6 19 9 7 19 12 8 19 9
98 356 6 6 1 1 19 7 3 19 14 5 19 12 6 19 11 7 19 11 9 19 14
99 359 4 4 1 5 15 13 6 15 13 7 15 9 9 15 9
