20 100
0 0 3 3 2 0 13 10 5 13 8 3 16 12
1 2 6 3 3 0 10 14 1 10 10 6 10 10 0 14 12 6 14 12 1 17 8
2 4 12 6 3 4 11 12 5 11 11 8 11 13 9 11 10 0 15 13 7 15 5 8 15 13 9 15 13 0 17 7 4 17 12 5 17 10 7 17 14
3 8 6 6 1 0 11 10 1 11 9 4 11 12 6 11 13 7 11 12 8 11 10
4 10 10 5 3 0 10 11 2 10 16 3 10 9 0 11 9 2 11 11 5 11 9 9 11 6 3 18 8 5 18 8 9 18 9
5 11 6 3 3 7 10 9 8 10 8 0 11 12 0 18 10 7 18 10 8 18 10
6 13 3 3 1 0 19 10 1 19 10 9 19 10
7 14 18 6 6 3 12 12 8 12 14 1 13 16 5 13 9 8 13 13 0 14 10 1 14 8 3 14 8 5 14 10 8 14 11 0 16 11 3 16 12 5 16 14 6 16 11 6 17 11 0 18 10 1 18 9 6 18 10
8 17 4 4 1 0 11 12 3 11 13 5 11 9 9 11 12
9 20 1 1 1 4 13 14
10 24 2 2 1 6 15 7 7 15 8
11 27 60 6 10 1 10 10 2 10 10 4 10 13 5 10 14 6 10 11 7 10 12 1 11 15 2 11 11 4 11 11 5 11 10 6 11 12 7 11 7 1 12 11 2 12 12 4 12 8 5 12 9 6 12 8 7 12 10 1 13 13 2 13 9 4 13 11 5 13 14 6 13 7 7 13 6 1 14 10 2 14 9 4 14 10 5 14 13 6 14 13 7 14 10 1 15 9 2 15 12 4 15 9 5 15 8 6 15 10 7 15 10 1 16 11 2 16 9 4 16 8 5 16 13 6 16 12 7 16 13 1 17 13 2 17 12 4 17 6 5 17 10 6 17 6 7 17 11 1 18 9 2 18 10 4 18 11 5 18 7 6 18 15 7 18 11 1 19 8 2 19 9 4 19 11 5 19 15 6 19 10 7 19 11
12 28 3 3 1 3 12 12 4 12 12 8 12 9
13 42 2 2 1 1 13 13 9 13 8
14 43 6 6 3 3 11 10 5 11 14 7 11 13 0 15 12 9 15 13 6 19 10
15 45 2 2 2 3 10 15 8 17 11
16 46 18 6 6 0 10 13 4 10 10 5 10 10 8 10 5 4 11 10 9 11 11 6 12 10 8 12 9 9 12 6 0 14 11 4 14 10 5 14 11 0 15 11 6 15 11 8 15 12 5 19 11 6 19 9 9 19 14
17 47 6 3 3 2 15 12 3 15 10 9 15 11 9 16 11 2 18 11 3 18 12
18 52 1 1 1 2 12 15
19 57 6 6 2 1 17 11 2 17 10 5 17 8 7 17 11 4 19 10 8 19 11
20 59 1 1 1 9 13 10
21 67 18 6 6 3 10 8 7 10 12 9 10 10 0 12 13 0 14 12 2 14 10 6 14 9 9 14 11 3 15 12 9 15 6 0 17 13 2 17 8 6 17 11 7 17 12 2 18 10 3 18 13 6 18 9 7 18 9
22 68 24 6 7 2 10 9 4 10 12 7 10 11 2 11 13 5 11 14 7 11 12 0 13 13 2 13 15 4 13 10 8 13 7 0 14 11 5 14 7 7 14 5 8 14 11 0 15 8 4 15 10 5 15 9 8 15 12 4 16 12 0 18 12 2 18 10 5 18 14 7 18 9 8 18 15
23 71 3 3 1 3 19 8 4 19 14 5 19 7
24 80 6 6 2 1 16 9 2 16 12 6 16 11 4 18 9 5 18 10 8 18 9
25 86 2 2 1 2 12 10 4 12 11
26 89 1 1 1 6 16 12
27 90 20 2 10 6 10 9 9 10 13 6 11 10 9 11 10 6 12 14 9 12 10 6 13 15 9 13 7 6 14 7 9 14 15 6 15 8 9 15 8 6 16 10 9 16 10 6 17 10 9 17 10 6 18 12 9 18 8 6 19 11 9 19 10
28 91 12 6 3 1 12 10 6 12 13 7 12 11 8 12 10 0 14 12 2 14 12 6 14 14 8 14 15 0 17 12 1 17 10 2 17 11 7 17 10
29 95 6 6 2 7 15 11 8 15 10 9 15 11 1 16 11 3 16 10 6 16 10
30 101 1 1 1 1 17 11
31 107 60 6 10 1 10 14 2 10 12 3 10 9 5 10 9 7 10 9 9 10 12 1 11 10 2 11 14 3 11 10 5 11 11 7 11 10 9 11 10 1 12 9 2 12 9 3 12 10 5 12 13 7 12 10 9 12 13 1 13 11 2 13 12 3 13 10 5 13 13 7 13 11 9 13 10 1 14 9 2 14 12 3 14 7 5 14 12 7 14 12 9 14 12 1 15 11 2 15 15 3 15 12 5 15 9 7 15 8 9 15 10 1 16 11 2 16 11 3 16 9 5 16 15 7 16 10 9 16 10 1 17 11 2 17 10 3 17 9 5 17 13 7 17 11 9 17 7 1 18 10 2 18 13 3 18 13 5 18 11 7 18 11 9 18 8 1 19 14 2 19 11 3 19 11 5 19 14 7 19 6 9 19 12
32 114 2 2 1 7 18 6 8 18 9
33 120 6 6 2 3 12 9 7 12 14 8 12 12 0 19 9 1 19 12 4 19 12
34 125 24 6 8 9 10 7 2 11 10 6 11 7 9 11 13 2 12 8 3 12 12 6 12 10 7 12 11 8 12 12 9 12 16 2 13 10 7 13 9 3 14 12 6 14 8 8 14 9 3 15 11 7 16 11 8 16 10 2 19 12 3 19 11 6 19 12 7 19 13 8 19 11 9 19 9
35 127 1 1 1 4 16 11
36 132 24 6 6 1 12 11 3 12 16 4 12 8 5 12 11 8 12 14 1 13 9 2 13 8 3 13 12 4 13 6 5 13 13 8 13 8 2 14 12 3 14 9 5 14 11 1 15 14 2 15 10 3 15 11 4 15 12 5 15 5 8 15 10 2 17 13 4 17 12 8 17 8 1 19 12
37 135 2 2 2 0 11 7 7 14 10
38 137 3 3 1 1 16 9 4 16 12 8 16 14
39 140 1 1 1 7 15 5
40 146 6 6 1 0 10 9 1 10 11 2 10 11 3 10 11 7 10 6 8 10 8
41 149 18 6 6 4 12 10 5 12 12 6 12 7 1 13 8 4 13 10 5 13 10 1 14 13 3 14 7 7 14 10 1 17 10 3 17 12 5 17 12 6 17 8 7 17 12 3 18 12 6 18 8 4 19 8 7 19 10
42 155 6 6 2 4 12 10 7 12 13 2 19 11 6 19 11 8 19 10 9 19 11
43 156 3 3 1 3 11 11 6 11 12 7 11 7
44 159 60 6 10 0 10 14 3 10 12 5 10 10 6 10 11 7 10 13 8 10 10 0 11 12 3 11 9 5 11 11 6 11 13 7 11 9 8 11 8 0 12 11 3 12 9 5 12 10 6 12 10 7 12 11 8 12 8 0 13 14 3 13 10 5 13 9 6 13 10 7 13 10 8 13 13 0 14 13 3 14 10 5 14 8 6 14 9 7 14 8 8 14 9 0 15 10 3 15 10 5 15 9 6 15 5 7 15 10 8 15 12 0 16 12 3 16 8 5 16 7 6 16 9 7 16 9 8 16 12 0 17 8 3 17 9 5 17 11 6 17 12 7 17 13 8 17 9 0 18 11 3 18 11 5 18 14 6 18 12 7 18 8 8 18 13 0 19 10 3 19 13 5 19 10 6 19 11 7 19 5 8 19 10
45 160 36 6 10 6 10 13 7 10 12 3 11 12 4 11 11 6 11 9 4 12 11 7 12 9 9 12 9 4 13 9 6 13 11 7 13 7 9 13 8 0 14 9 3 14 13 4 14 9 6 14 9 9 14 13 0 15 7 3 15 10 9 15 10 0 16 10 3 16 11 4 16 7 6 16 10 7 16 10 9 16 13 0 17 14 4 17 10 7 17 12 9 17 12 0 18 7 3 18 9 7 18 12 0 19 6 3 19 13 6 19 15
46 161 6 6 2 3 11 11 5 11 7 9 11 11 1 13 10 6 13 11 8 13 10
47 163 2 2 1 0 13 8 9 13 13
48 166 18 6 5 0 12 10 2 12 9 7 12 8 8 12 10 0 15 10 2 15 10 5 15 13 8 15 9 0 16 7 1 16 11 5 16 10 7 16 9 1 17 9 7 17 7 8 17 10 1 18 13 2 18 10 5 18 12
49 167 2 2 1 5 19 12 6 19 15
50 169 2 2 1 1 12 12 7 12 10
51 170 18 6 6 2 10 9 4 10 8 1 13 13 5 13 9 7 13 13 1 15 11 3 15 11 5 15 7 1 16 13 2 16 9 3 16 8 4 16 10 5 16 8 7 18 8 2 19 11 3 19 12 4 19 12 7 19 12
52 176 6 6 2 2 11 10 6 11 9 0 12 11 3 12 15 4 12 10 7 12 12
53 177 2 2 1 1 14 10 5 14 10
54 184 3 3 2 0 15 8 7 16 11 8 16 8
55 188 3 3 1 2 18 5 4 18 9 6 18 11
56 189 24 6 6 2 10 12 6 10 14 1 11 9 2 11 11 5 11 10 6 11 11 7 11 9 1 14 8 2 14 10 5 14 10 6 14 14 7 14 10 8 14 11 7 15 9 8 15 12 1 17 14 2 17 9 5 17 8 8 17 11 1 19 11 5 19 12 6 19 8 7 19 12 8 19 8
57 193 12 6 4 1 11 16 8 11 8 3 13 13 6 13 12 9 13 11 5 18 10 6 18 14 9 18 11 1 19 9 3 19 12 5 19 10 8 19 11
58 198 60 6 10 0 10 9 2 10 13 3 10 8 4 10 11 5 10 12 7 10 8 0 11 10 2 11 10 3 11 11 4 11 15 5 11 10 7 11 10 0 12 11 2 12 12 3 12 11 4 12 13 5 12 13 7 12 12 0 13 10 2 13 10 3 13 12 4 13 9 5 13 11 7 13 12 0 14 10 2 14 11 3 14 9 4 14 8 5 14 10 7 14 11 0 15 15 2 15 9 3 15 9 4 15 11 5 15 10 7 15 14 0 16 8 2 16 9 3 16 10 4 16 12 5 16 6 7 16 13 0 17 11 2 17 14 3 17 10 4 17 10 5 17 11 7 17 11 0 18 11 2 18 10 3 18 7 4 18 10 5 18 12 7 18 8 0 19 10 2 19 8 3 19 10 4 19 12 5 19 13 7 19 7
59 204 1 1 1 1 17 13
60 206 18 6 5 5 10 11 7 10 10 9 10 6 2 12 8 4 12 11 5 12 10 7 12 7 9 12 10 0 13 8 5 13 13 0 14 12 2 14 17 4 14 15 9 14 10 0 17 9 2 17 9 4 17 11 7 17 14
61 208 6 6 2 1 11 15 3 11 11 6 11 9 2 14 8 5 14 11 8 14 9
62 219 3 3 2 6 14 8 1 18 9 5 18 10
63 225 1 1 1 0 11 10
64 229 3 3 1 5 13 10 7 13 13 8 13 10
65 231 18 6 5 2 11 12 4 11 16 5 11 13 0 12 10 4 12 12 5 12 8 0 15 10 1 15 9 6 15 13 0 17 13 1 17 11 2 17 9 6 17 8 1 18 5 2 18 11 4 18 10 5 18 8 6 18 10
66 232 24 6 7 4 10 10 6 10 11 9 10 10 6 12 6 7 12 10 8 12 10 4 13 8 5 13 14 7 13 10 9 13 10 4 14 9 6 14 12 8 14 10 5 15 8 8 15 7 9 15 13 5 16 12 7 16 9 8 16 11 4 19 9 5 19 11 6 19 10 7 19 11 9 19 12
67 235 2 2 1 0 14 12 1 14 7
68 236 60 6 10 2 10 11 3 10 10 5 10 17 7 10 12 8 10 14 9 10 12 2 11 13 3 11 12 5 11 7 7 11 12 8 11 8 9 11 10 2 12 11 3 12 10 5 12 15 7 12 10 8 12 11 9 12 10 2 13 9 3 13 10 5 13 9 7 13 16 8 13 12 9 13 7 2 14 12 3 14 11 5 14 10 7 14 11 8 14 10 9 14 12 2 15 9 3 15 10 5 15 13 7 15 7 8 15 11 9 15 8 2 16 11 3 16 12 5 16 14 7 16 11 8 16 10 9 16 11 2 17 15 3 17 12 5 17 12 7 17 8 8 17 10 9 17 13 2 18 13 3 18 10 5 18 9 7 18 11 8 18 11 9 18 5 2 19 10 3 19 7 5 19 11 7 19 12 8 19 11 9 19 11
69 238 8 4 4 4 13 11 8 13 15 1 15 9 4 15 11 0 18 10 8 18 14 0 19 7 1 19 14
70 245 6 6 1 0 12 9 1 12 15 3 12 11 6 12 7 7 12 9 9 12 13
71 247 1 1 1 3 14 8
72 253 18 6 5 0 10 11 2 10 10 3 10 10 7 10 11 2 11 13 3 11 13 4 11 11 2 12 14 4 12 12 6 12 11 0 15 14 4 15 8 6 15 11 7 15 11 0 18 10 3 18 8 6 18 11 7 18 11
73 257 6 6 1 0 15 10 1 15 9 5 15 11 7 15 9 8 15 11 9 15 13
74 258 6 6 2 2 11 8 3 11 12 4 11 12 6 11 9 5 18 11 9 18 8
75 264 8 4 3 4 11 11 6 11 15 9 11 10 3 14 11 6 14 7 9 14 8 3 15 12 4 15 6
76 270 60 6 10 0 10 7 2 10 11 3 10 8 4 10 15 7 10 10 9 10 11 0 11 11 2 11 11 3 11 10 4 11 8 7 11 9 9 11 12 0 12 10 2 12 10 3 12 10 4 12 10 7 12 11 9 12 9 0 13 13 2 13 10 3 13 7 4 13 15 7 13 12 9 13 10 0 14 11 2 14 7 3 14 10 4 14 13 7 14 11 9 14 9 0 15 10 2 15 13 3 15 10 4 15 11 7 15 12 9 15 9 0 16 7 2 16 7 3 16 14 4 16 13 7 16 9 9 16 14 0 17 11 2 17 12 3 17 12 4 17 10 7 17 10 9 17 13 0 18 7 2 18 12 3 18 13 4 18 12 7 18 5 9 18 9 0 19 15 2 19 8 3 19 10 4 19 12 7 19 9 9 19 12
77 275 60 6 10 1 10 9 2 10 10 3 10 12 7 10 10 8 10 11 9 10 12 1 11 10 2 11 9 3 11 9 7 11 12 8 11 9 9 11 11 1 12 9 2 12 9 3 12 10 7 12 8 8 12 12 9 12 12 1 13 10 2 13 14 3 13 11 7 13 8 8 13 9 9 13 5 1 14 10 2 14 10 3 14 8 7 14 9 8 14 11 9 14 12 1 15 10 2 15 10 3 15 12 7 15 9 8 15 15 9 15 7 1 16 8 2 16 10 3 16 12 7 16 13 8 16 12 9 16 10 1 17 12 2 17 10 3 17 9 7 17 9 8 17 7 9 17 11 1 18 13 2 18 15 3 18 10 7 18 11 8 18 10 9 18 9 1 19 10 2 19 10 3 19 12 7 19 14 8 19 11 9 19 11
78 276 6 6 2 2 11 15 3 11 12 4 11 11 8 11 11 1 18 16 7 18 7
79 277 60 6 10 1 10 9 2 10 10 3 10 7 6 10 10 7 10 10 9 10 12 1 11 6 2 11 14 3 11 9 6 11 13 7 11 11 9 11 13 1 12 13 2 12 11 3 12 11 6 12 11 7 12 10 9 12 11 1 13 10 2 13 13 3 13 8 6 13 9 7 13 8 9 13 8 1 14 7 2 14 14 3 14 12 6 14 12 7 14 10 9 14 10 1 15 9 2 15 14 3 15 12 6 15 12 7 15 12 9 15 13 1 16 11 2 16 9 3 16 7 6 16 9 7 16 13 9 16 7 1 17 11 2 17 11 3 17 7 6 17 11 7 17 13 9 17 10 1 18 9 2 18 9 3 18 8 6 18 10 7 18 8 9 18 12 1 19 8 2 19 7 3 19 9 6 19 9 7 19 9 9 19 13
80 282 18 6 6 1 11 8 5 11 10 6 11 9 1 12 10 8 12 11 9 12 14 1 14 11 4 14 7 8 14 13 9 14 13 4 16 13 5 16 8 6 16 12 4 18 10 5 19 7 6 19 7 8 19 12 9 19 13
81 288 1 1 1 7 11 11
82 291 12 6 4 0 10 11 2 10 10 5 10 6 8 10 13 1 12 11 2 12 10 7 12 9 8 12 15 1 16 10 5 16 10 0 18 12 7 18 13
83 298 6 6 3 1 11 13 3 13 11 4 13 13 6 13 6 8 13 10 9 19 10
84 299 3 3 1 0 15 13 2 15 10 3 15 9
85 305 2 2 1 1 19 9 9 19 10
86 306 60 6 10 0 10 9 3 10 11 4 10 11 6 10 11 7 10 15 8 10 9 0 11 7 3 11 12 4 11 9 6 11 14 7 11 12 8 11 11 0 12 10 3 12 11 4 12 13 6 12 12 7 12 9 8 12 11 0 13 12 3 13 6 4 13 12 6 13 10 7 13 9 8 13 14 0 14 10 3 14 5 4 14 10 6 14 11 7 14 9 8 14 10 0 15 9 3 15 9 4 15 10 6 15 12 7 15 13 8 15 13 0 16 8 3 16 12 4 16 9 6 16 10 7 16 9 8 16 12 0 17 12 3 17 10 4 17 10 6 17 12 7 17 11 8 17 12 0 18 8 3 18 11 4 18 10 6 18 10 7 18 12 8 18 14 0 19 13 3 19 9 4 19 14 6 19 13 7 19 8 8 19 13
87 312 2 2 1 5 11 11 8 11 9
88 313 2 2 1 0 11 12 6 11 7
89 314 1 1 1 7 17 10
90 319 6 6 1 0 16 11 1 16 8 2 16 8 4 16 9 6 16 7 8 16 9
91 325 4 4 1 0 11 11 1 11 10 5 11 10 7 11 8
92 334 6 6 1 3 11 8 4 11 10 5 11 8 7 11 8 8 11 11 9 11 8
93 337 6 6 1 1 11 11 2 11 11 3 11 10 5 11 10 6 11 12 7 11 9
94 342 4 4 2 0 10 9 5 10 9 7 10 10 4 12 12
95 343 1 1 1 5 13 12
96 344 6 6 2 5 14 10 9 14 14 0 15 9 2 15 12 6 15 11 8 15 11
97 354 60 6 10 2 10 12 3 10 10 4 10 10 7 10 15 8 10 9 9 10 10 2 11 14 3 11 10 4 11 12 7 11 11 8 11 12 9 11 11 2 12 13 3 12 7 4 12 15 7 12 7 8 12 13 9 12 9 2 13 11 3 13 10 4 13 7 7 13 12 8 13 10 9 13 11 2 14 11 3 14 11 4 14 8 7 14 13 8 14 15 9 14 12 2 15 9 3 15 9 4 15 11 7 15 11 8 15 12 9 15 8 2 16 8 3 16 10 4 16 11 7 16 10 8 16 14 9 16 8 2 17 9 3 17 9 4 17 11 7 17 9 8 17 12 9 17 12 2 18 11 3 18 9 4 18 8 7 18 8 8 18 8 9 18 12 2 19 10 3 19 8 4 19 9 7 19 10 8 19 12 9 19 12
98 356 12 6 4 4 10 7 5 10 9 8 10 12 9 10 9 0 12 12 2 12 10 4 12 12 5 12 12 0 14 8 8 14 8 9 14 11 2 16 14
99 359 2 2 1 1 17 12 5 17 11
