20 100
0 0 6 6 2 4 10 10 5 10 9 6 10 8 0 15 9 2 15 12 8 15 6
1 2 18 6 6 4 10 9 8 10 14 1 12 10 2 12 12 4 12 11 2 13 9 7 13 7 1 14 7 2 14 9 9 14 12 1 17 9 7 17 9 8 17 13 9 17 13 4 18 13 7 18 9 8 18 9 9 18 13
2 4 2 2 1 4 13 13 8 13 12
3 8 6 3 3 2 11 9 2 13 9 3 13 10 5 13 7 3 16 11 5 16 11
4 10 6 6 2 1 10 10 4 10 13 5 10 9 8 10 10 9 10 11 6 12 12
5 11 10 5 3 0 16 10 4 16 11 7 16 8 9 16 10 1 18 8 0 19 11 1 19 10 4 19 9 7 19 8 9 19 14
6 13 3 3 2 1 13 11 3 13 12 4 17 13
7 14 3 3 2 2 12 12 8 12 12 9 16 9
8 17 2 2 1 6 15 8 8 15 12
9 20 3 3 2 5 11 11 6 11 11 9 15 10
10 24 18 6 5 7 13 9 9 13 12 1 14 11 5 14 6 9 14 9 1 16 8 3 16 10 5 16 11 7 16 14 8 16 11 9 16 12 1 17 11 3 17 9 8 17 8 3 18 11 5 18 12 7 18 10 8 18 11
11 27 8 4 3 1 15 9 0 16 12 1 16 9 2 16 10 4 16 10 0 17 9 2 17 8 4 17 14
12 28 3 3 2 6 13 12 0 17 10 7 17 13
13 42 18 6 5 3 10 13 4 10 7 7 10 13 8 10 6 9 10 9 3 11 7 8 11 11 9 11 9 3 13 9 4 13 8 6 13 13 8 13 12 6 14 12 7 14 12 9 14 9 4 19 9 6 19 8 7 19 11
14 43 6 6 2 5 15 8 6 15 12 7 15 14 1 16 11 2 16 8 8 16 8
15 45 30 3 10 2 10 12 4 10 10 8 10 16 2 11 12 4 11 8 8 11 7 2 12 10 4 12 11 8 12 13 2 13 10 4 13 7 8 13 13 2 14 11 4 14 11 8 14 9 2 15 13 4 15 13 8 15 8 2 16 9 4 16 10 8 16 7 2 17 11 4 17 12 8 17 12 2 18 10 4 18 13 8 18 8 2 19 14 4 19 14 8 19 8
16 46 3 3 1 4 12 13 7 12 9 8 12 10
17 47 3 3 1 1 11 7 2 11 9 5 11 12
18 52 2 2 1 5 17 14 7 17 14
19 57 3 3 1 4 18 10 5 18 14 9 18 9
20 59 18 6 4 0 10 13 1 10 10 5 10 14 7 10 13 8 10 8 0 11 12 7 11 9 8 11 10 9 11 7 0 15 11 1 15 9 5 15 7 7 15 8 8 15 9 9 15 11 1 19 8 5 19 9 9 19 11
21 67 20 2 10 1 10 7 2 10 8 1 11 8 2 11 8 1 12 9 2 12 7 1 13 10 2 13 11 1 14 13 2 14 10 1 15 9 2 15 11 1 16 10 2 16 15 1 17 12 2 17 14 1 18 10 2 18 9 1 19 9 2 19 14
22 68 8 4 3 2 12 12 3 12 11 8 12 10 1 15 10 2 15 11 1 18 14 3 18 14 8 18 11
23 71 6 6 2 3 12 15 4 12 8 5 12 11 9 12 15 1 16 11 7 16 9
24 80 1 1 1 2 10 11
25 86 1 1 1 0 16 9
26 89 6 3 3 4 11 13 7 11 10 7 17 7 9 17 10 4 19 9 9 19 15
27 90 3 3 1 0 10 12 8 10 8 9 10 11
28 91 15 5 6 2 10 13 8 10 11 9 10 8 3 15 8 9 15 9 2 16 12 6 16 10 8 16 8 3 17 14 6 17 15 8 17 12 2 18 7 6 18 9 3 19 13 9 19 11
29 95 4 4 1 0 14 10 3 14 13 5 14 10 6 14 11
30 101 6 6 1 0 16 7 2 16 9 5 16 8 7 16 13 8 16 12 9 16 9
31 107 3 3 1 0 12 7 3 12 11 7 12 11
32 114 24 6 7 2 11 8 3 11 9 4 11 12 9 11 11 2 12 10 3 12 9 5 12 11 0 13 11 2 13 13 3 13 12 5 13 11 9 13 13 0 14 13 2 14 10 4 14 10 5 14 12 0 16 13 4 16 13 5 16 11 9 16 10 0 18 10 3 18 9 9 18 14 4 19 10
33 120 12 6 4 0 13 11 9 13 13 0 14 9 1 14 11 3 14 7 5 14 10 7 14 9 9 16 10 1 17 10 3 17 10 5 17 11 7 17 11
34 125 6 6 1 0 16 9 2 16 14 4 16 7 5 16 10 6 16 12 9 16 12
35 127 24 6 7 4 10 9 7 10 9 9 10 10 7 12 9 8 12 13 0 13 11 4 13 10 5 13 9 7 13 11 8 13 13 9 13 14 5 15 8 8 15 12 9 15 11 0 16 8 4 16 15 5 16 9 8 16 12 0 17 11 5 17 11 0 18 10 4 18 11 7 18 11 9 18 8
36 132 20 2 10 0 10 10 2 10 11 0 11 13 2 11 9 0 12 8 2 12 9 0 13 14 2 13 9 0 14 11 2 14 8 0 15 10 2 15 10 0 16 11 2 16 11 0 17 9 2 17 13 0 18 9 2 18 12 0 19 9 2 19 10
37 135 5 5 3 6 14 12 7 14 6 0 18 7 9 18 10 5 19 8
38 137 10 1 10 5 10 9 5 11 11 5 12 11 5 13 6 5 14 12 5 15 10 5 16 9 5 17 9 5 18 11 5 19 9
39 140 6 6 1 4 15 9 5 15 14 6 15 10 7 15 7 8 15 11 9 15 11
40 146 6 6 1 1 17 12 3 17 7 4 17 12 5 17 9 6 17 12 7 17 9
41 149 3 3 2 0 11 10 6 16 12 9 16 10
42 155 54 6 10 0 10 15 1 10 15 2 10 10 5 10 13 8 10 10 9 10 14 1 11 8 2 11 12 8 11 11 0 12 11 1 12 12 2 12 10 5 12 8 8 12 7 9 12 7 0 13 11 1 13 11 2 13 10 5 13 12 8 13 13 9 13 11 0 14 10 2 14 10 5 14 14 9 14 11 0 15 14 1 15 10 2 15 8 5 15 9 8 15 13 9 15 7 0 16 10 1 16 8 2 16 10 5 16 14 8 16 10 9 16 12 0 17 10 1 17 9 2 17 10 5 17 9 8 17 13 9 17 11 0 18 12 1 18 8 2 18 9 5 18 9 8 18 11 9 18 14 0 19 11 1 19 11 5 19 10 8 19 12 9 19 13
43 156 18 6 5 0 11 11 4 11 9 5 11 5 7 11 12 8 11 12 8 12 12 9 12 9 0 14 12 5 14 12 7 14 8 9 14 13 4 15 9 5 15 13 7 15 13 8 15 12 9 15 10 0 17 11 4 17 12
44 159 60 6 10 0 10 12 1 10 11 2 10 11 3 10 12 4 10 14 8 10 9 0 11 11 1 11 11 2 11 13 3 11 9 4 11 7 8 11 9 0 12 10 1 12 9 2 12 12 3 12 6 4 12 12 8 12 11 0 13 11 1 13 6 2 13 11 3 13 11 4 13 13 8 13 11 0 14 10 1 14 10 2 14 10 3 14 6 4 14 9 8 14 12 0 15 10 1 15 9 2 15 12 3 15 9 4 15 10 8 15 7 0 16 12 1 16 11 2 16 9 3 16 12 4 16 10 8 16 11 0 17 9 1 17 12 2 17 14 3 17 13 4 17 7 8 17 14 0 18 11 1 18 9 2 18 11 3 18 11 4 18 11 8 18 9 0 19 12 1 19 13 2 19 13 3 19 13 4 19 8 8 19 12
45 160 3 3 1 1 12 12 2 12 11 4 12 7
46 161 8 4 4 8 12 8 1 13 10 5 13 15 9 13 11 1 15 12 8 15 11 5 19 9 9 19 11
47 163 12 6 4 1 13 13 3 13 7 5 13 10 7 13 11 0 14 11 0 15 13 3 15 12 5 15 11 9 15 13 1 18 12 7 18 12 9 18 11
48 166 3 3 1 0 12 9 6 12 11 7 12 12
49 167 18 6 6 3 10 11 6 10 12 9 10 11 0 13 10 2 13 9 8 13 11 0 15 11 3 15 11 9 15 9 0 17 6 2 17 10 8 17 13 6 18 14 8 18 10 9 18 9 2 19 10 3 19 12 6 19 4
50 169 36 6 10 0 10 12 1 10 15 4 10 11 6 10 11 9 10 8 1 11 11 4 11 10 6 11 11 9 11 10 6 12 12 4 13 12 8 13 8 0 14 14 1 14 9 8 14 11 9 14 13 0 15 8 1 15 8 6 15 13 8 15 10 9 15 10 0 16 11 6 16 14 8 16 15 9 16 12 1 17 8 4 17 11 9 17 13 0 18 8 4 18 15 6 18 12 8 18 13 0 19 9 1 19 12 4 19 9 8 19 10
51 170 1 1 1 4 11 14
52 176 12 6 3 3 10 9 4 10 9 6 10 11 7 10 12 3 14 10 4 14 10 6 14 10 7 14 11 8 14 10 9 14 9 8 16 8 9 16 10
53 177 2 2 2 0 16 11 8 17 10
54 184 1 1 1 2 14 11
55 188 60 6 10 1 10 11 2 10 12 4 10 7 6 10 9 7 10 10 9 10 11 1 11 11 2 11 11 4 11 12 6 11 10 7 11 12 9 11 13 1 12 8 2 12 11 4 12 7 6 12 10 7 12 7 9 12 13 1 13 14 2 13 8 4 13 11 6 13 8 7 13 11 9 13 7 1 14 12 2 14 12 4 14 8 6 14 12 7 14 10 9 14 13 1 15 15 2 15 10 4 15 15 6 15 15 7 15 12 9 15 13 1 16 10 2 16 9 4 16 8 6 16 10 7 16 9 9 16 11 1 17 10 2 17 10 4 17 8 6 17 11 7 17 11 9 17 11 1 18 9 2 18 11 4 18 10 6 18 12 7 18 9 9 18 10 1 19 8 2 19 13 4 19 7 6 19 13 7 19 11 9 19 10
56 189 4 4 2 0 10 12 2 10 8 4 12 13 7 12 14
57 193 24 6 7 1 10 8 2 10 9 4 10 11 5 10 11 7 10 12 1 11 8 2 11 8 4 11 9 5 11 10 7 11 11 8 11 10 2 13 11 4 13 11 5 13 11 7 13 7 8 13 7 5 15 10 7 15 9 8 15 15 1 16 9 4 16 11 1 17 10 2 17 10 8 18 15
58 198 3 3 1 2 11 10 4 11 9 8 11 9
59 204 1 1 1 5 15 10
60 206 3 3 1 1 13 13 8 13 12 9 13 12
61 208 18 6 6 1 10 7 2 10 10 4 10 9 9 10 7 4 11 8 9 11 11 2 13 9 7 13 11 1 15 10 4 15 12 7 15 12 8 15 11 2 18 11 7 18 12 8 18 11 1 19 10 8 19 13 9 19 8
62 219 24 6 7 2 11 9 3 11 13 9 11 12 4 12 9 0 13 11 1 13 13 3 13 12 4 13 7 0 15 13 1 15 15 9 15 11 1 16 10 2 16 9 3 16 12 4 16 13 0 18 10 2 18 8 3 18 10 4 18 10 9 18 9 0 19 13 1 19 7 2 19 10 9 19 12
63 225 2 2 1 0 11 10 2 11 10
64 229 6 6 2 0 16 8 7 16 8 9 16 9 3 19 10 4 19 12 8 19 12
65 231 18 6 5 4 12 13 8 12 9 2 14 8 3 14 11 4 14 9 5 14 11 6 14 12 8 14 6 2 15 11 3 15 13 6 15 10 2 17 9 3 17 11 5 17 10 6 17 13 8 17 9 4 18 9 5 18 10
66 232 18 6 6 1 11 8 9 11 10 1 12 9 2 12 15 7 12 7 8 12 8 9 12 10 0 13 10 7 13 12 0 15 9 2 15 7 1 16 12 2 16 12 7 16 7 8 16 13 0 19 13 8 19 10 9 19 11
67 235 6 6 2 0 16 11 3 16 8 6 16 10 1 18 9 7 18 12 9 18 12
68 236 12 6 4 6 10 10 8 10 10 5 11 12 7 11 10 1 17 12 3 17 7 6 17 10 7 17 10 8 17 9 1 18 10 3 18 10 5 18 10
69 238 2 2 1 0 11 9 1 11 13
70 245 3 3 1 2 11 11 3 11 10 6 11 7
71 247 3 3 1 1 16 9 3 16 11 8 16 13
72 253 4 4 2 3 12 8 4 12 9 9 12 8 0 14 12
73 257 18 6 5 1 10 8 2 10 8 3 10 11 4 10 7 7 10 11 4 11 11 6 11 9 7 11 11 2 13 11 3 13 9 7 13 8 1 17 10 3 17 10 6 17 10 1 18 10 2 18 13 4 18 10 6 18 10
74 258 1 1 1 7 12 6
75 264 3 3 1 4 12 12 8 12 15 9 12 11
76 270 2 2 1 0 12 11 7 12 11
77 275 1 1 1 9 15 9
78 276 2 2 1 5 19 9 8 19 10
79 277 6 3 3 3 11 10 3 15 9 6 15 12 9 15 9 6 18 13 9 18 13
80 282 15 5 5 0 10 6 4 10 5 9 10 8 0 11 11 6 11 6 8 11 13 4 16 13 6 16 12 9 16 8 4 18 10 6 18 7 8 18 12 0 19 13 8 19 10 9 19 13
81 288 3 3 1 5 12 7 6 12 9 7 12 6
82 291 3 3 1 1 10 9 3 10 10 9 10 14
83 298 1 1 1 3 16 12
84 299 6 6 1 1 13 10 2 13 6 5 13 5 6 13 9 8 13 14 9 13 12
85 305 12 6 4 3 10 12 8 10 13 5 12 10 9 12 10 1 17 7 4 17 11 1 19 11 3 19 7 4 19 10 5 19 11 8 19 6 9 19 10
86 306 2 2 1 0 16 8 3 16 14
87 312 2 2 1 0 12 9 3 12 12
88 313 2 2 1 3 19 11 6 19 12
89 314 2 2 1 1 12 8 4 12 10
90 319 3 3 1 4 18 12 6 18 12 8 18 14
91 325 12 6 3 0 10 8 2 10 13 8 10 10 9 10 13 0 13 10 2 13 10 3 13 9 5 13 11 9 13 12 3 19 14 5 19 9 8 19 7
92 334 1 1 1 2 19 10
93 337 1 1 1 3 16 7
94 342 60 6 10 0 10 7 1 10 13 2 10 7 3 10 9 5 10 11 7 10 8 0 11 12 1 11 13 2 11 12 3 11 15 5 11 13 7 11 11 0 12 13 1 12 11 2 12 11 3 12 10 5 12 12 7 12 8 0 13 14 1 13 14 2 13 8 3 13 12 5 13 9 7 13 9 0 14 9 1 14 12 2 14 13 3 14 10 5 14 13 7 14 11 0 15 15 1 15 14 2 15 9 3 15 12 5 15 8 7 15 9 0 16 9 1 16 10 2 16 9 3 16 5 5 16 11 7 16 11 0 17 9 1 17 9 2 17 8 3 17 10 5 17 10 7 17 12 0 18 10 1 18 13 2 18 7 3 18 9 5 18 11 7 18 8 0 19 14 1 19 10 2 19 12 3 19 11 5 19 14 7 19 10
95 343 2 2 1 0 17 10 5 17 11
96 344 5 5 2 9 11 7 2 17 10 4 17 11 5 17 11 8 17 12
97 354 4 4 1 1 10 12 2 10 10 3 10 13 5 10 14
98 356 1 1 1 8 12 13
99 359 1 1 1 7 12 9
