20 100
0 0 1 1 1 9 12 14
1 2 24 6 7 0 11 10 2 11 12 0 12 14 1 12 11 2 12 10 5 12 10 0 13 9 1 13 10 4 13 16 7 13 8 0 14 13 1 14 8 4 14 10 5 14 11 7 14 14 2 17 11 4 17 7 5 18 9 7 18 7 1 19 8 2 19 13 4 19 10 5 19 10 7 19 11
2 4 5 5 2 0 12 11 8 12 10 2 15 11 3 15 8 7 15 13
3 8 1 1 1 3 12 15
4 10 2 2 1 0 19 13 5 19 8
5 11 12 6 4 0 11 13 7 11 15 9 11 12 0 15 11 2 15 12 3 15 9 6 15 10 7 16 12 9 16 13 2 17 9 3 17 11 6 17 8
6 13 8 4 3 4 13 8 7 13 12 8 13 8 2 15 8 4 15 13 7 15 7 2 19 9 8 19 7
7 14 2 2 1 3 11 8 9 11 12
8 17 6 6 1 1 17 12 2 17 10 3 17 10 4 17 13 6 17 12 7 17 13
9 20 10 5 3 1 11 8 4 11 12 6 11 14 8 11 12 9 11 11 1 14 8 9 14 12 4 17 6 6 17 11 8 17 9
10 24 2 2 1 0 10 9 4 10 9
11 27 20 2 10 5 10 11 7 10 11 5 11 9 7 11 10 5 12 10 7 12 9 5 13 9 7 13 14 5 14 10 7 14 11 5 15 8 7 15 11 5 16 8 7 16 10 5 17 9 7 17 10 5 18 10 7 18 8 5 19 11 7 19 10
12 28 5 5 2 5 10 12 7 10 9 9 10 10 2 17 13 3 17 13
13 42 2 2 1 5 14 10 6 14 10
14 43 6 3 2 0 12 10 3 12 12 9 12 10 0 18 10 3 18 10 9 18 10
15 45 10 1 10 5 10 9 5 11 7 5 12 13 5 13 14 5 14 14 5 15 13 5 16 10 5 17 11 5 18 10 5 19 11
16 46 40 4 10 5 10 9 6 10 15 8 10 13 9 10 9 5 11 8 6 11 11 8 11 12 9 11 12 5 12 12 6 12 13 8 12 11 9 12 12 5 13 13 6 13 7 8 13 11 9 13 10 5 14 10 6 14 10 8 14 9 9 14 10 5 15 10 6 15 11 8 15 11 9 15 10 5 16 8 6 16 9 8 16 8 9 16 10 5 17 12 6 17 10 8 17 12 9 17 10 5 18 9 6 18 8 8 18 12 9 18 10 5 19 12 6 19 9 8 19 11 9 19 10
17 47 6 3 3 0 10 12 7 10 10 9 10 14 9 12 8 0 13 13 7 13 13
18 52 2 2 2 1 10 9 6 11 12
19 57 1 1 1 2 19 11
20 59 1 1 1 4 10 11
21 67 10 1 10 0 10 12 0 11 8 0 12 14 0 13 12 0 14 9 0 15 11 0 16 11 0 17 12 0 18 8 0 19 8
22 68 1 1 1 0 18 11
23 71 18 6 6 3 11 8 5 11 12 8 11 9 4 12 10 5 12 13 7 12 10 8 12 11 2 14 14 4 14 11 7 14 12 2 17 11 2 18 13 3 18 12 4 18 10 5 18 8 3 19 11 7 19 11 8 19 14
24 80 3 3 2 2 17 9 8 17 8 0 19 8
25 86 6 6 2 1 11 10 2 11 11 0 19 10 3 19 12 6 19 8 8 19 12
26 89 3 3 2 6 15 12 3 16 10 4 16 12
27 90 18 6 5 2 13 11 3 13 10 6 13 11 8 13 12 1 14 10 2 14 11 3 14 10 5 14 11 6 14 11 1 15 12 6 15 7 8 15 10 2 16 13 5 16 6 1 17 13 3 17 9 5 17 11 8 17 16
28 91 3 3 1 4 17 11 5 17 12 6 17 12
29 95 4 4 1 1 14 9 3 14 11 6 14 11 7 14 8
30 101 2 1 2 0 11 9 0 13 10
31 107 12 3 6 0 10 13 9 10 10 3 12 12 9 12 10 0 13 9 9 13 12 0 15 11 3 15 7 9 15 11 3 16 12 0 17 11 3 17 9
32 114 1 1 1 9 14 11
33 120 60 6 10 0 10 13 2 10 9 4 10 6 5 10 14 6 10 9 8 10 11 0 11 12 2 11 13 4 11 12 5 11 11 6 11 14 8 11 13 0 12 10 2 12 12 4 12 14 5 12 11 6 12 10 8 12 10 0 13 9 2 13 13 4 13 10 5 13 8 6 13 11 8 13 12 0 14 9 2 14 13 4 14 10 5 14 10 6 14 8 8 14 11 0 15 13 2 15 9 4 15 12 5 15 9 6 15 11 8 15 9 0 16 9 2 16 10 4 16 14 5 16 11 6 16 15 8 16 12 0 17 12 2 17 11 4 17 12 5 17 8 6 17 12 8 17 9 0 18 11 2 18 10 4 18 10 5 18 14 6 18 12 8 18 11 0 19 13 2 19 11 4 19 10 5 19 6 6 19 11 8 19 14
34 125 24 6 6 2 11 12 3 11 11 8 11 9 3 14 12 4 14 12 6 14 11 7 14 13 2 15 13 3 15 13 4 15 10 6 15 12 7 15 8 8 15 10 2 16 10 4 16 11 6 16 9 7 16 8 8 16 9 3 17 13 4 17 11 2 19 7 6 19 10 7 19 6 8 19 11
35 127 50 5 10 1 10 10 2 10 14 5 10 13 7 10 11 9 10 12 1 11 9 2 11 11 5 11 13 7 11 16 9 11 10 1 12 8 2 12 11 5 12 11 7 12 9 9 12 15 1 13 13 2 13 12 5 13 10 7 13 11 9 13 12 1 14 11 2 14 8 5 14 10 7 14 7 9 14 10 1 15 10 2 15 8 5 15 13 7 15 10 9 15 11 1 16 11 2 16 15 5 16 12 7 16 12 9 16 10 1 17 11 2 17 8 5 17 8 7 17 11 9 17 8 1 18 13 2 18 12 5 18 14 7 18 10 9 18 13 1 19 10 2 19 11 5 19 10 7 19 10 9 19 11
36 132 6 6 3 2 10 9 3 12 12 8 12 14 0 17 12 1 17 9 6 17 10
37 135 2 2 2 4 14 13 8 17 11
38 137 18 6 5 0 10 10 3 10 10 6 10 12 7 10 9 3 11 10 8 11 10 9 11 11 0 13 10 3 13 9 6 13 7 7 13 11 8 13 11 9 13 9 0 14 12 8 14 13 6 15 13 7 15 13 9 15 12
39 140 1 1 1 6 13 8
40 146 36 4 10 0 10 9 4 10 10 8 10 11 0 11 12 5 11 11 8 11 9 0 12 8 4 12 9 5 12 10 8 12 13 0 13 13 4 13 12 5 13 10 8 13 14 0 14 10 4 14 11 5 14 12 8 14 12 0 15 12 4 15 11 5 15 8 8 15 12 0 16 9 4 16 8 5 16 13 0 17 10 4 17 10 5 17 9 8 17 13 0 18 10 4 18 7 5 18 13 8 18 11 4 19 13 5 19 12 8 19 9
41 149 12 6 3 1 11 7 2 11 10 0 12 11 1 12 12 5 12 10 6 12 11 7 12 9 0 13 9 2 13 12 5 13 9 6 13 11 7 13 10
42 155 18 6 5 3 10 9 4 10 17 5 10 10 1 12 8 3 12 13 4 12 10 8 12 6 1 16 13 6 16 13 8 16 11 1 17 15 3 17 9 4 17 11 5 17 10 6 17 12 8 17 14 5 19 9 6 19 8
43 156 2 2 1 1 11 9 8 11 15
44 159 60 6 10 0 10 9 1 10 12 2 10 9 4 10 11 5 10 10 7 10 9 0 11 10 1 11 11 2 11 8 4 11 13 5 11 9 7 11 11 0 12 11 1 12 9 2 12 11 4 12 11 5 12 10 7 12 12 0 13 12 1 13 9 2 13 7 4 13 9 5 13 12 7 13 13 0 14 12 1 14 9 2 14 10 4 14 14 5 14 8 7 14 11 0 15 12 1 15 10 2 15 7 4 15 11 5 15 11 7 15 9 0 16 10 1 16 9 2 16 12 4 16 7 5 16 9 7 16 6 0 17 11 1 17 9 2 17 9 4 17 11 5 17 15 7 17 7 0 18 9 1 18 10 2 18 11 4 18 13 5 18 12 7 18 10 0 19 9 1 19 9 2 19 11 4 19 11 5 19 11 7 19 15
45 160 24 6 7 4 10 12 6 10 10 9 10 9 1 11 10 4 11 12 5 11 10 8 11 10 4 12 7 6 12 11 1 13 9 4 13 13 5 13 12 8 13 9 9 13 13 1 16 7 6 16 11 8 16 8 9 16 11 5 18 12 8 18 11 1 19 9 5 19 9 6 19 8 9 19 11
46 161 6 3 3 1 11 7 6 14 11 7 14 9 1 16 9 6 16 14 7 16 12
47 163 3 3 1 4 11 12 5 11 9 7 11 10
48 166 60 6 10 1 10 13 3 10 9 5 10 12 6 10 13 7 10 11 9 10 9 1 11 9 3 11 11 5 11 11 6 11 9 7 11 11 9 11 11 1 12 10 3 12 12 5 12 11 6 12 12 7 12 13 9 12 13 1 13 9 3 13 12 5 13 14 6 13 9 7 13 10 9 13 11 1 14 11 3 14 8 5 14 13 6 14 8 7 14 14 9 14 9 1 15 12 3 15 9 5 15 11 6 15 12 7 15 8 9 15 11 1 16 11 3 16 10 5 16 11 6 16 6 7 16 11 9 16 10 1 17 11 3 17 12 5 17 12 6 17 10 7 17 11 9 17 10 1 18 9 3 18 7 5 18 14 6 18 14 7 18 12 9 18 8 1 19 12 3 19 9 5 19 11 6 19 9 7 19 12 9 19 12
49 167 12 6 5 2 10 8 5 10 10 0 12 10 6 12 10 2 14 12 5 14 8 6 14 13 0 15 15 7 15 9 8 15 10 7 19 11 8 19 12
50 169 3 3 1 4 16 14 6 16 12 7 16 14
51 170 2 2 1 0 11 9 6 11 9
52 176 5 5 3 1 12 13 3 12 11 0 14 10 6 17 7 9 17 10
53 177 6 6 1 0 14 8 2 14 8 3 14 12 7 14 9 8 14 8 9 14 8
54 184 3 3 1 7 13 11 8 13 11 9 13 10
55 188 30 3 10 5 10 7 7 10 11 9 10 8 5 11 16 7 11 8 9 11 13 5 12 9 7 12 11 9 12 13 5 13 14 7 13 7 9 13 11 5 14 9 7 14 7 9 14 11 5 15 13 7 15 10 9 15 8 5 16 12 7 16 10 9 16 11 5 17 9 7 17 11 9 17 14 5 18 14 7 18 5 9 18 8 5 19 12 7 19 11 9 19 8
56 189 60 6 10 1 10 11 3 10 7 4 10 11 5 10 11 6 10 9 8 10 14 1 11 12 3 11 17 4 11 11 5 11 13 6 11 7 8 11 10 1 12 8 3 12 7 4 12 8 5 12 8 6 12 9 8 12 11 1 13 12 3 13 8 4 13 7 5 13 9 6 13 9 8 13 10 1 14 8 3 14 9 4 14 10 5 14 13 6 14 10 8 14 12 1 15 10 3 15 11 4 15 9 5 15 8 6 15 11 8 15 12 1 16 14 3 16 10 4 16 10 5 16 12 6 16 10 8 16 11 1 17 12 3 17 10 4 17 11 5 17 10 6 17 7 8 17 8 1 18 13 3 18 8 4 18 9 5 18 9 6 18 11 8 18 9 1 19 13 3 19 7 4 19 11 5 19 11 6 19 12 8 19 9
57 193 1 1 1 6 16 12
58 198 8 4 3 1 10 8 2 10 12 3 10 10 3 16 12 5 16 12 1 19 12 2 19 9 5 19 14
59 204 2 2 1 0 16 9 9 16 8
60 206 12 6 4 4 10 8 5 10 8 1 14 9 4 14 11 0 15 11 1 15 12 3 15 8 5 15 13 9 15 10 0 19 9 3 19 11 9 19 10
61 208 2 2 1 2 12 10 4 12 10
62 219 24 6 7 1 10 11 4 10 10 8 10 9 2 12 10 3 12 14 4 12 11 6 12 9 2 14 12 3 14 9 6 14 12 8 14 10 1 15 12 2 15 12 4 15 7 1 17 10 6 17 14 3 18 12 8 18 11 1 19 11 2 19 8 3 19 12 4 19 8 6 19 10 8 19 8
63 225 6 6 1 0 14 7 1 14 11 2 14 10 4 14 10 7 14 10 9 14 12
64 229 24 6 7 1 10 6 3 10 12 8 10 13 0 11 14 3 11 10 5 11 10 6 11 8 8 11 7 1 12 12 6 12 14 8 12 13 0 13 12 1 13 12 5 13 10 6 13 10 3 15 11 5 15 10 6 15 11 0 17 7 3 17 13 0 18 9 1 18 9 5 18 9 8 18 12
65 231 1 1 1 8 12 12
66 232 1 1 1 1 10 12
67 235 12 6 4 3 14 9 4 14 11 7 14 14 8 14 12 1 15 11 4 15 10 7 15 11 0 16 9 1 16 12 8 16 7 0 19 13 3 19 10
68 236 10 5 4 5 11 9 8 11 10 4 12 11 5 12 13 0 13 11 7 13 14 8 13 10 0 16 10 4 16 9 7 16 15
69 238 6 6 1 0 19 14 2 19 10 5 19 5 6 19 9 7 19 12 8 19 9
70 245 2 2 1 0 10 10 8 10 9
71 247 6 6 1 0 12 8 3 12 13 4 12 12 7 12 12 8 12 11 9 12 12
72 253 2 2 1 3 10 8 5 10 17
73 257 5 5 1 0 12 7 2 12 13 4 12 11 5 12 10 9 12 11
74 258 6 6 3 2 10 13 9 10 13 1 14 9 4 14 11 7 14 10 3 18 10
75 264 6 6 1 0 11 14 1 11 11 3 11 9 4 11 8 7 11 8 9 11 13
76 270 1 1 1 2 13 8
77 275 3 3 1 0 10 13 5 10 14 7 10 11
78 276 6 6 1 0 10 11 1 10 12 2 10 13 5 10 8 8 10 9 9 10 9
79 277 1 1 1 1 15 9
80 282 3 3 1 3 11 10 4 11 11 8 11 13
81 288 2 2 1 5 19 9 6 19 9
82 291 2 2 1 0 18 7 1 18 11
83 298 6 6 2 0 18 13 1 18 10 2 18 9 7 18 11 9 18 10 3 19 11
84 299 2 2 1 6 12 10 7 12 10
85 305 3 3 1 2 14 8 6 14 7 9 14 10
86 306 2 2 1 7 17 12 9 17 10
87 312 48 6 10 0 10 12 2 10 10 3 10 7 9 10 10 0 11 9 1 11 9 2 11 12 3 11 10 4 11 10 0 12 10 2 12 9 3 12 10 4 12 5 9 12 7 0 13 13 1 13 11 2 13 10 4 13 11 9 13 9 1 14 12 3 14 5 4 14 10 0 15 9 1 15 12 2 15 11 3 15 14 4 15 13 9 15 6 0 16 11 1 16 9 2 16 13 3 16 10 4 16 13 9 16 10 0 17 12 1 17 14 2 17 8 4 17 10 9 17 8 0 18 11 1 18 12 3 18 12 4 18 12 9 18 9 1 19 10 2 19 11 3 19 11 9 19 7
88 313 3 3 1 1 12 11 2 12 12 7 12 11
89 314 4 4 1 0 18 11 3 18 10 4 18 10 5 18 11
90 319 18 6 5 0 10 9 3 10 11 0 11 6 3 11 12 7 11 11 0 13 9 2 13 11 6 13 9 7 13 12 8 13 12 2 17 11 3 17 9 6 17 14 8 17 12 2 18 11 6 18 8 7 18 9 8 18 8
91 325 1 1 1 0 13 16
92 334 12 6 4 2 11 9 5 11 10 6 11 8 9 11 11 2 14 12 0 16 12 3 16 12 5 16 9 0 19 10 3 19 10 6 19 7 9 19 11
93 337 6 6 2 1 14 10 4 14 9 7 14 12 0 15 12 3 15 12 9 15 8
94 342 30 3 10 2 10 11 5 10 13 8 10 9 2 11 10 5 11 10 8 11 11 2 12 13 5 12 10 8 12 8 2 13 11 5 13 9 8 13 10 2 14 8 5 14 10 8 14 6 2 15 10 5 15 11 8 15 11 2 16 10 5 16 8 8 16 8 2 17 10 5 17 10 8 17 14 2 18 13 5 18 9 8 18 10 2 19 11 5 19 10 8 19 10
95 343 1 1 1 7 19 11
96 344 4 4 1 0 15 13 1 15 12 6 15 9 9 15 12
97 354 30 3 10 3 10 10 6 10 9 7 10 10 3 11 10 6 11 12 7 11 13 3 12 6 6 12 12 7 12 10 3 13 9 6 13 10 7 13 13 3 14 13 6 14 12 7 14 11 3 15 8 6 15 10 7 15 14 3 16 10 6 16 11 7 16 6 3 17 13 6 17 10 7 17 9 3 18 13 6 18 12 7 18 7 3 19 11 6 19 11 7 19 8
98 356 2 2 1 7 13 9 9 13 7
99 359 1 1 1 7 17 12
