20 100
0 0 18 6 6 2 10 12 4 10 11 6 10 11 7 10 16 9 10 14 6 12 10 1 15 12 7 15 10 2 16 11 4 16 13 6 16 10 9 16 9 1 17 9 2 17 10 1 18 13 4 18 13 7 18 14 9 18 12
1 2 6 6 1 0 11 13 4 11 10 5 11 11 6 11 10 8 11 8 9 11 11
2 4 1 1 1 3 19 13
3 8 8 4 3 2 11 9 3 11 11 4 11 11 6 11 7 3 15 13 2 17 12 4 17 15 6 17 13
4 10 3 3 1 1 13 8 3 13 8 4 13 13
5 11 1 1 1 5 11 10
6 13 6 6 2 5 10 8 9 10 13 0 16 13 2 16 13 4 16 6 8 16 13
7 14 6 6 2 0 12 12 2 12 7 5 12 10 3 13 10 8 13 7 9 13 10
8 17 6 6 1 0 16 12 1 16 9 2 16 10 5 16 10 6 16 11 9 16 12
9 20 8 4 3 2 12 6 4 12 10 5 12 12 7 12 8 2 15 15 4 19 12 5 19 9 7 19 12
10 24 60 6 10 0 10 12 2 10 12 3 10 7 6 10 10 7 10 11 8 10 10 0 11 12 2 11 10 3 11 11 6 11 10 7 11 11 8 11 11 0 12 11 2 12 8 3 12 9 6 12 7 7 12 9 8 12 9 0 13 9 2 13 14 3 13 6 6 13 11 7 13 12 8 13 11 0 14 12 2 14 12 3 14 11 6 14 13 7 14 13 8 14 11 0 15 8 2 15 12 3 15 15 6 15 11 7 15 12 8 15 12 0 16 10 2 16 12 3 16 8 6 16 8 7 16 9 8 16 10 0 17 10 2 17 8 3 17 12 6 17 8 7 17 9 8 17 13 0 18 12 2 18 7 3 18 11 6 18 10 7 18 12 8 18 9 0 19 7 2 19 11 3 19 10 6 19 11 7 19 11 8 19 5
11 27 18 6 6 1 11 9 3 11 9 0 13 8 1 13 8 6 13 12 2 14 11 3 14 10 6 14 9 1 15 12 2 15 12 3 15 8 5 15 12 0 17 9 5 17 10 0 18 10 2 18 9 5 18 10 6 18 11
12 28 3 3 1 2 19 10 4 19 10 7 19 10
13 42 2 2 1 0 12 12 3 12 15
14 43 12 6 3 4 14 12 7 14 11 8 14 13 3 16 11 5 16 15 6 16 10 8 16 8 3 19 9 4 19 9 5 19 11 6 19 7 7 19 10
15 45 6 3 3 1 12 12 1 16 12 2 16 9 3 16 12 2 17 11 3 17 11
16 46 5 5 1 1 14 9 3 14 10 4 14 10 7 14 12 8 14 12
17 47 2 2 1 1 15 8 2 15 10
18 52 10 5 3 4 11 11 6 11 9 2 17 8 5 17 10 9 17 10 2 18 10 4 18 10 5 18 12 6 18 12 9 18 14
19 57 2 2 1 0 13 10 4 13 12
20 59 3 3 2 6 10 12 9 10 12 4 16 13
21 67 10 5 4 0 11 10 6 11 10 8 11 12 0 12 8 4 12 7 8 12 12 1 14 12 4 14 15 1 19 13 6 19 13
22 68 15 5 6 3 10 8 5 10 12 9 10 11 0 14 14 2 14 9 3 14 12 0 15 9 3 15 7 5 15 10 9 15 13 2 16 12 5 16 12 0 18 11 2 19 7 9 19 11
23 71 3 3 1 0 17 11 2 17 11 9 17 10
24 80 60 6 10 0 10 11 2 10 9 4 10 9 5 10 8 6 10 9 8 10 10 0 11 11 2 11 12 4 11 14 5 11 11 6 11 8 8 11 12 0 12 10 2 12 11 4 12 14 5 12 12 6 12 9 8 12 15 0 13 11 2 13 9 4 13 10 5 13 10 6 13 9 8 13 10 0 14 8 2 14 10 4 14 9 5 14 11 6 14 14 8 14 12 0 15 7 2 15 9 4 15 7 5 15 11 6 15 10 8 15 10 0 16 11 2 16 9 4 16 10 5 16 11 6 16 15 8 16 10 0 17 11 2 17 8 4 17 10 5 17 13 6 17 9 8 17 9 0 18 10 2 18 12 4 18 11 5 18 11 6 18 13 8 18 9 0 19 9 2 19 12 4 19 12 5 19 13 6 19 8 8 19 11
25 86 24 6 7 1 11 13 4 11 11 5 11 10 6 11 9 3 12 11 4 12 11 6 12 8 7 12 8 1 13 13 3 13 13 5 13 11 7 13 12 4 15 8 5 15 10 1 16 12 3 16 9 4 16 10 6 16 10 7 16 12 1 17 12 3 17 9 5 17 11 7 17 12 6 18 9
26 89 2 2 1 0 17 9 5 17 12
27 90 10 5 4 2 14 9 8 14 7 8 15 12 9 15 9 0 16 10 1 16 11 0 19 10 1 19 10 2 19 7 9 19 14
28 91 20 2 10 3 10 9 5 10 7 3 11 10 5 11 9 3 12 6 5 12 17 3 13 11 5 13 13 3 14 13 5 14 4 3 15 11 5 15 11 3 16 10 5 16 13 3 17 13 5 17 8 3 18 14 5 18 16 3 19 14 5 19 15
29 95 2 2 1 1 18 12 5 18 11
30 101 6 6 1 0 15 11 1 15 10 2 15 11 4 15 5 5 15 9 7 15 10
31 107 24 6 7 1 10 12 4 10 16 1 11 8 3 11 15 4 11 11 5 11 9 8 11 9 9 11 9 1 12 10 3 12 12 4 12 9 9 12 12 1 13 10 3 13 11 4 13 12 5 13 11 8 13 9 5 14 6 8 14 6 9 14 14 9 16 12 3 17 10 5 17 13 8 17 6
32 114 1 1 1 3 11 12
33 120 2 2 2 7 11 9 6 14 10
34 125 18 6 6 6 10 13 8 10 14 2 11 7 5 11 7 0 12 13 3 12 11 2 13 9 3 13 11 5 13 11 6 13 15 8 13 12 0 16 11 2 16 12 6 16 9 8 16 15 0 17 12 3 17 9 5 17 7
35 127 6 6 2 1 14 11 2 15 12 5 15 8 6 15 12 7 15 15 9 15 12
36 132 24 6 7 2 10 10 4 11 14 5 11 12 8 11 15 0 12 5 2 12 11 4 12 12 6 12 11 0 14 13 4 14 12 5 14 6 6 14 9 8 14 8 2 17 14 5 17 8 6 17 9 8 17 11 0 18 9 2 18 12 4 18 7 5 18 8 6 18 12 8 18 13 0 19 10
37 135 2 2 1 7 13 11 8 13 8
38 137 1 1 1 5 11 12
39 140 1 1 1 2 18 11
40 146 12 6 5 1 13 5 3 13 11 1 14 8 7 14 13 8 14 9 9 14 5 2 15 10 3 15 9 7 15 12 8 15 9 2 16 11 9 17 11
41 149 30 6 9 0 10 9 1 10 9 2 10 10 5 10 12 7 10 11 1 11 12 2 11 9 5 11 9 7 11 10 0 12 12 1 12 12 5 12 8 9 12 13 0 13 13 1 13 7 9 13 8 0 14 9 5 14 10 0 16 13 1 16 9 2 16 13 9 16 9 7 17 10 9 17 12 2 18 10 5 18 11 7 18 8 2 19 10 7 19 9 9 19 9
42 155 6 6 3 8 11 9 9 11 11 3 14 13 0 19 12 1 19 9 2 19 10
43 156 12 6 4 4 11 9 7 11 8 9 11 11 0 12 11 5 12 13 0 13 12 5 13 9 7 13 13 8 13 12 4 14 10 8 14 10 9 14 10
44 159 1 1 1 6 18 12
45 160 1 1 1 1 12 10
46 161 6 3 3 9 10 9 3 12 9 5 12 13 3 18 8 5 18 13 9 18 11
47 163 12 6 4 2 11 13 4 11 12 1 15 13 6 15 9 8 15 9 1 16 12 2 16 11 6 16 9 8 16 14 9 16 12 4 17 9 9 17 13
48 166 6 3 3 3 13 12 5 13 8 8 13 11 5 17 10 3 19 14 8 19 11
49 167 24 6 7 1 10 12 5 10 8 6 10 11 2 11 8 5 11 12 6 11 13 9 11 13 0 14 7 1 14 15 2 14 12 6 14 12 9 14 11 0 15 9 2 15 10 5 15 13 9 15 9 1 16 11 9 16 6 0 18 14 5 18 14 6 18 9 0 19 15 1 19 12 2 19 12
50 169 6 6 1 0 12 12 2 12 12 4 12 12 5 12 11 6 12 12 9 12 13
51 170 1 1 1 0 17 12
52 176 8 4 3 4 12 11 7 12 12 6 14 9 8 14 13 4 18 9 6 18 12 7 18 12 8 18 10
53 177 20 2 10 0 10 12 1 10 7 0 11 12 1 11 14 0 12 9 1 12 12 0 13 10 1 13 8 0 14 10 1 14 12 0 15 11 1 15 12 0 16 11 1 16 14 0 17 13 1 17 8 0 18 11 1 18 11 0 19 10 1 19 11
54 184 1 1 1 9 11 11
55 188 12 6 3 1 17 10 2 17 11 6 17 7 0 18 10 1 18 11 3 18 10 8 18 19 0 19 9 2 19 12 3 19 13 6 19 12 8 19 10
56 189 4 4 2 0 13 9 4 13 11 2 15 8 7 15 12
57 193 6 6 1 0 18 9 1 18 11 2 18 7 4 18 8 8 18 7 9 18 11
58 198 6 6 1 1 16 9 4 16 13 6 16 8 7 16 12 8 16 9 9 16 12
59 204 18 6 6 0 10 15 9 10 12 2 13 10 7 13 9 0 16 12 2 16 13 3 16 14 4 16 15 3 17 9 4 17 9 7 17 9 9 17 12 0 18 7 2 18 14 4 18 9 9 18 11 3 19 10 7 19 7
60 206 3 3 1 0 16 10 2 16 11 5 16 13
61 208 40 4 10 2 10 13 4 10 11 6 10 11 8 10 11 2 11 10 4 11 12 6 11 12 8 11 11 2 12 10 4 12 9 6 12 9 8 12 11 2 13 14 4 13 14 6 13 6 8 13 10 2 14 15 4 14 10 6 14 11 8 14 13 2 15 9 4 15 9 6 15 12 8 15 8 2 16 10 4 16 10 6 16 7 8 16 13 2 17 12 4 17 11 6 17 11 8 17 11 2 18 11 4 18 11 6 18 11 8 18 11 2 19 12 4 19 11 6 19 12 8 19 11
62 219 50 5 10 0 10 9 2 10 10 5 10 7 6 10 12 9 10 12 0 11 9 2 11 10 5 11 12 6 11 8 9 11 12 0 12 11 2 12 11 5 12 9 6 12 9 9 12 9 0 13 14 2 13 12 5 13 10 6 13 9 9 13 14 0 14 11 2 14 8 5 14 8 6 14 7 9 14 12 0 15 16 2 15 14 5 15 11 6 15 14 9 15 9 0 16 11 2 16 10 5 16 8 6 16 10 9 16 12 0 17 9 2 17 11 5 17 11 6 17 11 9 17 10 0 18 10 2 18 8 5 18 11 6 18 12 9 18 10 0 19 9 2 19 10 5 19 10 6 19 14 9 19 7
63 225 18 6 6 4 10 12 9 10 13 1 13 12 8 13 14 3 15 8 4 15 11 5 15 9 1 16 14 3 16 11 8 16 12 9 16 7 4 18 12 5 18 10 9 18 9 1 19 8 3 19 14 5 19 14 8 19 13
64 229 3 3 2 0 16 12 5 16 10 6 18 12
65 231 3 3 1 1 17 11 3 17 11 5 17 11
66 232 2 2 2 0 15 8 1 17 11
67 235 3 3 1 1 15 12 5 15 11 7 15 12
68 236 2 2 1 1 14 11 6 14 9
69 238 6 6 1 1 16 7 2 16 9 4 16 10 6 16 10 7 16 12 9 16 10
70 245 18 6 6 4 10 12 5 12 9 7 12 12 8 12 14 9 12 8 4 13 13 6 13 11 8 13 11 9 13 7 7 14 9 9 14 12 5 16 8 6 16 11 7 16 13 4 17 14 5 17 12 6 17 9 8 17 10
71 247 18 6 5 2 10 9 3 10 9 4 11 8 5 11 13 8 11 9 0 14 11 3 14 11 4 14 9 5 14 15 0 16 12 2 16 11 5 16 7 8 16 12 0 17 13 2 17 8 3 17 12 4 17 10 8 17 9
72 253 3 3 1 1 15 11 3 15 14 6 15 12
73 257 18 6 4 2 10 6 6 10 11 7 10 11 0 13 12 3 13 9 6 13 11 7 13 11 8 13 11 0 16 8 2 16 18 3 16 11 7 16 7 8 16 10 0 19 10 2 19 8 3 19 11 6 19 7 8 19 11
74 258 24 6 8 3 10 7 5 10 11 6 10 14 1 12 10 4 12 13 6 12 11 3 13 11 4 13 12 5 13 7 7 13 7 1 14 10 6 14 10 7 14 8 4 15 14 5 15 10 1 16 10 6 16 13 7 16 8 1 17 9 3 17 11 5 17 11 3 19 10 4 19 10 7 19 9
75 264 3 3 2 9 10 7 4 13 10 8 13 10
76 270 3 3 1 6 17 13 7 17 11 8 17 12
77 275 6 6 1 0 12 8 3 12 9 4 12 10 5 12 12 6 12 11 9 12 10
78 276 60 6 10 0 10 12 2 10 10 3 10 10 4 10 11 5 10 12 6 10 9 0 11 9 2 11 8 3 11 13 4 11 7 5 11 9 6 11 15 0 12 9 2 12 16 3 12 11 4 12 14 5 12 8 6 12 10 0 13 8 2 13 7 3 13 13 4 13 11 5 13 9 6 13 11 0 14 11 2 14 10 3 14 10 4 14 9 5 14 15 6 14 13 0 15 9 2 15 8 3 15 11 4 15 10 5 15 11 6 15 10 0 16 11 2 16 12 3 16 7 4 16 9 5 16 9 6 16 10 0 17 12 2 17 11 3 17 7 4 17 9 5 17 11 6 17 10 0 18 10 2 18 11 3 18 11 4 18 12 5 18 8 6 18 15 0 19 15 2 19 9 3 19 8 4 19 11 5 19 9 6 19 10
79 277 10 1 10 8 10 12 8 11 12 8 12 13 8 13 11 8 14 14 8 15 10 8 16 9 8 17 6 8 18 13 8 19 10
80 282 1 1 1 3 10 11
81 288 30 3 10 1 10 10 4 10 10 6 10 16 1 11 12 4 11 10 6 11 10 1 12 8 4 12 14 6 12 9 1 13 9 4 13 11 6 13 9 1 14 9 4 14 11 6 14 12 1 15 11 4 15 12 6 15 10 1 16 15 4 16 9 6 16 11 1 17 13 4 17 13 6 17 14 1 18 10 4 18 13 6 18 11 1 19 13 4 19 11 6 19 9
82 291 2 2 2 1 14 8 2 19 10
83 298 18 6 5 3 10 10 7 10 11 8 10 9 9 10 7 0 13 10 8 13 12 0 16 8 3 16 14 4 16 7 7 16 12 3 18 9 4 18 12 9 18 9 0 19 14 4 19 8 7 19 11 8 19 7 9 19 11
84 299 6 6 3 7 11 11 9 11 6 2 16 12 4 16 7 6 19 6 8 19 13
85 305 10 1 10 7 10 10 7 11 10 7 12 8 7 13 10 7 14 14 7 15 14 7 16 15 7 17 11 7 18 10 7 19 15
86 306 1 1 1 7 19 12
87 312 24 6 7 2 11 9 8 11 10 2 12 11 4 12 12 7 12 10 1 14 9 4 14 8 6 14 9 7 14 12 8 14 17 1 15 9 2 15 11 8 15 11 1 16 13 2 16 10 4 16 8 6 16 8 7 16 8 1 17 13 6 17 12 8 17 11 4 18 9 6 18 12 7 18 8
88 313 1 1 1 2 12 9
89 314 6 6 1 0 18 8 1 18 9 3 18 7 4 18 12 6 18 11 8 18 12
90 319 5 5 1 1 17 10 2 17 13 3 17 8 5 17 4 9 17 13
91 325 8 4 3 2 13 11 8 13 11 9 13 7 1 14 10 2 14 6 8 14 13 9 14 8 1 17 11
92 334 3 3 1 7 15 9 8 15 14 9 15 11
93 337 10 1 10 3 10 9 3 11 11 3 12 10 3 13 12 3 14 10 3 15 9 3 16 13 3 17 11 3 18 14 3 19 6
94 342 1 1 1 1 19 11
95 343 6 6 2 1 10 15 2 10 14 6 10 11 7 10 7 3 13 13 8 13 6
96 344 1 1 1 3 18 13
97 354 12 6 5 3 10 11 6 10 8 8 10 10 9 10 10 2 11 9 6 11 12 0 12 10 3 12 9 0 13 7 2 19 14 8 19 11 9 19 10
98 356 4 4 1 0 18 12 1 18 9 2 18 11 7 18 9
99 359 12 6 3 0 15 13 5 15 11 6 15 13 8 15 8 3 16 12 5 16 13 6 16 12 7 16 12 0 17 12 3 17 9 7 17 10 8 17 9
