20 100
0 0 60 6 10 1 10 13 2 10 10 3 10 5 4 10 10 6 10 11 7 10 9 1 11 15 2 11 9 3 11 10 4 11 11 6 11 12 7 11 14 1 12 9 2 12 6 3 12 12 4 12 10 6 12 10 7 12 11 1 13 10 2 13 9 3 13 11 4 13 13 6 13 8 7 13 11 1 14 14 2 14 12 3 14 8 4 14 8 6 14 11 7 14 8 1 15 13 2 15 10 3 15 13 4 15 12 6 15 11 7 15 11 1 16 13 2 16 8 3 16 14 4 16 10 6 16 12 7 16 9 1 17 12 2 17 8 3 17 11 4 17 9 6 17 8 7 17 11 1 18 9 2 18 10 3 18 15 4 18 12 6 18 7 7 18 11 1 19 13 2 19 9 3 19 7 4 19 12 6 19 10 7 19 12
1 2 4 4 1 0 11 11 4 11 8 6 11 11 8 11 11
2 4 18 6 5 2 12 9 5 12 10 4 13 14 5 13 12 6 13 13 9 13 8 2 14 10 5 14 9 6 14 10 7 14 10 4 15 7 7 15 13 9 15 8 2 16 11 4 16 9 6 16 10 7 16 9 9 16 11
3 8 24 6 6 3 12 10 5 12 9 6 12 8 3 14 14 7 14 10 8 14 7 1 15 10 5 15 13 6 15 10 7 15 13 8 15 9 1 16 12 3 16 10 5 16 8 6 16 12 7 16 9 8 16 10 1 17 13 7 17 10 1 18 12 3 18 8 5 18 11 6 18 7 8 18 9
4 10 3 3 1 3 11 10 7 11 10 9 11 10
5 11 24 6 7 0 10 13 4 10 13 7 10 12 8 10 13 0 11 16 2 11 10 3 11 8 0 13 11 3 13 10 7 13 10 2 14 11 3 14 11 4 14 10 8 14 7 3 15 13 4 15 14 7 15 13 8 15 12 2 17 11 4 17 13 8 17 7 0 19 10 2 19 13 7 19 11
6 13 6 6 2 3 16 9 6 16 8 8 16 10 0 19 14 4 19 14 7 19 10
7 14 8 4 3 2 11 12 9 11 6 1 13 12 4 13 14 1 17 13 2 17 12 4 17 11 9 17 12
8 17 6 6 2 1 16 10 4 16 12 7 16 9 2 18 10 3 18 10 8 18 11
9 20 12 6 3 3 13 13 6 13 12 7 13 12 8 13 15 9 13 13 0 17 11 3 17 10 6 17 10 8 17 12 9 17 12 0 18 7 7 18 11
10 24 15 5 6 6 11 12 3 13 8 5 13 15 7 13 10 2 14 10 3 14 11 5 14 10 7 14 11 5 16 12 6 16 13 7 16 10 2 17 9 2 19 9 3 19 12 6 19 8
11 27 6 6 1 1 13 17 3 13 8 5 13 11 6 13 4 7 13 9 9 13 10
12 28 1 1 1 5 11 9
13 42 3 3 1 2 15 12 5 15 9 8 15 10
14 43 18 6 6 0 11 8 4 11 11 1 12 10 8 12 10 0 13 8 8 13 9 9 13 11 1 14 12 5 14 14 9 14 11 1 15 8 4 15 11 5 15 9 8 15 9 0 19 11 4 19 9 5 19 8 9 19 11
15 45 6 6 1 0 13 12 2 13 10 4 13 8 6 13 10 7 13 9 8 13 11
16 46 18 6 5 0 15 10 5 15 11 6 15 12 7 15 13 1 16 11 6 16 10 9 16 15 0 17 10 1 17 11 0 18 12 1 18 11 5 18 11 6 18 13 7 18 11 9 18 10 5 19 7 7 19 9 9 19 10
17 47 10 1 10 8 10 7 8 11 12 8 12 13 8 13 12 8 14 7 8 15 12 8 16 10 8 17 14 8 18 8 8 19 9
18 52 12 6 4 2 13 15 3 13 10 7 13 11 0 14 10 2 14 12 4 14 10 7 14 11 4 15 13 8 15 11 0 17 8 3 17 9 8 17 10
19 57 1 1 1 1 17 10
20 59 3 3 1 1 13 12 5 13 9 8 13 12
21 67 6 6 1 0 15 9 1 15 14 3 15 17 4 15 11 6 15 9 7 15 8
22 68 60 6 10 0 10 7 2 10 10 3 10 10 4 10 12 5 10 13 9 10 11 0 11 9 2 11 10 3 11 10 4 11 12 5 11 11 9 11 12 0 12 14 2 12 9 3 12 8 4 12 11 5 12 11 9 12 12 0 13 10 2 13 8 3 13 11 4 13 9 5 13 10 9 13 5 0 14 15 2 14 10 3 14 14 4 14 11 5 14 9 9 14 11 0 15 10 2 15 11 3 15 11 4 15 8 5 15 13 9 15 11 0 16 10 2 16 12 3 16 11 4 16 13 5 16 16 9 16 10 0 17 9 2 17 11 3 17 12 4 17 8 5 17 10 9 17 13 0 18 11 2 18 12 3 18 9 4 18 10 5 18 11 9 18 11 0 19 13 2 19 9 3 19 11 4 19 13 5 19 12 9 19 12
23 71 12 6 4 0 12 11 2 12 9 4 12 8 0 16 10 5 16 13 6 17 7 8 17 10 2 18 11 4 18 12 5 18 8 6 18 10 8 18 12
24 80 4 4 1 2 13 13 5 13 9 6 13 7 7 13 11
25 86 2 2 1 3 17 11 8 17 12
26 89 2 2 1 0 11 8 3 11 9
27 90 50 5 10 4 10 16 5 10 10 7 10 10 8 10 13 9 10 14 4 11 9 5 11 9 7 11 10 8 11 12 9 11 11 4 12 12 5 12 13 7 12 15 8 12 11 9 12 10 4 13 8 5 13 13 7 13 9 8 13 9 9 13 10 4 14 10 5 14 9 7 14 12 8 14 13 9 14 9 4 15 11 5 15 9 7 15 11 8 15 9 9 15 11 4 16 14 5 16 9 7 16 7 8 16 12 9 16 12 4 17 10 5 17 11 7 17 12 8 17 9 9 17 9 4 18 9 5 18 10 7 18 12 8 18 14 9 18 12 4 19 12 5 19 14 7 19 10 8 19 11 9 19 9
28 91 18 6 5 1 10 11 6 10 10 7 10 13 8 10 9 3 12 9 9 12 11 1 14 13 3 14 9 8 14 11 9 14 9 1 15 12 6 15 12 7 15 14 3 18 9 6 18 10 7 18 12 8 18 11 9 18 12
29 95 3 3 1 2 15 14 3 15 10 4 15 13
30 101 40 4 10 2 10 13 6 10 12 7 10 10 9 10 11 2 11 9 6 11 15 7 11 8 9 11 9 2 12 9 6 12 10 7 12 10 9 12 9 2 13 11 6 13 13 7 13 12 9 13 8 2 14 7 6 14 12 7 14 12 9 14 10 2 15 9 6 15 10 7 15 12 9 15 11 2 16 11 6 16 14 7 16 9 9 16 10 2 17 10 6 17 12 7 17 13 9 17 12 2 18 11 6 18 13 7 18 11 9 18 5 2 19 9 6 19 10 7 19 12 9 19 10
31 107 1 1 1 3 18 9
32 114 6 6 1 0 17 11 1 17 12 2 17 9 5 17 14 6 17 8 7 17 10
33 120 12 6 4 0 10 10 2 10 12 3 10 8 4 10 13 7 10 13 4 12 11 0 14 11 1 14 14 2 14 10 1 16 12 3 16 8 7 16 12
34 125 3 3 2 0 15 6 8 15 10 7 16 13
35 127 4 4 1 0 13 12 1 13 14 3 13 12 7 13 8
36 132 6 6 2 5 14 8 6 14 9 7 14 13 9 14 12 4 18 11 8 18 6
37 135 4 4 2 0 17 12 2 19 9 5 19 8 9 19 10
38 137 40 4 10 0 10 10 3 10 8 4 10 16 8 10 12 0 11 10 3 11 9 4 11 13 8 11 10 0 12 10 3 12 10 4 12 7 8 12 13 0 13 9 3 13 10 4 13 10 8 13 8 0 14 10 3 14 9 4 14 11 8 14 9 0 15 12 3 15 12 4 15 10 8 15 10 0 16 11 3 16 8 4 16 11 8 16 13 0 17 11 3 17 9 4 17 11 8 17 11 0 18 14 3 18 9 4 18 8 8 18 14 0 19 10 3 19 8 4 19 8 8 19 12
39 140 4 4 2 3 14 7 4 14 10 0 18 8 7 18 10
40 146 60 6 10 0 10 12 2 10 10 3 10 9 5 10 12 7 10 8 8 10 13 0 11 10 2 11 8 3 11 12 5 11 13 7 11 12 8 11 9 0 12 13 2 12 10 3 12 8 5 12 10 7 12 10 8 12 12 0 13 7 2 13 11 3 13 12 5 13 11 7 13 12 8 13 10 0 14 12 2 14 10 3 14 14 5 14 11 7 14 8 8 14 12 0 15 12 2 15 9 3 15 13 5 15 11 7 15 13 8 15 8 0 16 10 2 16 8 3 16 14 5 16 11 7 16 12 8 16 3 0 17 10 2 17 10 3 17 12 5 17 11 7 17 13 8 17 10 0 18 10 2 18 8 3 18 12 5 18 9 7 18 9 8 18 8 0 19 7 2 19 10 3 19 11 5 19 12 7 19 8 8 19 9
41 149 4 4 1 1 12 9 3 12 13 4 12 14 7 12 9
42 155 6 6 1 1 15 10 2 15 12 4 15 10 5 15 9 6 15 10 8 15 5
43 156 3 3 1 4 16 13 6 16 8 8 16 10
44 159 2 2 1 1 14 7 3 14 10
45 160 1 1 1 2 17 13
46 161 1 1 1 5 12 10
47 163 2 2 1 6 13 11 7 13 13
48 166 18 6 5 2 10 12 9 10 10 1 12 7 2 12 8 5 12 9 6 12 9 7 15 11 9 15 11 1 16 9 2 16 12 5 16 10 6 16 11 7 16 12 9 16 11 1 18 12 5 18 10 6 18 13 7 18 14
49 167 24 6 6 0 10 9 5 10 14 0 13 10 3 13 9 4 13 14 5 13 12 8 13 13 3 14 9 4 14 10 8 14 9 9 14 12 0 17 10 3 17 12 8 17 10 9 17 14 0 18 7 3 18 11 4 18 12 5 18 8 8 18 12 9 18 11 4 19 15 5 19 11 9 19 10
50 169 1 1 1 7 16 8
51 170 24 6 7 0 10 11 1 10 8 4 10 14 7 10 11 8 10 8 4 11 9 9 11 13 1 12 17 8 12 13 0 13 8 1 13 10 7 13 13 8 13 10 9 13 14 0 15 8 7 15 12 8 15 10 9 15 8 1 16 9 4 16 15 7 16 15 9 16 13 0 17 9 4 17 9
52 176 12 6 3 2 12 11 4 12 8 7 12 10 8 12 10 3 16 11 4 16 10 5 16 11 7 16 12 2 17 8 3 17 10 5 17 12 8 17 10
53 177 6 3 3 0 16 11 5 16 9 8 16 11 0 17 9 5 18 10 8 18 10
54 184 6 6 1 1 14 11 3 14 13 5 14 13 6 14 5 8 14 12 9 14 10
55 188 2 2 1 2 16 12 6 16 13
56 189 6 6 1 4 17 12 5 17 8 6 17 12 7 17 8 8 17 9 9 17 9
57 193 1 1 1 6 10 13
58 198 1 1 1 8 17 12
59 204 2 2 1 0 19 11 9 19 10
60 206 20 2 10 2 10 11 5 10 12 2 11 11 5 11 8 2 12 9 5 12 11 2 13 11 5 13 8 2 14 8 5 14 9 2 15 13 5 15 11 2 16 10 5 16 12 2 17 10 5 17 11 2 18 10 5 18 11 2 19 12 5 19 12
61 208 18 6 5 0 10 12 5 10 10 0 11 12 1 11 9 3 11 10 4 11 10 5 11 12 1 13 10 3 13 9 4 13 10 5 13 14 7 13 11 7 18 10 0 19 15 1 19 10 3 19 10 4 19 10 7 19 8
62 219 30 3 10 6 10 12 8 10 9 9 10 10 6 11 13 8 11 13 9 11 9 6 12 8 8 12 13 9 12 9 6 13 8 8 13 12 9 13 11 6 14 8 8 14 9 9 14 9 6 15 13 8 15 10 9 15 13 6 16 15 8 16 9 9 16 7 6 17 11 8 17 8 9 17 10 6 18 11 8 18 12 9 18 9 6 19 8 8 19 16 9 19 12
63 225 2 2 1 3 19 11 5 19 12
64 229 6 6 2 0 10 12 1 10 10 8 10 10 2 15 11 6 15 15 9 15 10
65 231 3 3 1 1 18 13 4 18 12 6 18 11
66 232 24 6 8 1 10 13 2 10 9 5 10 11 7 10 12 0 12 13 1 12 12 5 12 9 6 12 11 1 13 9 7 13 10 0 14 14 2 14 8 6 14 8 0 15 9 1 15 12 2 15 9 5 15 9 6 15 11 7 15 11 6 17 10 2 18 8 7 18 12 0 19 9 5 19 11
67 235 1 1 1 9 12 10
68 236 6 6 1 2 19 12 4 19 11 6 19 12 7 19 14 8 19 11 9 19 9
69 238 8 4 3 0 11 9 1 11 13 0 14 11 1 14 13 3 14 10 4 14 12 3 19 9 4 19 12
70 245 18 6 6 3 11 12 8 11 9 1 13 11 9 13 12 1 14 8 2 14 13 3 14 10 6 14 12 9 14 14 1 15 10 3 15 13 6 15 13 8 15 9 2 18 8 8 18 10 2 19 7 6 19 9 9 19 11
71 247 18 6 5 6 14 8 9 14 10 4 15 14 6 15 10 8 15 10 1 16 8 7 16 12 9 16 12 1 17 14 4 17 9 6 17 9 7 17 12 8 17 11 1 19 7 4 19 8 7 19 12 8 19 11 9 19 12
72 253 2 2 1 6 14 12 8 14 11
73 257 2 2 1 3 17 9 9 17 12
74 258 24 6 6 3 12 5 4 12 9 0 14 10 1 14 9 3 14 12 4 14 10 0 15 10 3 15 9 4 15 10 7 15 15 9 15 9 1 16 12 3 16 8 7 16 12 9 16 12 0 18 11 1 18 13 7 18 10 9 18 12 0 19 13 1 19 12 4 19 12 7 19 9 9 19 8
75 264 2 2 2 9 15 9 5 19 9
76 270 18 6 6 1 12 10 6 12 8 9 12 8 2 13 12 4 13 15 5 13 9 4 14 8 5 14 10 9 14 10 1 16 11 2 16 13 1 18 10 2 18 13 4 18 13 6 18 12 9 18 10 5 19 8 6 19 13
77 275 2 2 1 3 18 8 9 18 13
78 276 1 1 1 8 12 6
79 277 2 2 1 3 16 8 5 16 9
80 282 20 2 10 4 10 13 8 10 13 4 11 10 8 11 9 4 12 13 8 12 10 4 13 10 8 13 9 4 14 12 8 14 12 4 15 8 8 15 9 4 16 12 8 16 9 4 17 13 8 17 8 4 18 13 8 18 6 4 19 11 8 19 12
81 288 2 2 1 1 10 11 2 10 8
82 291 1 1 1 1 16 14
83 298 2 2 1 1 15 10 9 15 9
84 299 2 2 1 0 18 10 4 18 12
85 305 1 1 1 7 14 9
86 306 6 6 1 1 16 10 5 16 12 6 16 10 7 16 11 8 16 11 9 16 9
87 312 24 6 7 3 11 12 0 12 7 2 12 8 3 12 11 4 14 12 9 14 10 0 15 10 2 15 11 3 15 9 4 15 10 5 15 7 9 15 9 0 17 11 3 17 13 4 17 10 5 17 11 2 18 7 4 18 8 5 18 11 9 18 9 0 19 8 2 19 11 5 19 8 9 19 13
88 313 60 6 10 0 10 11 1 10 12 2 10 15 3 10 12 4 10 13 5 10 12 0 11 12 1 11 8 2 11 10 3 11 11 4 11 9 5 11 8 0 12 13 1 12 13 2 12 14 3 12 11 4 12 13 5 12 9 0 13 11 1 13 11 2 13 9 3 13 8 4 13 8 5 13 12 0 14 11 1 14 9 2 14 13 3 14 8 4 14 16 5 14 12 0 15 11 1 15 12 2 15 10 3 15 12 4 15 12 5 15 9 0 16 10 1 16 13 2 16 9 3 16 11 4 16 11 5 16 9 0 17 7 1 17 14 2 17 10 3 17 10 4 17 14 5 17 9 0 18 11 1 18 8 2 18 13 3 18 7 4 18 11 5 18 11 0 19 10 1 19 10 2 19 10 3 19 4 4 19 13 5 19 12
89 314 6 3 3 7 13 10 9 13 11 8 15 8 7 17 12 8 17 11 9 17 11
90 319 3 3 1 1 14 15 5 14 13 9 14 10
91 325 18 6 5 1 11 15 2 11 12 9 11 11 0 12 15 2 12 9 4 12 7 5 12 8 9 12 11 1 13 13 4 13 11 0 16 12 1 16 10 5 16 12 9 16 13 0 19 13 2 19 12 4 19 10 5 19 9
92 334 24 6 7 1 10 8 6 10 11 8 10 11 0 11 12 6 11 10 8 11 12 9 11 13 0 12 12 1 12 14 4 12 11 4 14 7 6 14 10 8 14 10 4 15 10 8 15 15 9 15 8 0 17 9 1 17 7 9 17 8 0 19 10 1 19 13 4 19 8 6 19 11 9 19 11
93 337 2 2 1 2 14 12 4 14 12
94 342 6 6 1 0 19 12 2 19 10 3 19 13 5 19 9 6 19 10 7 19 12
95 343 20 2 10 7 10 8 9 10 10 7 11 8 9 11 11 7 12 11 9 12 12 7 13 10 9 13 9 7 14 12 9 14 14 7 15 10 9 15 7 7 16 11 9 16 12 7 17 11 9 17 14 7 18 14 9 18 11 7 19 14 9 19 8
96 344 1 1 1 8 14 11
97 354 6 6 1 4 11 11 5 11 10 6 11 11 7 11 10 8 11 11 9 11 10
98 356 1 1 1 7 11 13
99 359 60 6 10 1 10 9 2 10 12 3 10 11 6 10 11 8 10 12 9 10 9 1 11 13 2 11 14 3 11 9 6 11 13 8 11 9 9 11 14 1 12 8 2 12 9 3 12 13 6 12 11 8 12 11 9 12 12 1 13 8 2 13 8 3 13 7 6 13 10 8 13 13 9 13 9 1 14 11 2 14 9 3 14 9 6 14 9 8 14 8 9 14 10 1 15 10 2 15 12 3 15 11 6 15 12 8 15 10 9 15 8 1 16 12 2 16 8 3 16 12 6 16 10 8 16 8 9 16 13 1 17 11 2 17 13 3 17 12 6 17 12 8 17 10 9 17 12 1 18 12 2 18 11 3 18 12 6 18 13 8 18 9 9 18 12 1 19 10 2 19 12 3 19 12 6 19 9 8 19 11 9 19 12
