20 100
0 0 30 3 10 1 10 9 2 10 9 5 10 9 1 11 11 2 11 12 5 11 9 1 12 11 2 12 11 5 12 11 1 13 9 2 13 9 5 13 8 1 14 13 2 14 9 5 14 11 1 15 11 2 15 13 5 15 13 1 16 12 2 16 11 5 16 13 1 17 9 2 17 9 5 17 11 1 18 8 2 18 9 5 18 11 1 19 7 2 19 9 5 19 12
1 2 6 6 1 0 14 10 3 14 12 4 14 9 5 14 11 6 14 14 7 14 12
2 4 3 3 1 2 16 9 5 16 8 7 16 10
3 8 6 3 4 0 15 10 7 15 11 7 16 12 0 18 9 5 18 9 5 19 11
4 10 2 2 2 9 14 9 1 19 10
5 11 1 1 1 4 14 10
6 13 1 1 1 5 10 10
7 14 3 3 1 3 10 10 4 10 10 5 10 11
8 17 2 2 1 1 14 9 6 14 9
9 20 6 6 3 9 10 11 1 13 14 4 13 11 7 13 9 2 16 9 3 16 10
10 24 1 1 1 6 15 11
11 27 4 4 2 0 13 14 3 13 10 7 13 8 2 19 13
12 28 6 3 2 1 10 13 2 10 10 5 10 9 1 13 6 2 13 10 5 13 13
13 42 54 6 10 0 10 14 1 10 9 4 10 10 5 10 6 6 10 12 7 10 12 0 11 12 1 11 8 4 11 9 5 11 11 6 11 14 7 11 8 0 12 12 1 12 11 4 12 9 5 12 11 6 12 10 7 12 6 0 13 11 1 13 9 4 13 8 5 13 10 6 13 11 7 13 10 0 14 9 1 14 11 5 14 13 6 14 8 7 14 11 0 15 8 1 15 10 4 15 9 5 15 9 6 15 9 0 16 11 1 16 13 4 16 11 5 16 11 7 16 10 1 17 8 4 17 11 5 17 11 6 17 10 7 17 12 0 18 8 1 18 11 4 18 10 6 18 13 7 18 13 0 19 13 4 19 11 5 19 12 6 19 10 7 19 12
14 43 30 3 10 5 10 8 6 10 8 8 10 13 5 11 13 6 11 9 8 11 10 5 12 14 6 12 11 8 12 10 5 13 12 6 13 13 8 13 10 5 14 11 6 14 12 8 14 14 5 15 10 6 15 10 8 15 14 5 16 10 6 16 11 8 16 10 5 17 13 6 17 13 8 17 12 5 18 11 6 18 10 8 18 10 5 19 13 6 19 9 8 19 8
15 45 1 1 1 4 10 11
16 46 1 1 1 2 12 8
17 47 2 2 1 0 12 11 8 12 9
18 52 18 6 5 3 12 8 4 12 14 7 12 11 9 12 10 0 14 9 6 14 9 7 14 11 9 14 9 3 15 9 6 15 10 7 15 10 9 15 9 0 16 12 3 16 12 4 16 7 0 18 12 4 18 9 6 18 10
19 57 2 2 1 1 18 9 4 18 9
20 59 2 2 1 4 17 12 6 17 15
21 67 12 4 5 3 10 9 7 10 12 0 11 9 5 11 8 7 11 6 3 14 8 0 17 10 5 17 10 7 17 14 0 18 10 3 18 10 5 18 8
22 68 3 3 1 0 12 10 6 12 11 8 12 11
23 71 2 2 2 6 10 12 3 19 12
24 80 3 3 1 1 15 9 3 15 15 4 15 9
25 86 60 6 10 0 10 10 1 10 12 4 10 10 5 10 9 6 10 10 9 10 8 0 11 10 1 11 13 4 11 14 5 11 8 6 11 13 9 11 7 0 12 10 1 12 11 4 12 9 5 12 10 6 12 9 9 12 5 0 13 9 1 13 11 4 13 10 5 13 12 6 13 8 9 13 10 0 14 9 1 14 9 4 14 12 5 14 10 6 14 12 9 14 9 0 15 9 1 15 6 4 15 11 5 15 10 6 15 8 9 15 11 0 16 12 1 16 11 4 16 9 5 16 12 6 16 13 9 16 10 0 17 12 1 17 13 4 17 9 5 17 10 6 17 11 9 17 13 0 18 7 1 18 12 4 18 14 5 18 11 6 18 13 9 18 12 0 19 9 1 19 13 4 19 9 5 19 11 6 19 12 9 19 13
26 89 30 3 10 0 10 11 5 10 7 8 10 6 0 11 12 5 11 12 8 11 10 0 12 12 5 12 10 8 12 10 0 13 11 5 13 14 8 13 11 0 14 7 5 14 12 8 14 10 0 15 10 5 15 14 8 15 8 0 16 11 5 16 13 8 16 11 0 17 7 5 17 12 8 17 11 0 18 8 5 18 13 8 18 12 0 19 10 5 19 9 8 19 12
27 90 6 6 1 0 12 9 2 12 11 4 12 12 5 12 12 8 12 11 9 12 7
28 91 1 1 1 0 15 10
29 95 2 2 1 0 11 9 1 11 10
30 101 1 1 1 5 13 14
31 107 12 6 3 0 11 7 1 11 13 3 11 9 6 11 10 0 12 8 1 12 14 4 12 8 8 12 8 3 18 11 4 18 13 6 18 7 8 18 13
32 114 2 2 1 4 12 14 9 12 8
33 120 2 2 1 7 15 6 9 15 10
34 125 12 6 3 0 14 8 2 14 11 3 14 12 4 14 11 0 18 11 7 18 10 9 18 8 2 19 10 3 19 13 4 19 14 7 19 13 9 19 11
35 127 6 3 2 5 10 11 6 10 10 7 10 11 5 19 8 6 19 11 7 19 10
36 132 18 6 5 1 14 12 2 14 7 9 14 12 4 15 13 5 15 9 7 15 12 9 15 10 1 16 6 7 16 9 1 17 9 2 17 10 4 17 9 5 17 14 9 17 9 2 18 12 4 18 13 5 18 9 7 18 11
37 135 3 3 1 3 11 10 6 11 9 9 11 8
38 137 2 2 2 3 15 13 4 17 13
39 140 2 2 1 7 11 12 9 11 11
40 146 24 6 7 4 11 13 6 11 11 1 12 12 2 12 6 7 12 12 1 13 9 2 13 10 6 13 11 7 13 13 9 13 11 1 14 10 2 14 9 6 14 9 9 14 12 2 16 11 4 16 12 4 18 12 7 18 12 9 18 13 1 19 11 4 19 12 6 19 8 7 19 10 9 19 11
41 149 5 5 2 1 12 10 2 12 11 0 13 9 5 13 12 6 13 11
42 155 3 3 1 1 13 12 4 13 9 6 13 13
43 156 6 6 2 3 13 11 4 13 14 5 13 11 6 13 10 7 17 9 8 17 8
44 159 20 2 10 7 10 14 8 10 7 7 11 12 8 11 12 7 12 8 8 12 10 7 13 10 8 13 11 7 14 13 8 14 12 7 15 11 8 15 13 7 16 11 8 16 10 7 17 11 8 17 7 7 18 7 8 18 13 7 19 9 8 19 9
45 160 1 1 1 7 16 8
46 161 1 1 1 3 18 13
47 163 20 2 10 3 10 7 7 10 9 3 11 13 7 11 15 3 12 13 7 12 12 3 13 10 7 13 6 3 14 13 7 14 10 3 15 12 7 15 12 3 16 12 7 16 10 3 17 11 7 17 9 3 18 12 7 18 12 3 19 9 7 19 10
48 166 6 6 3 2 10 9 6 10 9 1 15 8 5 15 13 0 19 11 9 19 10
49 167 2 2 1 1 12 9 3 12 9
50 169 2 2 1 0 17 11 5 17 11
51 170 1 1 1 9 12 10
52 176 12 6 3 0 10 9 2 10 11 4 10 10 8 10 9 9 10 9 6 11 11 8 11 9 0 14 11 2 14 13 4 14 10 6 14 12 9 14 13
53 177 6 6 1 0 11 8 1 11 13 2 11 9 5 11 13 6 11 8 9 11 11
54 184 3 3 2 3 12 7 4 12 3 9 13 11
55 188 1 1 1 4 11 8
56 189 9 3 5 6 12 9 1 13 11 6 13 12 1 14 16 8 14 11 1 17 9 8 17 12 6 19 11 8 19 12
57 193 3 3 1 2 11 10 3 11 10 7 11 9
58 198 6 3 3 7 10 13 8 10 11 2 17 13 7 17 10 2 18 10 8 18 10
59 204 2 2 1 7 18 11 9 18 8
60 206 6 3 3 2 10 12 5 10 8 7 10 13 5 14 12 7 14 11 2 19 10
61 208 10 5 4 0 10 13 9 10 10 0 11 12 2 11 7 4 13 11 8 13 11 2 16 13 4 16 8 8 16 14 9 16 12
62 219 3 3 1 0 13 9 3 13 12 6 13 15
63 225 2 2 1 3 11 9 8 11 10
64 229 2 2 1 5 19 10 6 19 9
65 231 12 6 5 3 10 9 7 10 6 0 12 10 1 12 11 8 12 10 9 12 10 0 14 7 8 14 14 9 14 12 1 16 11 3 16 8 7 17 13
66 232 2 2 1 7 19 11 9 19 6
67 235 12 6 4 0 10 12 2 10 12 6 10 10 8 10 9 0 15 11 4 15 12 2 16 10 3 16 11 6 16 13 8 16 9 3 19 13 4 19 10
68 236 6 6 1 0 13 8 2 13 7 3 13 13 5 13 13 6 13 12 9 13 14
69 238 2 2 1 6 14 11 9 14 11
70 245 24 6 7 3 10 10 8 10 9 9 10 10 2 11 9 3 11 15 7 11 13 5 12 10 9 12 9 2 13 9 5 13 7 7 13 10 8 13 12 5 14 11 9 14 11 2 18 16 3 18 12 7 18 9 8 18 14 9 18 10 2 19 12 3 19 13 5 19 15 7 19 11 8 19 13
71 247 2 2 1 8 16 7 9 16 9
72 253 1 1 1 5 18 11
73 257 20 2 10 2 10 11 4 10 9 2 11 14 4 11 11 2 12 12 4 12 12 2 13 9 4 13 8 2 14 8 4 14 9 2 15 12 4 15 11 2 16 11 4 16 6 2 17 7 4 17 14 2 18 8 4 18 9 2 19 10 4 19 7
74 258 5 5 1 0 10 10 1 10 9 2 10 8 3 10 8 5 10 11
75 264 6 6 3 3 10 10 8 10 10 4 14 10 6 16 8 7 16 13 9 16 14
76 270 6 6 3 3 12 9 2 15 10 6 15 9 8 15 6 1 19 8 4 19 13
77 275 12 6 4 2 13 8 3 13 10 5 13 6 8 13 13 9 13 12 5 14 11 0 15 12 2 15 12 8 15 9 9 15 12 0 19 10 3 19 11
78 276 8 1 8 5 12 10 5 13 8 5 14 10 5 15 11 5 16 13 5 17 9 5 18 6 5 19 9
79 277 2 2 1 1 10 11 6 10 12
80 282 1 1 1 9 12 8
81 288 12 6 3 1 13 8 3 13 12 4 13 13 7 13 13 8 13 6 9 13 12 1 15 12 9 15 10 3 16 9 4 16 11 7 16 8 8 16 13
82 291 5 5 2 3 12 10 4 12 9 8 12 9 9 12 16 7 16 10
83 298 24 6 7 5 10 10 8 10 12 4 11 8 5 11 10 8 11 15 9 11 9 0 12 11 2 12 9 5 12 10 4 13 10 9 13 10 0 15 10 2 15 9 4 15 10 8 15 12 0 18 8 2 18 9 4 18 10 8 18 11 9 18 10 0 19 13 2 19 11 5 19 10 9 19 11
84 299 3 3 1 0 14 10 1 14 13 8 14 10
85 305 24 6 7 1 11 8 3 11 9 6 11 10 7 11 11 2 12 12 3 12 10 1 14 11 2 14 9 3 14 9 6 14 6 8 14 13 7 15 9 8 15 9 1 16 10 2 16 12 8 16 13 6 18 9 7 18 10 1 19 8 2 19 14 3 19 7 6 19 8 7 19 9 8 19 8
86 306 1 1 1 9 18 11
87 312 20 2 10 1 10 15 3 10 10 1 11 5 3 11 11 1 12 7 3 12 13 1 13 10 3 13 11 1 14 12 3 14 12 1 15 10 3 15 14 1 16 10 3 16 6 1 17 12 3 17 11 1 18 10 3 18 12 1 19 9 3 19 12
88 313 20 2 10 2 10 11 7 10 8 2 11 11 7 11 15 2 12 10 7 12 12 2 13 8 7 13 8 2 14 14 7 14 11 2 15 9 7 15 11 2 16 9 7 16 11 2 17 9 7 17 13 2 18 10 7 18 11 2 19 9 7 19 10
89 314 6 6 1 2 10 10 3 10 13 5 10 11 6 10 13 7 10 12 8 10 8
90 319 3 3 2 1 13 11 4 13 10 2 15 9
91 325 6 6 1 0 19 8 2 19 12 5 19 9 7 19 9 8 19 6 9 19 10
92 334 2 2 1 0 17 10 8 17 7
93 337 2 2 1 5 17 11 6 17 9
94 342 1 1 1 8 16 8
95 343 2 2 1 0 12 9 9 12 8
96 344 15 5 5 3 10 7 7 10 10 8 10 12 0 13 8 3 13 8 5 13 10 0 14 12 7 14 13 8 14 11 5 16 10 8 16 12 0 17 8 3 17 11 5 17 11 7 17 11
97 354 6 6 1 2 13 11 3 13 14 5 13 9 6 13 6 8 13 14 9 13 14
98 356 1 1 1 3 12 11
99 359 6 6 3 1 10 14 3 10 9 5 10 10 2 17 9 0 18 13 8 18 11
