20 100
0 0 6 6 3 0 11 10 6 11 10 4 12 12 7 12 11 8 12 7 5 16 7
1 2 6 6 2 6 14 11 7 14 6 9 14 12 0 16 12 3 16 11 8 16 12
2 4 6 6 2 0 17 11 2 17 9 3 17 13 1 19 8 7 19 12 9 19 10
3 8 1 1 1 1 17 9
4 10 1 1 1 0 12 13
5 11 3 3 1 4 10 9 6 10 9 8 10 12
6 13 3 3 1 1 13 12 5 13 10 7 13 11
7 14 12 6 4 2 11 11 6 11 9 8 11 12 0 16 10 1 16 7 2 16 14 8 16 10 1 17 11 4 17 12 6 17 13 0 19 9 4 19 7
8 17 6 3 3 3 12 8 7 12 13 8 12 15 3 14 6 7 14 13 8 18 11
9 20 6 6 1 0 13 9 3 13 11 4 13 11 6 13 13 7 13 11 9 13 10
10 24 12 6 3 8 15 10 0 16 13 2 16 7 5 16 9 6 16 9 9 16 12 0 19 10 2 19 9 5 19 11 6 19 9 8 19 10 9 19 11
11 27 60 6 10 1 10 10 2 10 12 3 10 10 4 10 9 5 10 11 9 10 11 1 11 10 2 11 10 3 11 9 4 11 9 5 11 8 9 11 13 1 12 9 2 12 12 3 12 10 4 12 7 5 12 7 9 12 13 1 13 11 2 13 11 3 13 13 4 13 10 5 13 7 9 13 8 1 14 9 2 14 9 3 14 9 4 14 10 5 14 6 9 14 15 1 15 12 2 15 12 3 15 13 4 15 16 5 15 8 9 15 9 1 16 8 2 16 13 3 16 8 4 16 9 5 16 10 9 16 11 1 17 11 2 17 10 3 17 7 4 17 11 5 17 8 9 17 7 1 18 11 2 18 12 3 18 11 4 18 13 5 18 13 9 18 13 1 19 11 2 19 11 3 19 12 4 19 12 5 19 13 9 19 12
12 28 1 1 1 7 13 12
13 42 1 1 1 9 18 11
14 43 6 6 2 3 12 10 4 12 11 5 12 9 0 16 10 2 16 12 8 16 13
15 45 3 3 2 5 13 9 6 16 9 8 16 8
16 46 4 4 1 1 19 10 6 19 10 7 19 9 8 19 9
17 47 2 2 1 8 13 10 9 13 13
18 52 6 6 1 1 12 10 3 12 5 4 12 11 5 12 7 8 12 9 9 12 12
19 57 18 6 6 1 10 11 5 10 7 1 13 12 2 13 11 8 13 10 5 14 12 6 14 13 8 14 10 1 15 11 2 15 9 6 15 11 7 15 13 8 15 10 7 18 9 2 19 9 5 19 9 6 19 10 7 19 9
20 59 3 3 2 7 16 14 3 17 13 5 17 10
21 67 12 6 3 3 12 8 4 12 10 6 12 12 8 12 9 0 13 16 5 13 11 0 19 9 3 19 12 4 19 10 5 19 10 6 19 12 8 19 9
22 68 6 6 2 0 11 12 1 11 10 3 11 14 4 16 9 7 16 10 9 16 11
23 71 1 1 1 2 18 12
24 80 24 6 7 1 10 10 2 10 8 3 10 12 8 10 12 7 11 9 8 11 12 9 11 9 2 12 9 1 13 10 3 13 9 7 13 14 9 13 13 2 16 12 8 16 8 1 17 13 3 17 13 7 17 12 8 17 12 9 17 7 1 18 10 2 18 10 3 18 11 7 18 9 9 18 7
25 86 12 6 4 9 10 9 7 11 14 1 17 10 2 17 9 3 17 12 5 17 11 1 19 12 2 19 11 3 19 13 5 19 11 7 19 10 9 19 13
26 89 1 1 1 6 18 12
27 90 12 6 4 1 13 9 4 13 9 2 15 10 3 15 10 4 15 10 5 15 12 6 15 11 1 17 13 2 17 8 5 17 12 3 19 9 6 19 8
28 91 6 6 3 1 13 14 2 13 10 5 18 13 0 19 11 4 19 10 8 19 11
29 95 6 3 3 5 14 10 8 14 13 5 16 8 9 16 11 8 18 13 9 18 9
30 101 12 6 4 1 12 12 4 12 8 5 12 11 7 13 7 0 15 12 3 15 8 5 15 14 0 19 7 1 19 14 3 19 13 4 19 6 7 19 12
31 107 20 2 10 7 10 9 9 10 10 7 11 10 9 11 10 7 12 8 9 12 10 7 13 9 9 13 9 7 14 11 9 14 10 7 15 10 9 15 12 7 16 10 9 16 10 7 17 10 9 17 8 7 18 9 9 18 10 7 19 10 9 19 13
32 114 2 2 1 3 15 9 6 15 8
33 120 6 6 3 0 10 12 1 10 11 5 10 9 2 16 9 6 16 10 9 18 10
34 125 2 1 2 4 11 9 4 16 13
35 127 24 6 6 0 11 10 3 11 11 4 11 9 5 11 10 0 12 10 3 12 14 4 12 8 5 12 13 7 12 6 9 12 12 0 13 8 3 13 13 4 13 12 5 13 6 7 13 13 9 15 12 0 16 11 7 16 12 9 16 11 3 17 11 4 17 11 5 17 8 7 17 9 9 17 7
36 132 1 1 1 3 13 14
37 135 18 6 5 4 11 9 6 11 11 1 12 10 5 12 11 6 12 6 7 12 11 8 12 9 7 13 13 1 18 12 4 18 10 5 18 6 6 18 9 7 18 13 8 18 12 1 19 13 4 19 10 5 19 10 8 19 8
38 137 4 2 2 5 12 8 7 12 13 5 17 9 7 17 10
39 140 12 6 3 1 12 12 6 12 10 8 12 6 1 15 15 2 15 11 3 15 12 4 15 10 6 15 9 8 15 14 2 19 10 3 19 12 4 19 12
40 146 18 6 5 1 12 13 2 12 10 3 12 9 5 12 8 6 12 11 8 12 15 1 13 8 3 13 6 5 13 14 6 13 13 8 13 9 5 15 11 1 16 9 2 16 10 3 16 10 6 16 12 2 19 9 8 19 13
41 149 6 6 3 1 15 7 7 15 13 2 17 10 4 17 12 9 17 12 0 18 10
42 155 2 2 1 0 15 9 2 15 12
43 156 2 2 1 5 17 13 8 17 9
44 159 2 2 1 3 11 11 6 11 8
45 160 10 1 10 3 10 12 3 11 10 3 12 12 3 13 10 3 14 9 3 15 9 3 16 9 3 17 10 3 18 9 3 19 9
46 161 3 3 1 3 11 11 5 11 12 8 11 11
47 163 48 6 10 0 10 12 1 10 10 2 10 14 3 10 14 4 10 10 7 10 11 0 11 12 2 11 10 3 11 10 4 11 10 7 11 11 3 12 11 4 12 11 0 13 11 1 13 13 2 13 10 4 13 12 7 13 12 0 14 11 1 14 8 2 14 7 3 14 10 4 14 14 7 14 13 1 15 9 2 15 6 3 15 12 7 15 10 0 16 13 1 16 12 2 16 8 3 16 9 4 16 12 0 17 11 1 17 10 3 17 9 7 17 9 0 18 9 1 18 12 2 18 12 3 18 8 4 18 7 7 18 10 0 19 11 1 19 5 2 19 12 4 19 9 7 19 14
48 166 4 4 1 1 13 11 2 13 14 6 13 9 9 13 12
49 167 10 5 4 3 10 10 9 10 9 7 12 8 8 12 9 3 13 12 5 13 14 7 13 10 5 18 11 8 18 10 9 18 11
50 169 6 3 3 6 10 12 6 13 11 7 13 11 8 13 10 7 17 10 8 17 7
51 170 10 1 10 7 10 12 7 11 14 7 12 8 7 13 10 7 14 9 7 15 12 7 16 10 7 17 8 7 18 11 7 19 11
52 176 12 4 5 0 12 9 1 12 12 1 13 10 2 13 14 5 13 11 1 14 10 2 14 9 0 15 12 2 15 15 5 15 14 0 16 9 5 16 10
53 177 60 6 10 2 10 11 3 10 12 4 10 9 6 10 12 8 10 7 9 10 12 2 11 7 3 11 12 4 11 8 6 11 10 8 11 11 9 11 5 2 12 9 3 12 12 4 12 12 6 12 10 8 12 11 9 12 10 2 13 11 3 13 8 4 13 11 6 13 10 8 13 7 9 13 8 2 14 11 3 14 11 4 14 14 6 14 12 8 14 9 9 14 9 2 15 8 3 15 10 4 15 11 6 15 10 8 15 10 9 15 6 2 16 12 3 16 11 4 16 13 6 16 12 8 16 7 9 16 10 2 17 11 3 17 14 4 17 10 6 17 12 8 17 8 9 17 13 2 18 11 3 18 12 4 18 15 6 18 14 8 18 12 9 18 12 2 19 11 3 19 10 4 19 16 6 19 9 8 19 8 9 19 9
54 184 24 6 7 1 11 9 4 11 10 5 11 14 8 11 9 1 12 8 4 12 10 5 12 13 7 12 8 8 12 10 9 12 14 4 13 11 7 13 10 8 13 10 1 15 11 5 15 6 9 15 10 5 17 8 7 17 9 4 18 10 9 18 11 1 19 10 7 19 11 8 19 12 9 19 12
55 188 5 5 1 1 14 9 3 14 8 6 14 9 7 14 8 8 14 6
56 189 3 3 1 1 10 8 2 10 9 4 10 10
57 193 24 6 6 1 10 10 2 10 11 3 10 7 4 10 10 1 11 12 2 11 15 3 11 9 4 11 13 7 11 14 9 11 8 2 14 8 1 15 7 3 15 10 4 15 9 7 15 12 9 15 10 2 16 12 7 16 8 9 16 11 1 19 10 3 19 10 4 19 13 7 19 12 9 19 12
58 198 7 1 7 0 10 11 0 11 7 0 12 11 0 14 14 0 15 8 0 17 5 0 18 12
59 204 18 6 6 3 11 11 5 11 13 0 14 10 6 14 8 7 14 10 3 15 11 4 15 11 5 15 10 6 15 12 7 15 9 4 16 8 6 16 12 0 17 12 3 17 10 5 17 7 7 17 11 0 18 13 4 18 8
60 206 6 6 1 0 15 11 1 15 13 3 15 11 4 15 12 5 15 6 8 15 8
61 208 18 6 6 3 10 9 7 10 12 8 10 11 9 10 11 1 12 8 8 12 10 0 13 11 1 13 11 7 13 12 9 13 9 3 15 7 7 15 13 9 15 10 0 17 8 0 18 12 1 18 12 3 18 10 8 18 14
62 219 4 4 1 0 12 14 3 12 9 5 12 10 6 12 8
63 225 50 5 10 0 10 12 2 10 11 7 10 13 8 10 10 9 10 10 0 11 9 2 11 12 7 11 11 8 11 9 9 11 9 0 12 14 2 12 11 7 12 8 8 12 10 9 12 8 0 13 10 2 13 10 7 13 10 8 13 8 9 13 12 0 14 11 2 14 11 7 14 9 8 14 10 9 14 9 0 15 12 2 15 9 7 15 7 8 15 13 9 15 12 0 16 13 2 16 12 7 16 8 8 16 8 9 16 9 0 17 11 2 17 9 7 17 10 8 17 9 9 17 13 0 18 10 2 18 10 7 18 7 8 18 13 9 18 15 0 19 9 2 19 10 7 19 11 8 19 8 9 19 13
64 229 30 3 10 0 10 11 1 10 10 6 10 8 0 11 10 1 11 10 6 11 10 0 12 10 1 12 12 6 12 12 0 13 11 1 13 7 6 13 12 0 14 10 1 14 11 6 14 10 0 15 16 1 15 10 6 15 12 0 16 14 1 16 12 6 16 11 0 17 9 1 17 10 6 17 8 0 18 6 1 18 7 6 18 9 0 19 10 1 19 9 6 19 12
65 231 6 3 4 6 10 13 4 13 11 9 17 8 4 19 7 6 19 10 9 19 10
66 232 1 1 1 5 17 10
67 235 1 1 1 6 11 9
68 236 4 1 4 4 12 15 4 15 8 4 16 11 4 19 12
69 238 6 3 4 4 12 6 6 12 8 8 15 11 6 17 13 4 19 7 8 19 11
70 245 4 4 1 0 16 14 2 16 11 4 16 12 7 16 5
71 247 6 6 2 0 12 11 1 12 10 3 12 8 6 12 14 7 14 13 8 14 10
72 253 3 3 2 0 15 13 1 15 11 5 16 8
73 257 24 6 7 4 11 11 5 11 8 7 11 13 8 11 10 2 12 12 6 12 6 7 12 12 2 14 14 5 14 11 8 14 9 2 16 10 4 16 14 6 16 7 7 16 10 8 16 12 4 17 13 5 17 7 7 17 8 2 18 11 4 18 9 5 18 13 6 18 8 6 19 12 8 19 10
74 258 12 6 4 0 12 13 6 12 15 7 12 10 9 17 6 2 18 12 5 18 9 0 19 9 2 19 9 5 19 8 6 19 12 7 19 10 9 19 11
75 264 60 6 10 1 10 9 3 10 15 4 10 10 6 10 9 7 10 10 9 10 10 1 11 7 3 11 9 4 11 15 6 11 7 7 11 13 9 11 9 1 12 11 3 12 11 4 12 8 6 12 7 7 12 9 9 12 12 1 13 12 3 13 8 4 13 11 6 13 11 7 13 9 9 13 12 1 14 9 3 14 8 4 14 13 6 14 11 7 14 12 9 14 10 1 15 10 3 15 7 4 15 11 6 15 11 7 15 10 9 15 10 1 16 8 3 16 10 4 16 11 6 16 7 7 16 15 9 16 9 1 17 10 3 17 10 4 17 13 6 17 14 7 17 8 9 17 9 1 18 11 3 18 10 4 18 10 6 18 9 7 18 12 9 18 12 1 19 10 3 19 12 4 19 7 6 19 12 7 19 12 9 19 11
76 270 6 6 2 0 15 10 2 15 11 5 15 7 1 16 11 3 16 8 8 16 7
77 275 15 5 6 2 11 10 1 12 9 7 12 11 0 13 7 1 13 10 8 13 8 2 15 10 0 16 13 1 16 11 2 16 11 7 16 9 8 16 11 0 19 12 7 19 12 8 19 11
78 276 1 1 1 2 16 8
79 277 1 1 1 7 15 10
80 282 6 6 2 3 13 8 9 13 8 0 18 11 1 18 10 2 18 13 7 18 11
81 288 5 5 2 0 10 8 6 10 11 1 14 11 3 14 12 4 14 13
82 291 1 1 1 3 14 9
83 298 2 2 1 3 14 13 9 14 7
84 299 6 6 1 0 11 10 2 11 9 3 11 8 4 11 9 6 11 12 9 11 10
85 305 12 6 4 3 10 12 4 10 11 5 10 10 0 12 12 3 12 12 4 12 15 6 12 11 0 16 8 1 16 10 6 16 11 1 18 11 5 18 10
86 306 1 1 1 3 15 15
87 312 4 2 3 5 13 14 3 18 11 5 18 11 3 19 12
88 313 6 3 3 4 12 12 9 12 8 5 15 9 4 18 10 5 18 12 9 18 10
89 314 12 6 4 0 11 10 8 11 9 4 15 12 5 15 9 5 17 8 6 17 9 7 17 10 8 17 14 0 19 12 4 19 12 6 19 10 7 19 12
90 319 1 1 1 9 17 9
91 325 2 2 1 0 11 11 5 11 10
92 334 60 6 10 0 10 12 1 10 7 5 10 13 6 10 12 8 10 10 9 10 8 0 11 13 1 11 10 5 11 11 6 11 12 8 11 9 9 11 11 0 12 11 1 12 10 5 12 11 6 12 13 8 12 11 9 12 14 0 13 12 1 13 9 5 13 13 6 13 11 8 13 11 9 13 9 0 14 8 1 14 12 5 14 9 6 14 12 8 14 10 9 14 8 0 15 10 1 15 13 5 15 11 6 15 8 8 15 13 9 15 13 0 16 9 1 16 8 5 16 12 6 16 12 8 16 9 9 16 10 0 17 8 1 17 10 5 17 8 6 17 10 8 17 10 9 17 10 0 18 9 1 18 12 5 18 9 6 18 9 8 18 14 9 18 8 0 19 10 1 19 10 5 19 11 6 19 11 8 19 12 9 19 10
93 337 12 6 3 0 10 9 3 10 9 4 10 13 2 12 11 8 12 8 9 12 11 0 16 11 2 16 10 3 16 10 4 16 8 8 16 11 9 16 15
94 342 60 6 10 0 10 13 1 10 8 3 10 11 4 10 9 5 10 9 7 10 9 0 11 9 1 11 14 3 11 14 4 11 9 5 11 8 7 11 10 0 12 10 1 12 10 3 12 11 4 12 10 5 12 10 7 12 10 0 13 14 1 13 11 3 13 13 4 13 9 5 13 11 7 13 13 0 14 11 1 14 11 3 14 10 4 14 11 5 14 8 7 14 12 0 15 9 1 15 10 3 15 7 4 15 14 5 15 9 7 15 11 0 16 8 1 16 10 3 16 12 4 16 11 5 16 9 7 16 10 0 17 9 1 17 8 3 17 7 4 17 12 5 17 12 7 17 10 0 18 13 1 18 12 3 18 12 4 18 11 5 18 12 7 18 8 0 19 11 1 19 10 3 19 12 4 19 6 5 19 13 7 19 10
95 343 4 4 1 2 19 8 3 19 12 6 19 12 7 19 13
96 344 1 1 1 7 10 9
97 354 6 6 2 1 13 12 2 13 10 4 13 10 8 13 12 3 16 11 5 16 10
98 356 30 3 10 6 10 8 7 10 7 9 10 8 6 11 11 7 11 6 9 11 11 6 12 10 7 12 6 9 12 11 6 13 11 7 13 8 9 13 10 6 14 11 7 14 8 9 14 9 6 15 14 7 15 13 9 15 12 6 16 12 7 16 9 9 16 9 6 17 8 7 17 11 9 17 9 6 18 12 7 18 12 9 18 11 6 19 8 7 19 12 9 19 10
99 359 1 1 1 8 16 11
