20 100
0 0 4 4 3 6 10 13 0 11 14 5 11 9 2 15 9
1 2 2 2 1 0 15 10 3 15 15
2 4 1 1 1 4 14 12
3 8 4 4 1 3 12 10 4 12 9 6 12 8 9 12 12
4 10 2 2 1 1 11 12 8 11 10
5 11 3 3 1 1 17 10 4 17 9 7 17 10
6 13 60 6 10 1 10 10 2 10 7 5 10 12 7 10 15 8 10 10 9 10 9 1 11 10 2 11 5 5 11 10 7 11 9 8 11 12 9 11 10 1 12 10 2 12 10 5 12 10 7 12 10 8 12 10 9 12 10 1 13 10 2 13 12 5 13 14 7 13 10 8 13 13 9 13 13 1 14 12 2 14 10 5 14 10 7 14 10 8 14 7 9 14 8 1 15 10 2 15 13 5 15 11 7 15 9 8 15 8 9 15 13 1 16 11 2 16 12 5 16 13 7 16 11 8 16 12 9 16 13 1 17 8 2 17 11 5 17 7 7 17 12 8 17 13 9 17 9 1 18 11 2 18 11 5 18 11 7 18 10 8 18 10 9 18 14 1 19 13 2 19 10 5 19 12 7 19 12 8 19 10 9 19 11
7 14 3 3 1 3 19 13 4 19 10 9 19 12
8 17 18 6 6 0 10 8 1 10 13 2 10 12 8 10 11 1 12 8 2 12 10 4 12 11 5 12 13 8 12 9 4 13 8 0 14 10 4 14 9 5 16 11 8 16 12 0 17 8 1 17 11 2 17 10 5 17 7
9 20 24 6 6 0 10 8 3 10 14 6 10 8 0 11 12 3 11 13 4 11 12 6 11 9 0 12 8 2 12 9 3 12 13 6 12 11 7 12 13 2 14 12 4 14 11 6 14 10 7 14 10 0 16 12 2 16 9 4 16 10 7 16 13 2 18 7 3 18 10 4 18 14 7 18 11
10 24 6 6 1 0 19 10 3 19 12 4 19 9 5 19 10 8 19 11 9 19 11
11 27 6 6 1 0 12 13 1 12 14 4 12 11 6 12 10 7 12 13 9 12 8
12 28 60 6 10 2 10 8 3 10 11 5 10 13 6 10 8 7 10 9 9 10 12 2 11 12 3 11 11 5 11 11 6 11 10 7 11 13 9 11 13 2 12 12 3 12 9 5 12 7 6 12 8 7 12 11 9 12 11 2 13 12 3 13 12 5 13 9 6 13 12 7 13 11 9 13 11 2 14 9 3 14 10 5 14 10 6 14 12 7 14 9 9 14 13 2 15 13 3 15 16 5 15 7 6 15 10 7 15 8 9 15 11 2 16 10 3 16 5 5 16 9 6 16 9 7 16 8 9 16 9 2 17 11 3 17 9 5 17 12 6 17 16 7 17 11 9 17 10 2 18 9 3 18 9 5 18 9 6 18 11 7 18 9 9 18 8 2 19 12 3 19 9 5 19 14 6 19 12 7 19 15 9 19 10
13 42 18 6 6 0 11 8 2 11 11 9 11 11 2 14 9 6 14 11 7 14 10 6 15 13 7 15 12 5 16 12 6 16 13 0 17 13 2 17 11 5 17 10 7 17 8 9 17 10 0 18 11 5 18 14 9 18 9
14 43 3 3 1 1 14 12 2 14 14 5 14 10
15 45 10 1 10 6 10 9 6 11 13 6 12 11 6 13 12 6 14 10 6 15 11 6 16 10 6 17 12 6 18 9 6 19 9
16 46 6 6 2 0 11 9 1 11 12 3 11 13 6 11 11 4 12 12 9 12 10
17 47 2 2 1 0 14 8 2 14 9
18 52 12 6 4 7 15 10 8 15 12 1 16 9 5 16 8 7 16 11 2 17 13 6 17 11 1 18 11 2 18 7 5 18 10 6 18 13 8 18 10
19 57 6 6 1 1 19 12 2 19 12 4 19 12 6 19 9 8 19 13 9 19 8
20 59 4 4 1 1 18 11 2 18 10 4 18 13 6 18 12
21 67 12 4 4 2 10 8 3 10 10 2 11 11 4 11 14 7 11 12 2 12 11 3 12 11 4 12 14 7 12 10 3 16 12 4 16 7 7 16 15
22 68 4 4 1 6 15 10 7 15 13 8 15 13 9 15 8
23 71 6 6 3 2 13 9 3 13 10 1 16 11 5 16 11 6 19 10 8 19 11
24 80 2 2 1 1 11 11 5 11 14
25 86 4 4 1 1 18 8 3 18 10 5 18 13 7 18 11
26 89 24 6 6 0 11 12 2 11 8 4 11 12 6 11 10 8 11 15 0 15 12 2 15 10 3 15 16 4 15 11 6 15 11 0 16 11 2 16 12 4 16 11 8 16 8 2 17 13 3 17 11 6 17 7 8 17 13 3 18 8 4 18 10 0 19 11 3 19 10 6 19 10 8 19 10
27 90 6 6 1 1 12 9 2 12 10 3 12 7 4 12 11 6 12 13 9 12 12
28 91 50 5 10 0 10 8 1 10 12 2 10 11 5 10 10 8 10 12 0 11 9 1 11 8 2 11 14 5 11 11 8 11 9 0 12 11 1 12 9 2 12 13 5 12 9 8 12 15 0 13 9 1 13 10 2 13 11 5 13 11 8 13 8 0 14 12 1 14 11 2 14 10 5 14 12 8 14 9 0 15 11 1 15 13 2 15 9 5 15 10 8 15 13 0 16 14 1 16 11 2 16 10 5 16 9 8 16 12 0 17 11 1 17 11 2 17 15 5 17 10 8 17 10 0 18 11 1 18 13 2 18 11 5 18 9 8 18 12 0 19 10 1 19 16 2 19 12 5 19 11 8 19 12
29 95 12 6 4 3 11 12 8 11 15 4 16 13 5 16 10 7 16 7 8 16 9 9 16 7 4 17 13 7 17 13 9 17 10 3 18 11 5 18 9
30 101 1 1 1 6 19 8
31 107 6 6 1 3 14 10 4 14 7 5 14 9 6 14 10 7 14 13 9 14 12
32 114 18 6 6 2 10 11 6 10 11 7 10 8 2 13 15 3 13 8 5 13 11 6 13 13 7 13 13 3 15 10 5 15 10 9 15 8 5 16 12 9 16 9 2 17 11 6 17 8 9 17 8 3 18 14 7 18 15
33 120 3 3 1 1 13 14 7 13 10 8 13 8
34 125 18 6 5 1 11 7 6 11 11 7 11 10 8 11 9 5 13 11 7 13 9 3 14 12 5 14 12 6 14 13 8 14 11 1 18 11 3 18 12 5 18 14 1 19 10 3 19 12 6 19 10 7 19 13 8 19 10
35 127 4 4 1 3 18 13 4 18 10 5 18 7 7 18 11
36 132 1 1 1 4 15 10
37 135 4 4 1 4 11 8 7 11 11 8 11 10 9 11 9
38 137 3 3 1 0 11 10 1 11 10 2 11 12
39 140 10 1 10 5 10 8 5 11 11 5 12 9 5 13 11 5 14 11 5 15 10 5 16 14 5 17 12 5 18 6 5 19 10
40 146 24 6 7 0 12 13 1 12 10 5 12 10 0 14 11 1 14 9 5 14 9 9 14 8 0 15 7 1 15 8 6 15 11 7 15 14 9 15 12 0 16 10 6 16 10 7 16 10 9 16 10 5 17 13 6 17 15 6 18 11 7 18 10 1 19 12 5 19 7 7 19 10 9 19 11
41 149 6 6 3 6 11 9 2 14 10 5 14 9 9 14 9 0 19 11 8 19 12
42 155 3 3 1 7 14 7 8 14 13 9 14 11
43 156 12 6 4 1 13 12 3 13 9 5 13 13 2 14 11 3 14 10 7 14 13 8 14 11 1 16 12 5 16 11 7 16 6 2 19 12 8 19 8
44 159 1 1 1 8 10 10
45 160 3 3 1 3 11 11 4 11 7 9 11 9
46 161 24 6 7 0 10 13 2 10 12 4 10 12 5 10 9 8 10 10 9 10 10 0 11 9 8 11 11 0 12 8 2 12 15 4 12 11 5 12 10 9 12 11 0 13 11 4 13 11 8 13 9 9 13 13 2 14 8 8 14 11 2 17 13 5 17 10 4 18 14 5 18 11 9 18 13
47 163 2 2 1 1 19 9 2 19 8
48 166 12 6 4 0 13 13 1 13 10 2 13 9 7 15 6 2 17 10 4 17 10 6 17 11 7 17 11 0 18 7 1 18 9 4 18 13 6 18 9
49 167 24 6 7 0 11 10 2 11 14 3 11 9 0 13 13 1 13 10 2 13 13 3 13 10 0 14 7 1 14 9 4 14 8 8 14 11 0 15 10 1 15 15 4 15 10 8 15 10 2 17 9 3 17 11 4 17 9 2 18 9 8 18 11 1 19 12 3 19 9 4 19 11 8 19 10
50 169 60 6 10 2 10 10 3 10 13 6 10 10 7 10 13 8 10 13 9 10 12 2 11 11 3 11 9 6 11 12 7 11 12 8 11 12 9 11 9 2 12 9 3 12 9 6 12 11 7 12 10 8 12 15 9 12 13 2 13 11 3 13 11 6 13 9 7 13 13 8 13 8 9 13 14 2 14 13 3 14 12 6 14 11 7 14 10 8 14 11 9 14 12 2 15 11 3 15 10 6 15 10 7 15 9 8 15 9 9 15 8 2 16 11 3 16 11 6 16 11 7 16 10 8 16 11 9 16 12 2 17 8 3 17 6 6 17 11 7 17 10 8 17 9 9 17 9 2 18 10 3 18 8 6 18 8 7 18 10 8 18 12 9 18 9 2 19 6 3 19 12 6 19 10 7 19 9 8 19 16 9 19 12
51 170 6 6 1 1 11 12 2 11 9 3 11 8 5 11 10 6 11 10 8 11 12
52 176 1 1 1 5 17 9
53 177 6 6 3 2 10 12 3 10 10 7 10 10 6 17 8 8 17 9 1 18 11
54 184 6 6 1 1 17 13 2 17 13 3 17 11 4 17 12 6 17 9 8 17 11
55 188 4 4 1 3 13 10 4 13 8 5 13 11 9 13 12
56 189 10 1 10 6 10 12 6 11 15 6 12 13 6 13 9 6 14 7 6 15 12 6 16 11 6 17 11 6 18 11 6 19 8
57 193 10 1 10 4 10 8 4 11 14 4 12 15 4 13 10 4 14 9 4 15 9 4 16 11 4 17 5 4 18 12 4 19 11
58 198 12 6 4 0 11 11 6 11 12 9 11 13 0 12 9 2 12 12 7 12 8 9 12 13 2 13 11 6 13 10 7 13 11 8 13 12 8 18 11
59 204 1 1 1 4 13 9
60 206 60 6 10 0 10 13 1 10 8 3 10 7 4 10 11 7 10 12 8 10 13 0 11 12 1 11 10 3 11 10 4 11 10 7 11 13 8 11 13 0 12 8 1 12 13 3 12 12 4 12 11 7 12 13 8 12 10 0 13 10 1 13 8 3 13 10 4 13 9 7 13 9 8 13 7 0 14 13 1 14 10 3 14 10 4 14 13 7 14 7 8 14 5 0 15 9 1 15 10 3 15 11 4 15 11 7 15 8 8 15 10 0 16 9 1 16 9 3 16 9 4 16 13 7 16 13 8 16 13 0 17 12 1 17 13 3 17 13 4 17 9 7 17 13 8 17 10 0 18 10 1 18 10 3 18 12 4 18 12 7 18 8 8 18 7 0 19 10 1 19 11 3 19 13 4 19 12 7 19 11 8 19 11
61 208 12 6 4 2 10 6 8 10 8 9 10 8 0 12 10 8 12 13 1 14 10 5 14 12 0 15 7 1 15 13 2 15 9 5 15 11 9 15 13
62 219 3 3 1 3 14 10 7 14 11 8 14 12
63 225 18 6 5 1 10 10 8 10 9 0 12 11 3 12 12 8 12 10 0 14 12 1 14 11 3 14 11 7 14 10 8 14 10 9 14 13 0 16 9 3 16 8 7 16 12 9 16 11 1 17 12 7 17 15 9 17 11
64 229 8 4 3 5 11 11 6 11 10 4 17 13 6 17 14 8 17 8 4 18 11 5 18 10 8 18 13
65 231 12 6 3 0 12 12 1 12 8 3 12 9 4 12 10 6 12 11 9 12 12 0 14 10 1 14 14 9 14 10 3 16 13 4 16 10 6 16 8
66 232 20 2 10 4 10 11 9 10 15 4 11 10 9 11 12 4 12 12 9 12 9 4 13 12 9 13 12 4 14 8 9 14 11 4 15 10 9 15 10 4 16 9 9 16 11 4 17 10 9 17 12 4 18 13 9 18 12 4 19 11 9 19 11
67 235 5 5 3 0 15 13 4 15 8 2 16 12 3 19 10 6 19 13
68 236 3 3 2 1 10 10 5 16 9 7 16 11
69 238 10 5 3 7 14 13 8 14 11 9 14 12 0 15 7 5 15 10 0 18 12 5 18 13 7 18 12 8 18 8 9 18 12
70 245 3 3 1 1 12 12 4 12 10 6 12 12
71 247 3 3 2 6 12 8 2 18 12 5 18 14
72 253 6 6 1 0 12 12 1 12 9 2 12 9 4 12 12 6 12 11 7 12 10
73 257 12 6 3 0 13 12 4 13 13 5 13 9 6 13 7 8 13 10 1 14 7 8 14 12 0 18 10 1 18 11 4 18 9 5 18 9 6 18 10
74 258 10 1 10 5 10 7 5 11 10 5 12 13 5 13 11 5 14 10 5 15 9 5 16 13 5 17 14 5 18 11 5 19 10
75 264 12 6 3 0 13 11 1 13 9 2 13 10 3 13 11 0 14 12 2 14 11 4 14 10 5 14 8 1 15 9 3 15 12 4 15 10 5 15 12
76 270 10 1 10 5 10 11 5 11 12 5 12 8 5 13 12 5 14 11 5 15 10 5 16 10 5 17 10 5 18 11 5 19 9
77 275 18 6 5 1 11 16 2 11 9 7 11 17 9 11 9 0 12 11 1 12 12 9 12 13 0 15 9 7 15 8 8 15 9 0 17 10 1 17 9 2 17 10 8 17 10 2 18 12 7 18 12 8 18 11 9 18 8
78 276 2 2 2 7 11 11 1 14 8
79 277 3 3 2 7 13 9 1 19 11 5 19 9
80 282 2 2 1 6 12 12 7 12 9
81 288 6 3 3 1 11 9 2 11 11 6 12 14 1 18 10 2 18 14 6 18 13
82 291 1 1 1 8 15 8
83 298 3 3 1 3 17 7 7 17 9 9 17 7
84 299 24 6 7 1 11 11 3 11 13 8 11 7 0 12 12 4 12 8 8 12 11 1 13 12 3 13 12 6 13 7 0 14 15 3 14 12 4 14 12 6 14 14 8 14 11 0 15 7 1 15 9 4 15 11 6 15 13 1 16 12 6 16 11 0 18 13 3 18 11 4 18 12 8 18 9
85 305 18 6 6 7 11 13 8 11 10 2 13 8 4 13 11 0 15 9 2 15 12 3 15 11 4 15 6 7 15 14 0 17 12 2 17 11 3 17 14 0 18 10 4 18 13 7 18 10 8 18 12 3 19 8 8 19 9
86 306 24 6 8 2 10 10 5 10 9 6 10 10 7 10 9 8 10 10 6 11 10 7 11 11 8 11 12 9 11 7 2 13 9 6 13 14 9 13 11 5 14 8 6 14 9 2 15 8 8 15 10 9 15 11 7 16 8 2 17 13 5 17 12 5 18 10 7 18 11 8 18 9 9 18 11
87 312 3 3 1 1 11 12 2 11 10 6 11 11
88 313 4 4 1 0 12 6 1 12 11 5 12 12 9 12 14
89 314 1 1 1 1 19 12
90 319 1 1 1 4 12 11
91 325 30 3 10 3 10 11 5 10 8 6 10 7 3 11 10 5 11 10 6 11 10 3 12 11 5 12 9 6 12 9 3 13 13 5 13 11 6 13 13 3 14 8 5 14 12 6 14 12 3 15 10 5 15 14 6 15 11 3 16 10 5 16 7 6 16 7 3 17 12 5 17 16 6 17 9 3 18 9 5 18 11 6 18 11 3 19 9 5 19 9 6 19 11
92 334 6 6 1 0 12 10 1 12 13 3 12 12 4 12 11 8 12 9 9 12 14
93 337 18 6 6 0 10 13 6 10 10 0 13 10 8 13 12 1 14 10 6 14 9 9 14 12 0 15 9 1 15 10 4 15 9 8 15 11 9 15 8 4 17 10 6 17 8 8 17 11 1 19 14 4 19 11 9 19 10
94 342 1 1 1 9 12 12
95 343 6 6 1 0 16 11 1 16 11 2 16 9 5 16 11 6 16 9 8 16 12
96 344 3 3 1 0 12 8 2 12 12 7 12 11
97 354 24 6 7 0 10 11 7 10 8 0 11 10 1 11 8 5 11 9 7 11 12 0 12 13 3 12 10 5 12 8 7 12 9 9 12 13 1 13 11 3 13 11 5 13 11 7 13 8 9 13 15 0 16 9 1 16 13 3 16 9 1 17 10 3 17 10 5 17 13 9 17 14 9 19 11
98 356 24 6 7 1 11 10 2 11 11 3 11 13 6 11 8 6 12 8 7 12 11 0 13 14 2 13 10 3 13 14 6 13 11 7 13 14 0 15 13 1 15 12 3 15 10 6 15 12 0 16 8 2 16 11 3 16 11 1 17 7 7 17 7 0 19 10 1 19 13 2 19 11 7 19 11
99 359 6 3 3 1 13 11 2 13 13 3 16 13 1 17 12 2 17 8 3 17 12
