20 100
0 0 4 4 1 1 12 8 5 12 9 7 12 12 9 12 9
1 2 1 1 1 7 19 12
2 4 4 4 2 2 15 13 3 15 13 8 15 9 4 17 10
3 8 30 6 8 6 11 13 8 11 9 3 12 10 4 12 10 7 12 11 2 14 8 3 14 11 6 14 11 8 14 9 2 15 12 7 15 12 8 15 7 2 16 13 4 16 7 6 16 11 7 16 12 2 17 10 3 17 11 4 17 9 6 17 8 8 17 8 3 18 11 4 18 12 6 18 8 7 18 16 8 18 10 2 19 11 3 19 12 4 19 9 7 19 11
4 10 2 2 2 2 15 11 5 19 12
5 11 1 1 1 2 11 10
6 13 3 3 1 2 12 10 4 12 10 8 12 10
7 14 10 1 10 0 10 13 0 11 9 0 12 11 0 13 11 0 14 12 0 15 9 0 16 10 0 17 12 0 18 10 0 19 9
8 17 20 2 10 4 10 8 7 10 10 4 11 10 7 11 11 4 12 12 7 12 14 4 13 11 7 13 3 4 14 12 7 14 8 4 15 11 7 15 6 4 16 13 7 16 12 4 17 11 7 17 10 4 18 9 7 18 9 4 19 7 7 19 14
9 20 20 2 10 0 10 11 2 10 8 0 11 12 2 11 11 0 12 10 2 12 10 0 13 11 2 13 7 0 14 6 2 14 11 0 15 11 2 15 9 0 16 10 2 16 11 0 17 14 2 17 10 0 18 13 2 18 12 0 19 9 2 19 9
10 24 1 1 1 8 13 5
11 27 6 6 1 0 15 11 1 15 13 2 15 12 5 15 6 8 15 11 9 15 7
12 28 6 6 2 1 12 12 6 12 9 8 12 11 4 14 11 5 14 11 9 14 8
13 42 1 1 1 4 11 13
14 43 6 6 1 0 16 12 2 16 7 3 16 11 4 16 6 5 16 12 6 16 10
15 45 12 6 3 0 10 10 3 10 12 4 10 11 6 10 13 0 13 7 2 13 11 9 13 12 2 18 10 3 18 12 4 18 7 6 18 11 9 18 7
16 46 1 1 1 3 15 9
17 47 1 1 1 1 12 8
18 52 12 6 3 0 13 11 1 13 13 4 13 7 9 13 9 3 16 9 4 16 9 7 16 7 0 19 9 1 19 9 3 19 10 7 19 8 9 19 10
19 57 2 2 1 5 12 10 9 12 15
20 59 60 6 10 2 10 8 3 10 12 4 10 11 6 10 9 7 10 13 8 10 10 2 11 12 3 11 10 4 11 11 6 11 12 7 11 10 8 11 7 2 12 16 3 12 13 4 12 9 6 12 13 7 12 11 8 12 8 2 13 16 3 13 9 4 13 9 6 13 12 7 13 13 8 13 11 2 14 9 3 14 14 4 14 13 6 14 12 7 14 11 8 14 8 2 15 8 3 15 10 4 15 9 6 15 12 7 15 10 8 15 9 2 16 10 3 16 13 4 16 12 6 16 11 7 16 10 8 16 10 2 17 12 3 17 13 4 17 13 6 17 11 7 17 11 8 17 7 2 18 9 3 18 15 4 18 11 6 18 11 7 18 10 8 18 9 2 19 8 3 19 12 4 19 9 6 19 10 7 19 9 8 19 10
21 67 3 3 1 2 12 11 4 12 12 5 12 10
22 68 1 1 1 7 18 9
23 71 1 1 1 3 10 9
24 80 12 6 4 0 12 10 1 12 6 7 12 11 0 16 11 5 16 11 6 16 17 7 16 10 9 16 12 1 18 10 5 18 12 6 18 11 9 19 9
25 86 12 6 3 1 13 9 3 13 7 4 13 10 5 13 12 1 17 7 7 17 11 8 17 9 3 18 13 4 18 13 5 18 14 7 18 11 8 18 9
26 89 6 3 2 0 10 9 5 10 13 6 10 11 0 14 7 5 14 8 6 14 8
27 90 12 2 8 0 10 11 8 10 8 0 11 14 0 12 10 8 12 12 8 13 10 0 14 12 8 15 10 0 16 10 8 16 8 0 19 10 8 19 11
28 91 12 6 4 0 11 10 2 11 12 8 11 8 5 13 9 9 13 9 0 15 11 1 15 8 2 15 9 5 15 10 8 15 9 9 15 10 1 18 10
29 95 3 3 1 2 12 13 4 12 9 8 12 10
30 101 8 4 3 2 12 10 6 12 10 9 12 14 2 15 10 7 15 13 6 19 11 7 19 6 9 19 12
31 107 3 3 1 1 14 6 5 14 8 7 14 11
32 114 12 6 4 2 11 9 6 11 7 7 11 9 3 13 8 7 13 9 8 13 12 0 17 11 2 17 13 3 17 8 0 18 11 6 18 15 8 18 13
33 120 1 1 1 5 15 9
34 125 15 5 6 0 10 9 8 10 10 9 10 10 1 11 13 3 11 8 8 11 10 9 13 13 0 14 8 1 15 7 3 15 10 8 15 11 9 15 10 0 17 12 1 17 10 3 17 9
35 127 24 6 7 0 10 11 1 10 9 3 10 12 6 10 9 7 10 9 0 11 11 1 11 12 6 11 12 9 11 13 3 12 15 9 12 9 0 15 11 3 15 9 7 15 10 0 16 8 6 16 9 7 16 10 9 16 9 1 17 11 6 17 10 9 17 6 1 19 12 3 19 10 7 19 11
36 132 6 6 1 1 13 12 2 13 10 3 13 5 4 13 12 5 13 6 8 13 8
37 135 24 6 7 3 12 12 4 12 10 5 12 13 7 12 13 9 12 11 7 13 8 3 15 15 4 15 10 7 15 12 8 15 12 3 16 7 4 16 10 9 16 11 5 17 11 8 17 11 3 18 7 5 18 8 7 18 12 8 18 13 9 18 11 4 19 11 5 19 8 8 19 12 9 19 8
38 137 20 2 10 5 10 11 8 10 10 5 11 10 8 11 8 5 12 14 8 12 15 5 13 8 8 13 11 5 14 9 8 14 12 5 15 12 8 15 8 5 16 8 8 16 12 5 17 15 8 17 11 5 18 14 8 18 13 5 19 12 8 19 8
39 140 2 2 1 2 15 11 4 15 10
40 146 24 6 7 5 10 10 6 10 11 9 10 10 0 11 8 4 11 12 6 11 6 8 11 11 4 12 12 5 12 13 6 12 12 8 12 11 0 13 10 4 13 11 5 13 12 8 13 10 9 13 13 0 14 13 9 14 13 4 15 11 5 15 11 6 15 7 9 15 8 0 16 10 8 16 13
41 149 3 3 1 0 13 8 4 13 8 5 13 8
42 155 1 1 1 1 11 11
43 156 24 6 8 1 10 9 2 10 10 3 10 10 6 10 8 9 10 8 2 11 12 7 11 14 1 12 15 7 12 12 9 12 9 2 13 11 3 13 8 6 13 6 9 13 11 2 15 8 3 15 8 6 15 7 1 16 9 7 16 7 3 17 10 6 17 11 9 17 10 1 18 8 7 18 10
44 159 4 4 1 0 12 10 2 12 11 4 12 11 7 12 10
45 160 4 4 1 1 18 10 3 18 8 4 18 11 5 18 10
46 161 1 1 1 7 18 9
47 163 1 1 1 8 17 9
48 166 1 1 1 5 19 8
49 167 2 2 1 7 16 9 8 16 8
50 169 3 3 1 4 15 15 5 15 10 6 15 13
51 170 30 3 10 0 10 7 4 10 6 6 10 11 0 11 9 4 11 11 6 11 9 0 12 11 4 12 12 6 12 9 0 13 8 4 13 10 6 13 9 0 14 11 4 14 10 6 14 10 0 15 10 4 15 11 6 15 10 0 16 11 4 16 12 6 16 10 0 17 11 4 17 10 6 17 9 0 18 8 4 18 11 6 18 10 0 19 13 4 19 10 6 19 12
52 176 3 3 1 2 14 10 6 14 10 9 14 9
53 177 4 4 1 0 12 11 1 12 11 3 12 9 6 12 12
54 184 3 3 1 1 14 12 4 14 12 7 14 8
55 188 2 2 2 7 12 12 3 14 12
56 189 40 4 10 0 10 14 5 10 11 6 10 8 9 10 14 0 11 13 5 11 8 6 11 12 9 11 10 0 12 10 5 12 9 6 12 11 9 12 10 0 13 9 5 13 6 6 13 10 9 13 11 0 14 7 5 14 8 6 14 12 9 14 6 0 15 14 5 15 7 6 15 11 9 15 8 0 16 10 5 16 10 6 16 17 9 16 10 0 17 8 5 17 10 6 17 11 9 17 11 0 18 13 5 18 8 6 18 9 9 18 10 0 19 14 5 19 9 6 19 10 9 19 11
57 193 2 2 1 4 12 12 9 12 9
58 198 20 2 10 4 10 13 6 10 9 4 11 9 6 11 12 4 12 12 6 12 11 4 13 13 6 13 10 4 14 14 6 14 13 4 15 11 6 15 9 4 16 10 6 16 10 4 17 11 6 17 9 4 18 11 6 18 11 4 19 12 6 19 12
59 204 18 6 5 4 11 9 5 11 7 6 11 10 0 14 10 1 14 11 4 14 9 5 14 11 6 14 12 8 14 10 1 15 9 8 15 12 0 17 10 1 17 9 5 17 8 6 17 8 8 17 13 0 18 14 4 18 11
60 206 2 2 1 1 10 11 8 10 13
61 208 3 3 2 9 10 11 0 12 10 7 12 13
62 219 3 3 1 0 10 12 1 10 8 9 10 11
63 225 1 1 1 9 17 10
64 229 18 6 6 0 11 10 2 11 9 3 11 10 4 11 10 9 11 12 0 13 9 8 13 12 9 13 10 2 14 10 3 14 11 0 17 4 4 17 11 8 17 9 2 18 11 9 18 9 3 19 7 4 19 10 8 19 9
65 231 2 2 1 0 15 11 3 15 9
66 232 1 1 1 4 12 14
67 235 12 6 4 0 10 9 1 10 12 5 10 8 0 12 8 2 12 9 5 12 7 9 12 12 2 16 8 3 16 12 9 16 11 1 18 9 3 18 10
68 236 6 6 1 0 10 9 1 10 13 4 10 11 6 10 12 7 10 11 9 10 11
69 238 1 1 1 4 17 10
70 245 60 6 10 0 10 9 1 10 12 2 10 11 4 10 8 7 10 7 9 10 10 0 11 6 1 11 12 2 11 13 4 11 9 7 11 9 9 11 7 0 12 14 1 12 5 2 12 11 4 12 11 7 12 6 9 12 9 0 13 10 1 13 8 2 13 11 4 13 5 7 13 10 9 13 13 0 14 11 1 14 13 2 14 9 4 14 10 7 14 9 9 14 6 0 15 12 1 15 10 2 15 11 4 15 13 7 15 11 9 15 13 0 16 8 1 16 11 2 16 12 4 16 14 7 16 11 9 16 6 0 17 10 1 17 11 2 17 13 4 17 11 7 17 10 9 17 8 0 18 12 1 18 10 2 18 11 4 18 10 7 18 11 9 18 11 0 19 10 1 19 10 2 19 12 4 19 8 7 19 13 9 19 15
71 247 18 6 6 1 14 8 2 14 8 5 14 13 1 15 8 2 15 4 0 16 12 2 16 12 6 16 12 0 17 12 5 17 9 6 17 8 9 17 7 0 18 9 5 18 11 9 18 9 1 19 8 6 19 11 9 19 9
72 253 30 3 10 2 10 11 3 10 9 6 10 11 2 11 12 3 11 13 6 11 11 2 12 12 3 12 12 6 12 9 2 13 11 3 13 14 6 13 8 2 14 11 3 14 12 6 14 10 2 15 5 3 15 10 6 15 11 2 16 12 3 16 11 6 16 10 2 17 10 3 17 10 6 17 9 2 18 10 3 18 12 6 18 7 2 19 11 3 19 12 6 19 10
73 257 6 6 2 7 13 13 9 13 12 0 15 9 3 15 14 4 15 11 5 15 11
74 258 12 6 3 1 16 9 2 16 13 4 16 8 8 16 9 6 18 11 8 18 11 9 18 8 1 19 11 2 19 10 4 19 8 6 19 12 9 19 11
75 264 24 6 7 0 10 9 4 10 10 6 10 8 3 13 10 4 13 11 6 13 11 8 13 9 0 14 11 5 14 11 6 14 11 8 14 12 0 15 10 4 15 12 5 15 9 6 15 13 8 15 11 3 16 10 5 16 8 3 17 10 4 17 11 5 17 14 0 18 10 3 18 11 8 18 8
76 270 4 4 1 1 18 8 3 18 11 6 18 11 8 18 11
77 275 24 6 7 3 10 9 4 10 10 7 10 13 0 11 12 4 11 11 5 11 12 6 11 10 7 11 9 5 12 12 6 12 8 0 13 11 3 13 9 4 15 10 5 15 14 0 16 13 3 16 9 4 16 10 6 16 12 7 16 10 0 19 13 3 19 12 5 19 11 6 19 15 7 19 13
78 276 30 3 10 2 10 9 8 10 11 9 10 10 2 11 14 8 11 11 9 11 10 2 12 11 8 12 10 9 12 12 2 13 13 8 13 9 9 13 12 2 14 12 8 14 9 9 14 14 2 15 10 8 15 7 9 15 8 2 16 12 8 16 15 9 16 11 2 17 12 8 17 10 9 17 7 2 18 12 8 18 13 9 18 7 2 19 10 8 19 12 9 19 11
79 277 2 2 1 5 15 11 6 15 12
80 282 2 2 1 0 12 9 9 12 11
81 288 6 6 1 0 18 7 1 18 11 2 18 9 5 18 11 6 18 10 9 18 9
82 291 2 2 1 2 14 9 6 14 12
83 298 18 6 5 0 11 10 1 11 17 4 11 10 5 11 13 1 12 9 4 12 13 5 12 9 8 12 9 0 13 13 2 13 6 5 13 12 8 13 9 2 16 11 4 16 15 0 19 12 1 19 10 2 19 11 8 19 10
84 299 3 3 1 0 18 13 2 18 10 5 18 9
85 305 6 6 1 1 12 7 3 12 4 4 12 11 6 12 11 8 12 12 9 12 14
86 306 60 6 10 0 10 14 1 10 10 2 10 7 3 10 6 5 10 12 8 10 15 0 11 10 1 11 10 2 11 10 3 11 13 5 11 12 8 11 12 0 12 8 1 12 11 2 12 11 3 12 11 5 12 13 8 12 13 0 13 8 1 13 11 2 13 11 3 13 8 5 13 12 8 13 14 0 14 12 1 14 12 2 14 11 3 14 9 5 14 12 8 14 9 0 15 9 1 15 10 2 15 9 3 15 10 5 15 8 8 15 12 0 16 7 1 16 11 2 16 12 3 16 8 5 16 12 8 16 9 0 17 10 1 17 10 2 17 5 3 17 10 5 17 8 8 17 11 0 18 9 1 18 7 2 18 7 3 18 12 5 18 8 8 18 9 0 19 9 1 19 10 2 19 10 3 19 11 5 19 10 8 19 9
87 312 3 3 1 2 10 10 3 10 9 9 10 12
88 313 1 1 1 0 15 8
89 314 1 1 1 0 18 10
90 319 60 6 10 0 10 11 1 10 11 2 10 7 3 10 10 8 10 8 9 10 14 0 11 10 1 11 12 2 11 12 3 11 10 8 11 12 9 11 10 0 12 10 1 12 10 2 12 8 3 12 11 8 12 15 9 12 8 0 13 7 1 13 10 2 13 12 3 13 8 8 13 9 9 13 9 0 14 13 1 14 11 2 14 12 3 14 11 8 14 12 9 14 14 0 15 11 1 15 10 2 15 8 3 15 6 8 15 12 9 15 11 0 16 11 1 16 10 2 16 10 3 16 8 8 16 9 9 16 11 0 17 9 1 17 10 2 17 9 3 17 11 8 17 11 9 17 12 0 18 11 1 18 9 2 18 11 3 18 8 8 18 8 9 18 8 0 19 9 1 19 12 2 19 10 3 19 11 8 19 11 9 19 11
91 325 12 6 5 1 11 15 9 11 11 1 12 9 6 12 8 4 13 12 2 15 10 4 15 6 5 15 10 9 15 11 2 17 9 5 17 8 6 17 8
92 334 1 1 1 1 15 11
93 337 50 5 10 0 10 9 4 10 13 5 10 12 8 10 8 9 10 5 0 11 11 4 11 8 5 11 11 8 11 8 9 11 13 0 12 11 4 12 11 5 12 8 8 12 9 9 12 12 0 13 12 4 13 8 5 13 8 8 13 9 9 13 12 0 14 8 4 14 12 5 14 9 8 14 13 9 14 11 0 15 12 4 15 11 5 15 11 8 15 12 9 15 14 0 16 8 4 16 10 5 16 11 8 16 8 9 16 10 0 17 10 4 17 12 5 17 12 8 17 7 9 17 11 0 18 12 4 18 9 5 18 12 8 18 12 9 18 11 0 19 10 4 19 8 5 19 12 8 19 11 9 19 13
94 342 3 3 2 1 13 14 2 13 9 0 15 11
95 343 3 3 1 3 13 9 4 13 10 9 13 7
96 344 2 2 1 6 17 8 7 17 11
97 354 2 2 2 8 12 11 2 18 11
98 356 6 6 1 0 15 11 1 15 7 3 15 8 5 15 15 8 15 8 9 15 10
99 359 6 3 3 0 11 6 0 13 11 3 13 9 7 13 12 3 19 10 7 19 10
