20 100
0 0 30 3 10 2 10 12 8 10 11 9 10 13 2 11 12 8 11 12 9 11 12 2 12 12 8 12 8 9 12 14 2 13 7 8 13 8 9 13 10 2 14 14 8 14 9 9 14 10 2 15 13 8 15 13 9 15 15 2 16 12 8 16 12 9 16 11 2 17 12 8 17 11 9 17 11 2 18 12 8 18 11 9 18 9 2 19 10 8 19 10 9 19 11
1 2 18 6 6 4 11 8 8 11 9 9 11 13 2 13 10 4 13 8 5 13 12 8 13 12 0 15 11 2 15 9 5 15 11 0 17 13 4 17 10 9 17 9 0 18 10 2 18 14 5 18 11 8 18 11 9 19 10
2 4 2 2 1 1 18 10 7 18 10
3 8 30 3 10 1 10 13 4 10 12 9 10 9 1 11 14 4 11 10 9 11 10 1 12 11 4 12 12 9 12 16 1 13 14 4 13 10 9 13 11 1 14 13 4 14 9 9 14 11 1 15 10 4 15 10 9 15 10 1 16 9 4 16 12 9 16 11 1 17 11 4 17 9 9 17 10 1 18 9 4 18 13 9 18 11 1 19 9 4 19 12 9 19 11
4 10 12 6 5 3 11 11 1 13 12 2 13 9 2 16 11 3 16 12 6 16 10 8 16 11 6 17 11 9 17 15 1 18 10 8 18 10 9 18 13
5 11 2 2 1 4 17 10 9 17 10
6 13 24 6 7 1 11 12 2 11 11 4 11 12 6 11 11 8 11 13 1 12 10 3 12 10 1 13 10 3 13 10 4 13 12 8 13 10 2 14 10 4 14 11 6 14 11 3 15 8 8 15 11 1 16 13 2 16 9 4 16 10 6 16 8 8 16 11 2 17 10 3 17 11 6 17 13
7 14 3 3 1 1 16 9 2 16 10 8 16 7
8 17 1 1 1 7 13 10
9 20 24 6 7 0 11 12 1 11 8 4 11 13 6 11 9 9 11 12 2 12 9 6 12 11 1 14 9 2 14 8 6 14 7 9 14 10 1 15 10 4 15 12 6 15 11 0 16 11 1 16 7 2 16 8 4 16 12 0 18 12 2 18 10 4 18 10 9 18 10 0 19 10 9 19 10
10 24 24 6 7 2 10 14 6 10 9 0 12 9 1 12 7 2 12 10 6 12 10 7 12 5 9 12 13 0 13 13 1 13 12 2 13 12 6 13 11 7 13 13 2 15 11 6 15 11 9 15 8 0 17 10 7 17 14 9 17 6 0 18 9 1 18 12 7 18 7 9 18 11 1 19 10
11 27 6 3 3 3 11 9 8 11 7 9 11 13 8 14 10 9 14 6 3 18 11
12 28 4 4 1 0 16 10 1 16 8 2 16 10 4 16 11
13 42 6 6 3 2 14 14 4 14 12 7 14 10 8 14 13 9 18 14 3 19 10
14 43 18 6 6 0 10 10 1 10 9 6 10 9 0 11 9 1 11 11 4 11 11 9 11 7 0 14 13 6 14 10 9 14 9 2 15 10 4 15 10 9 15 11 1 16 10 2 16 12 6 16 8 2 18 11 4 18 14
15 45 12 6 4 0 12 10 1 12 12 3 12 11 5 12 10 7 12 10 7 13 7 8 13 10 0 14 11 5 14 12 1 17 8 3 17 10 8 17 10
16 46 24 6 7 2 12 8 5 12 12 9 12 6 2 13 12 5 13 14 7 13 9 1 14 10 5 14 11 6 14 13 7 14 13 9 14 10 1 15 7 6 15 12 7 15 9 9 15 10 1 16 13 2 16 10 6 16 8 7 16 11 2 17 11 5 17 10 1 18 11 6 18 12 9 18 14
17 47 60 6 10 0 10 9 2 10 11 4 10 9 5 10 13 6 10 11 8 10 12 0 11 10 2 11 13 4 11 12 5 11 8 6 11 10 8 11 12 0 12 8 2 12 13 4 12 9 5 12 10 6 12 11 8 12 7 0 13 12 2 13 10 4 13 10 5 13 11 6 13 6 8 13 14 0 14 10 2 14 9 4 14 8 5 14 14 6 14 13 8 14 10 0 15 11 2 15 11 4 15 13 5 15 8 6 15 8 8 15 10 0 16 10 2 16 13 4 16 12 5 16 12 6 16 9 8 16 11 0 17 11 2 17 14 4 17 12 5 17 11 6 17 9 8 17 6 0 18 8 2 18 13 4 18 10 5 18 11 6 18 8 8 18 8 0 19 10 2 19 11 4 19 12 5 19 9 6 19 15 8 19 9
18 52 60 6 10 0 10 9 1 10 10 4 10 10 6 10 8 7 10 7 9 10 8 0 11 12 1 11 11 4 11 12 6 11 12 7 11 15 9 11 12 0 12 14 1 12 9 4 12 11 6 12 9 7 12 11 9 12 7 0 13 10 1 13 14 4 13 9 6 13 12 7 13 12 9 13 11 0 14 9 1 14 11 4 14 9 6 14 9 7 14 10 9 14 12 0 15 7 1 15 6 4 15 8 6 15 11 7 15 8 9 15 10 0 16 10 1 16 10 4 16 7 6 16 7 7 16 12 9 16 15 0 17 7 1 17 12 4 17 9 6 17 12 7 17 10 9 17 10 0 18 13 1 18 9 4 18 10 6 18 11 7 18 7 9 18 14 0 19 13 1 19 11 4 19 12 6 19 10 7 19 12 9 19 9
19 57 3 3 1 0 12 12 5 12 11 7 12 10
20 59 12 6 3 1 10 11 2 10 9 7 10 10 8 10 14 9 10 9 0 15 10 1 15 7 2 15 10 8 15 9 9 15 12 0 16 12 7 16 10
21 67 2 2 1 3 18 11 4 18 13
22 68 2 2 1 0 13 10 9 13 10
23 71 3 3 1 6 16 10 7 16 12 9 16 12
24 80 2 2 1 0 15 12 3 15 9
25 86 6 6 1 0 13 15 1 13 10 3 13 10 5 13 13 8 13 9 9 13 13
26 89 1 1 1 3 14 12
27 90 6 6 2 0 13 8 6 13 14 3 15 9 4 15 10 7 15 6 8 15 9
28 91 6 6 2 4 11 9 5 11 9 8 11 14 9 11 12 0 19 11 1 19 8
29 95 6 6 1 1 18 13 2 18 13 3 18 11 4 18 10 5 18 13 9 18 10
30 101 2 2 1 1 13 11 8 13 12
31 107 50 5 10 1 10 10 2 10 9 4 10 13 6 10 12 8 10 9 1 11 10 2 11 9 4 11 15 6 11 12 8 11 12 1 12 12 2 12 11 4 12 9 6 12 9 8 12 11 1 13 12 2 13 12 4 13 12 6 13 7 8 13 9 1 14 6 2 14 11 4 14 11 6 14 11 8 14 8 1 15 9 2 15 13 4 15 10 6 15 11 8 15 8 1 16 12 2 16 11 4 16 11 6 16 12 8 16 5 1 17 14 2 17 11 4 17 10 6 17 13 8 17 11 1 18 10 2 18 11 4 18 10 6 18 8 8 18 11 1 19 9 2 19 10 4 19 9 6 19 13 8 19 16
32 114 6 6 1 0 10 10 3 10 9 4 10 12 6 10 13 7 10 12 9 10 10
33 120 1 1 1 2 13 13
34 125 10 5 3 1 12 10 4 12 11 8 12 12 1 14 13 2 14 8 9 14 10 2 19 10 4 19 12 8 19 13 9 19 10
35 127 10 1 10 1 10 12 1 11 10 1 12 15 1 13 13 1 14 12 1 15 10 1 16 12 1 17 8 1 18 12 1 19 11
36 132 1 1 1 8 11 11
37 135 1 1 1 4 13 9
38 137 2 2 1 4 16 12 9 16 15
39 140 30 3 10 4 10 6 8 10 11 9 10 12 4 11 11 8 11 9 9 11 12 4 12 13 8 12 12 9 12 11 4 13 10 8 13 10 9 13 8 4 14 8 8 14 12 9 14 10 4 15 9 8 15 9 9 15 13 4 16 16 8 16 12 9 16 8 4 17 13 8 17 8 9 17 11 4 18 14 8 18 14 9 18 9 4 19 7 8 19 11 9 19 10
40 146 10 1 10 0 10 11 0 11 9 0 12 9 0 13 13 0 14 14 0 15 14 0 16 10 0 17 8 0 18 10 0 19 10
41 149 6 6 2 0 10 10 2 10 13 3 10 9 1 15 9 8 15 14 9 15 10
42 155 6 6 1 0 19 13 2 19 9 3 19 9 5 19 12 8 19 11 9 19 10
43 156 12 6 4 4 10 10 1 14 12 3 14 14 8 14 13 0 15 8 3 15 12 4 15 12 6 15 12 0 19 12 1 19 12 6 19 11 8 19 13
44 159 2 2 1 2 17 9 4 17 10
45 160 10 1 10 5 10 9 5 11 9 5 12 12 5 13 9 5 14 10 5 15 12 5 16 10 5 17 14 5 18 12 5 19 9
46 161 60 6 10 0 10 11 1 10 9 2 10 13 4 10 11 8 10 11 9 10 9 0 11 9 1 11 13 2 11 11 4 11 10 8 11 11 9 11 10 0 12 12 1 12 13 2 12 7 4 12 15 8 12 11 9 12 11 0 13 9 1 13 13 2 13 13 4 13 11 8 13 15 9 13 12 0 14 13 1 14 9 2 14 12 4 14 12 8 14 11 9 14 10 0 15 10 1 15 11 2 15 13 4 15 10 8 15 9 9 15 9 0 16 10 1 16 8 2 16 14 4 16 11 8 16 14 9 16 11 0 17 11 1 17 8 2 17 11 4 17 11 8 17 13 9 17 14 0 18 13 1 18 12 2 18 10 4 18 12 8 18 9 9 18 11 0 19 12 1 19 12 2 19 12 4 19 12 8 19 9 9 19 8
47 163 6 6 1 1 14 8 5 14 12 6 14 11 7 14 10 8 14 10 9 14 6
48 166 2 2 1 1 14 12 2 14 11
49 167 6 6 1 0 12 11 1 12 11 2 12 15 4 12 10 7 12 13 8 12 10
50 169 10 1 10 1 10 8 1 11 11 1 12 9 1 13 11 1 14 12 1 15 12 1 16 11 1 17 11 1 18 10 1 19 12
51 170 10 1 10 9 10 9 9 11 10 9 12 11 9 13 12 9 14 9 9 15 11 9 16 11 9 17 10 9 18 7 9 19 11
52 176 60 6 10 0 10 9 1 10 12 2 10 9 6 10 15 8 10 9 9 10 8 0 11 13 1 11 8 2 11 12 6 11 9 8 11 14 9 11 9 0 12 12 1 12 10 2 12 13 6 12 7 8 12 13 9 12 12 0 13 14 1 13 11 2 13 13 6 13 11 8 13 10 9 13 11 0 14 7 1 14 14 2 14 11 6 14 11 8 14 8 9 14 12 0 15 12 1 15 11 2 15 11 6 15 14 8 15 9 9 15 11 0 16 7 1 16 12 2 16 13 6 16 12 8 16 12 9 16 9 0 17 8 1 17 10 2 17 14 6 17 11 8 17 10 9 17 15 0 18 10 1 18 9 2 18 10 6 18 12 8 18 6 9 18 12 0 19 10 1 19 8 2 19 14 6 19 10 8 19 9 9 19 10
53 177 3 3 1 2 13 13 4 13 9 7 13 14
54 184 2 2 1 0 10 12 4 10 11
55 188 6 6 1 3 13 9 5 13 11 6 13 12 7 13 10 8 13 14 9 13 10
56 189 1 1 1 8 11 10
57 193 6 6 1 0 16 10 3 16 9 4 16 9 5 16 12 6 16 8 9 16 8
58 198 2 2 1 1 18 9 8 18 8
59 204 4 4 1 3 15 12 4 15 10 8 15 10 9 15 10
60 206 1 1 1 9 12 12
61 208 50 5 10 1 10 11 2 10 11 3 10 13 5 10 13 7 10 15 1 11 14 2 11 11 3 11 9 5 11 13 7 11 11 1 12 10 2 12 12 3 12 7 5 12 11 7 12 12 1 13 13 2 13 6 3 13 9 5 13 11 7 13 13 1 14 8 2 14 8 3 14 9 5 14 10 7 14 5 1 15 9 2 15 8 3 15 14 5 15 11 7 15 11 1 16 10 2 16 9 3 16 7 5 16 6 7 16 10 1 17 11 2 17 12 3 17 11 5 17 11 7 17 10 1 18 7 2 18 9 3 18 11 5 18 10 7 18 12 1 19 12 2 19 11 3 19 11 5 19 13 7 19 10
62 219 6 6 1 0 10 10 2 10 9 5 10 12 6 10 11 7 10 9 9 10 12
63 225 12 6 3 1 12 9 2 12 12 4 12 12 7 12 8 8 12 9 0 14 8 1 14 14 4 14 14 7 14 8 0 16 11 2 16 13 8 16 12
64 229 3 3 2 0 13 9 1 16 13 3 16 10
65 231 1 1 1 9 17 11
66 232 5 5 1 1 15 11 2 15 9 4 15 8 6 15 11 9 15 10
67 235 12 6 4 2 11 11 3 11 13 4 11 13 5 11 11 6 11 12 3 12 11 8 12 10 4 13 13 5 13 14 6 13 11 8 13 12 2 18 5
68 236 60 6 10 0 10 11 1 10 8 2 10 12 4 10 12 5 10 10 9 10 10 0 11 7 1 11 11 2 11 8 4 11 12 5 11 10 9 11 11 0 12 12 1 12 10 2 12 11 4 12 11 5 12 11 9 12 10 0 13 10 1 13 11 2 13 11 4 13 13 5 13 8 9 13 11 0 14 11 1 14 10 2 14 14 4 14 12 5 14 8 9 14 9 0 15 12 1 15 8 2 15 10 4 15 13 5 15 7 9 15 11 0 16 12 1 16 8 2 16 12 4 16 13 5 16 7 9 16 10 0 17 10 1 17 9 2 17 10 4 17 10 5 17 12 9 17 11 0 18 13 1 18 11 2 18 10 4 18 9 5 18 10 9 18 10 0 19 12 1 19 9 2 19 13 4 19 9 5 19 12 9 19 12
69 238 6 6 1 1 14 11 2 14 11 4 14 11 5 14 9 8 14 11 9 14 11
70 245 6 6 1 0 11 10 4 11 10 5 11 7 6 11 10 7 11 8 8 11 13
71 247 3 3 1 1 18 11 3 18 14 5 18 9
72 253 12 6 4 0 12 9 1 12 7 2 12 11 3 12 8 6 12 7 1 14 8 2 14 10 6 14 12 7 14 13 0 16 12 3 17 8 7 17 11
73 257 18 6 5 1 10 11 2 10 11 5 10 12 7 10 9 0 13 13 2 13 7 3 13 12 0 14 10 2 14 13 3 14 10 5 14 11 0 18 12 1 18 10 5 18 11 7 18 11 1 19 8 3 19 13 7 19 7
74 258 1 1 1 9 17 10
75 264 6 6 1 0 14 8 3 14 14 6 14 11 7 14 13 8 14 10 9 14 10
76 270 40 5 10 1 10 9 2 10 11 5 10 11 1 11 12 2 11 11 4 11 13 5 11 14 7 11 7 4 12 8 5 12 13 1 13 14 2 13 7 7 13 10 2 14 11 4 14 12 5 14 11 7 14 13 1 15 5 2 15 10 4 15 12 5 15 10 7 15 10 1 16 9 2 16 11 4 16 13 5 16 10 7 16 10 1 17 11 2 17 11 4 17 9 7 17 13 1 18 11 4 18 11 5 18 8 7 18 13 1 19 10 2 19 12 4 19 13 5 19 11 7 19 10
77 275 3 3 2 5 14 9 6 14 7 1 18 15
78 276 1 1 1 0 11 10
79 277 3 3 1 3 14 10 5 14 11 9 14 12
80 282 1 1 1 4 10 8
81 288 4 4 2 4 13 12 7 13 11 8 13 11 9 16 14
82 291 12 6 3 1 11 11 2 11 10 7 11 12 9 11 11 2 14 11 4 14 12 6 14 7 7 14 12 1 18 12 4 18 11 6 18 10 9 18 11
83 298 12 4 5 1 10 11 6 10 11 9 10 11 1 12 11 6 14 12 7 14 7 9 14 10 6 16 11 7 16 10 9 16 9 1 19 12 7 19 11
84 299 36 6 10 2 10 10 4 10 13 5 10 13 7 10 11 8 10 13 9 10 8 4 11 12 7 11 12 4 12 14 5 12 10 7 12 9 8 12 13 2 13 9 4 13 12 8 13 9 9 13 13 4 14 9 5 14 11 7 14 12 8 14 12 9 14 12 2 15 13 7 15 12 8 15 9 5 16 9 7 16 12 9 16 9 2 17 11 5 17 9 9 17 9 2 18 11 4 18 6 5 18 13 2 19 10 8 19 9 9 19 9
85 305 2 2 1 2 17 13 5 17 10
86 306 18 6 5 0 10 9 1 10 8 4 10 11 7 10 11 8 10 14 5 15 8 4 16 8 5 16 11 7 16 10 0 18 9 1 18 10 5 18 9 8 18 9 0 19 12 1 19 9 4 19 10 7 19 14 8 19 12
87 312 4 4 2 1 16 13 8 16 10 3 18 9 5 18 12
88 313 6 3 3 0 10 13 0 14 9 3 14 9 6 14 11 3 17 9 6 17 10
89 314 18 6 5 2 12 14 4 12 11 1 13 11 9 13 12 1 16 13 4 16 10 7 16 6 8 16 9 1 17 10 2 17 11 7 17 10 8 17 8 9 17 13 2 19 12 4 19 9 7 19 8 8 19 8 9 19 10
90 319 2 2 1 2 10 13 3 10 11
91 325 30 3 10 1 10 11 2 10 10 5 10 9 1 11 8 2 11 12 5 11 12 1 12 11 2 12 11 5 12 11 1 13 11 2 13 10 5 13 11 1 14 9 2 14 13 5 14 8 1 15 10 2 15 13 5 15 9 1 16 12 2 16 10 5 16 15 1 17 12 2 17 11 5 17 10 1 18 11 2 18 11 5 18 8 1 19 10 2 19 12 5 19 12
92 334 12 6 5 3 10 12 7 10 11 4 11 12 2 15 13 3 15 10 9 15 9 4 17 10 5 17 12 7 17 11 9 17 12 2 18 11 5 18 10
93 337 1 1 1 1 13 6
94 342 3 3 2 6 12 13 5 19 9 9 19 10
95 343 1 1 1 6 13 10
96 344 6 3 3 4 12 10 9 12 13 6 13 9 4 14 11 6 14 8 9 14 8
97 354 1 1 1 5 19 11
98 356 18 6 6 0 13 11 7 13 9 8 13 11 4 14 12 1 15 11 4 15 9 5 15 6 7 15 12 8 15 11 1 16 11 5 16 10 0 18 9 4 18 12 5 18 7 8 18 8 0 19 11 1 19 11 7 19 11
99 359 6 6 2 1 11 11 0 15 9 2 15 10 3 15 11 4 15 10 5 15 11
