20 100
0 0 1 1 1 8 12 12
1 2 6 6 1 2 12 11 3 12 9 4 12 10 5 12 12 6 12 12 7 12 12
2 4 6 6 1 1 19 9 2 19 7 3 19 10 4 19 11 6 19 13 7 19 11
3 8 2 2 1 7 18 10 8 18 10
4 10 60 6 10 0 10 10 1 10 8 2 10 9 5 10 14 8 10 12 9 10 11 0 11 8 1 11 8 2 11 9 5 11 11 8 11 8 9 11 9 0 12 9 1 12 14 2 12 7 5 12 13 8 12 11 9 12 12 0 13 12 1 13 9 2 13 11 5 13 12 8 13 16 9 13 9 0 14 9 1 14 10 2 14 9 5 14 13 8 14 12 9 14 8 0 15 10 1 15 12 2 15 10 5 15 13 8 15 13 9 15 8 0 16 8 1 16 14 2 16 8 5 16 9 8 16 11 9 16 10 0 17 11 1 17 10 2 17 10 5 17 9 8 17 10 9 17 9 0 18 9 1 18 10 2 18 11 5 18 11 8 18 12 9 18 11 0 19 10 1 19 9 2 19 10 5 19 13 8 19 10 9 19 12
5 11 18 6 6 0 10 12 1 10 9 2 10 8 3 10 11 5 10 10 6 10 9 1 11 13 2 11 12 5 11 11 6 11 9 0 14 11 2 14 10 3 14 12 1 16 14 0 17 10 5 17 12 6 17 8 3 18 12
6 13 10 1 10 9 10 11 9 11 12 9 12 10 9 13 13 9 14 8 9 15 14 9 16 9 9 17 10 9 18 8 9 19 13
7 14 3 3 1 3 13 10 6 13 8 8 13 10
8 17 1 1 1 9 12 11
9 20 1 1 1 3 19 9
10 24 60 6 10 0 10 10 2 10 7 6 10 13 7 10 10 8 10 12 9 10 7 0 11 10 2 11 10 6 11 12 7 11 12 8 11 14 9 11 13 0 12 9 2 12 9 6 12 12 7 12 11 8 12 8 9 12 10 0 13 10 2 13 11 6 13 12 7 13 11 8 13 10 9 13 11 0 14 8 2 14 8 6 14 6 7 14 10 8 14 12 9 14 12 0 15 9 2 15 10 6 15 15 7 15 13 8 15 10 9 15 6 0 16 13 2 16 13 6 16 11 7 16 9 8 16 12 9 16 12 0 17 15 2 17 9 6 17 6 7 17 11 8 17 11 9 17 11 0 18 10 2 18 9 6 18 10 7 18 14 8 18 7 9 18 9 0 19 12 2 19 10 6 19 15 7 19 10 8 19 8 9 19 6
11 27 6 6 2 0 14 14 1 14 10 2 14 12 3 14 10 6 17 7 7 17 10
12 28 18 6 6 0 10 10 3 10 8 5 10 14 0 11 12 1 11 8 2 11 10 3 11 11 4 11 11 5 11 12 4 13 8 5 13 8 2 15 10 4 15 11 1 16 12 0 17 12 1 17 11 2 17 15 3 17 11
13 42 4 4 1 0 12 8 2 12 12 4 12 7 5 12 10
14 43 6 6 1 0 15 10 5 15 11 6 15 11 7 15 9 8 15 14 9 15 11
15 45 3 3 2 2 16 11 9 16 12 7 17 11
16 46 12 6 3 1 10 14 2 10 9 3 10 10 5 10 12 6 10 9 8 10 7 1 12 9 2 12 8 6 12 10 8 12 8 3 19 12 5 19 7
17 47 1 1 1 5 11 14
18 52 6 3 3 2 11 8 5 12 9 8 12 10 2 15 12 5 15 10 8 15 9
19 57 6 6 2 2 14 8 6 14 9 7 14 12 3 19 12 4 19 10 5 19 13
20 59 50 5 10 3 10 12 6 10 10 7 10 10 8 10 10 9 10 12 3 11 10 6 11 13 7 11 10 8 11 13 9 11 8 3 12 11 6 12 12 7 12 10 8 12 13 9 12 7 3 13 10 6 13 9 7 13 12 8 13 13 9 13 13 3 14 12 6 14 9 7 14 9 8 14 9 9 14 13 3 15 11 6 15 10 7 15 10 8 15 9 9 15 9 3 16 12 6 16 7 7 16 12 8 16 10 9 16 7 3 17 13 6 17 10 7 17 11 8 17 13 9 17 8 3 18 10 6 18 11 7 18 11 8 18 7 9 18 8 3 19 10 6 19 10 7 19 10 8 19 11 9 19 11
21 67 18 6 5 2 10 10 4 10 10 5 10 6 6 10 10 1 11 12 2 11 8 4 11 13 5 11 12 6 11 15 9 11 9 2 17 13 1 18 11 4 18 8 5 18 9 6 18 10 9 18 9 1 19 9 9 19 12
22 68 6 6 2 1 10 10 5 10 9 7 10 13 9 10 10 0 15 8 4 15 7
23 71 6 6 2 7 16 9 1 19 11 3 19 7 6 19 11 8 19 11 9 19 9
24 80 4 4 1 2 16 7 3 16 13 8 16 11 9 16 13
25 86 8 4 3 3 10 11 5 10 11 9 10 13 1 16 7 5 16 7 9 16 10 1 18 8 3 18 8
26 89 40 4 10 2 10 9 3 10 7 4 10 13 6 10 11 2 11 10 3 11 7 4 11 11 6 11 7 2 12 9 3 12 9 4 12 8 6 12 11 2 13 11 3 13 8 4 13 8 6 13 9 2 14 8 3 14 10 4 14 8 6 14 8 2 15 8 3 15 12 4 15 15 6 15 11 2 16 8 3 16 11 4 16 12 6 16 12 2 17 10 3 17 12 4 17 6 6 17 9 2 18 12 3 18 12 4 18 11 6 18 11 2 19 10 3 19 10 4 19 8 6 19 10
27 90 6 6 1 0 18 12 1 18 11 2 18 11 5 18 13 8 18 12 9 18 8
28 91 6 6 1 0 15 11 2 15 13 4 15 9 6 15 12 8 15 13 9 15 9
29 95 10 5 4 1 10 11 5 10 9 6 10 13 7 10 11 1 11 9 9 11 13 6 15 6 5 19 12 7 19 14 9 19 12
30 101 20 5 6 5 10 8 7 10 10 0 11 11 4 11 12 9 11 11 4 13 9 5 13 10 7 13 12 9 13 8 0 15 12 4 15 11 5 15 12 7 15 12 0 16 15 5 16 8 7 16 10 9 16 10 0 19 12 4 19 12 9 19 10
31 107 1 1 1 5 14 10
32 114 2 2 1 0 12 11 6 12 12
33 120 18 6 6 0 10 10 1 10 8 2 10 10 6 10 12 0 11 10 1 11 11 5 11 13 6 11 10 8 13 7 5 14 12 8 14 12 0 16 11 2 16 14 8 16 10 1 17 9 2 17 8 5 17 9 6 17 12
34 125 1 1 1 5 19 11
35 127 24 6 7 1 10 7 2 10 8 3 10 7 5 10 11 8 10 10 3 11 9 5 11 10 9 11 8 5 13 9 8 13 13 9 13 11 1 14 13 2 14 11 3 14 11 9 14 9 1 16 13 2 16 11 8 16 12 9 16 12 5 18 12 1 19 11 2 19 8 3 19 15 8 19 10
36 132 3 3 1 0 19 12 3 19 7 4 19 7
37 135 7 1 7 1 10 11 1 11 11 1 12 9 1 13 10 1 15 11 1 17 13 1 19 10
38 137 60 6 10 3 10 7 5 10 11 6 10 6 7 10 10 8 10 9 9 10 12 3 11 9 5 11 14 6 11 12 7 11 11 8 11 15 9 11 9 3 12 11 5 12 10 6 12 10 7 12 10 8 12 8 9 12 10 3 13 12 5 13 13 6 13 11 7 13 9 8 13 9 9 13 9 3 14 10 5 14 9 6 14 9 7 14 9 8 14 13 9 14 11 3 15 9 5 15 12 6 15 10 7 15 11 8 15 14 9 15 11 3 16 9 5 16 13 6 16 12 7 16 10 8 16 6 9 16 13 3 17 12 5 17 9 6 17 7 7 17 12 8 17 9 9 17 12 3 18 9 5 18 13 6 18 9 7 18 10 8 18 13 9 18 11 3 19 11 5 19 11 6 19 12 7 19 11 8 19 12 9 19 11
39 140 2 2 1 1 17 11 5 17 9
40 146 60 6 10 1 10 7 2 10 10 3 10 12 4 10 10 8 10 13 9 10 5 1 11 14 2 11 9 3 11 11 4 11 5 8 11 11 9 11 9 1 12 10 2 12 10 3 12 10 4 12 13 8 12 11 9 12 10 1 13 11 2 13 9 3 13 14 4 13 13 8 13 12 9 13 13 1 14 11 2 14 12 3 14 12 4 14 11 8 14 11 9 14 10 1 15 6 2 15 13 3 15 9 4 15 10 8 15 8 9 15 10 1 16 10 2 16 10 3 16 11 4 16 9 8 16 10 9 16 11 1 17 11 2 17 11 3 17 13 4 17 13 8 17 11 9 17 10 1 18 11 2 18 11 3 18 8 4 18 10 8 18 12 9 18 13 1 19 13 2 19 12 3 19 9 4 19 6 8 19 11 9 19 9
41 149 5 5 1 1 10 11 4 10 11 5 10 10 8 10 10 9 10 12
42 155 3 3 2 7 12 11 0 15 8 4 15 11
43 156 12 6 3 0 12 15 1 12 10 2 12 8 7 12 11 9 12 12 0 13 12 1 13 10 7 13 10 8 13 13 2 15 9 8 15 15 9 15 10
44 159 60 6 10 0 10 8 2 10 11 5 10 14 6 10 10 8 10 7 9 10 9 0 11 12 2 11 8 5 11 7 6 11 13 8 11 10 9 11 10 0 12 10 2 12 13 5 12 10 6 12 10 8 12 10 9 12 9 0 13 8 2 13 11 5 13 11 6 13 11 8 13 11 9 13 12 0 14 13 2 14 6 5 14 10 6 14 10 8 14 12 9 14 11 0 15 10 2 15 11 5 15 10 6 15 11 8 15 7 9 15 11 0 16 10 2 16 10 5 16 11 6 16 13 8 16 11 9 16 7 0 17 10 2 17 12 5 17 11 6 17 9 8 17 14 9 17 12 0 18 10 2 18 8 5 18 13 6 18 9 8 18 8 9 18 12 0 19 10 2 19 14 5 19 8 6 19 10 8 19 10 9 19 10
45 160 3 3 2 1 15 11 0 17 11 3 17 13
46 161 1 1 1 8 11 11
47 163 6 6 2 1 11 7 2 11 9 4 11 10 6 12 12 7 12 11 9 12 11
48 166 60 6 10 1 10 15 4 10 11 5 10 7 6 10 11 7 10 12 8 10 13 1 11 10 4 11 9 5 11 10 6 11 9 7 11 8 8 11 14 1 12 10 4 12 7 5 12 8 6 12 8 7 12 12 8 12 9 1 13 10 4 13 10 5 13 8 6 13 10 7 13 10 8 13 11 1 14 10 4 14 8 5 14 11 6 14 10 7 14 9 8 14 11 1 15 11 4 15 12 5 15 8 6 15 11 7 15 9 8 15 9 1 16 12 4 16 9 5 16 11 6 16 10 7 16 13 8 16 12 1 17 10 4 17 10 5 17 10 6 17 12 7 17 12 8 17 11 1 18 8 4 18 12 5 18 9 6 18 14 7 18 9 8 18 9 1 19 14 4 19 9 5 19 10 6 19 14 7 19 12 8 19 11
49 167 3 3 1 1 17 9 3 17 8 8 17 10
50 169 1 1 1 0 15 14
51 170 5 5 2 3 10 8 6 10 12 2 17 8 5 17 11 8 17 10
52 176 6 6 2 5 13 9 8 13 11 3 16 8 4 16 10 6 16 10 7 16 10
53 177 18 6 6 4 10 11 6 10 12 6 11 12 1 12 12 4 12 9 8 12 12 9 12 9 1 13 11 3 13 9 8 13 10 9 13 11 1 15 12 3 15 12 6 15 11 8 15 9 3 18 6 4 18 15 9 18 10
54 184 2 2 1 5 12 11 8 12 9
55 188 24 6 7 3 11 10 6 11 10 7 11 9 5 12 9 8 12 8 3 13 15 4 13 11 5 13 13 7 13 11 8 13 10 4 14 11 5 14 10 6 14 9 3 16 6 6 16 11 4 18 13 5 18 11 7 18 12 8 18 10 3 19 10 4 19 8 6 19 9 7 19 12 8 19 12
56 189 30 3 10 4 10 13 7 10 11 8 10 8 4 11 10 7 11 10 8 11 11 4 12 9 7 12 9 8 12 11 4 13 11 7 13 11 8 13 12 4 14 10 7 14 8 8 14 12 4 15 14 7 15 10 8 15 14 4 16 8 7 16 11 8 16 12 4 17 12 7 17 8 8 17 9 4 18 9 7 18 8 8 18 11 4 19 9 7 19 14 8 19 10
57 193 4 4 2 2 14 8 0 19 10 3 19 12 4 19 8
58 198 30 3 10 4 10 9 5 10 10 8 10 8 4 11 8 5 11 11 8 11 12 4 12 13 5 12 11 8 12 12 4 13 10 5 13 10 8 13 8 4 14 11 5 14 10 8 14 12 4 15 9 5 15 10 8 15 9 4 16 12 5 16 11 8 16 16 4 17 9 5 17 10 8 17 12 4 18 8 5 18 12 8 18 10 4 19 12 5 19 12 8 19 11
59 204 20 2 10 2 10 10 6 10 11 2 11 10 6 11 9 2 12 14 6 12 8 2 13 11 6 13 9 2 14 7 6 14 12 2 15 11 6 15 9 2 16 11 6 16 10 2 17 9 6 17 10 2 18 9 6 18 9 2 19 11 6 19 9
60 206 6 6 1 0 13 9 1 13 9 2 13 11 4 13 14 6 13 9 8 13 11
61 208 18 6 5 0 10 12 1 10 11 4 10 12 0 11 12 1 11 11 2 11 9 4 11 13 7 11 12 8 11 12 1 14 7 7 14 10 0 15 12 2 15 8 4 15 13 8 15 10 2 19 10 7 19 12 8 19 11
62 219 12 6 4 0 13 9 1 13 10 3 13 11 4 13 11 5 13 11 2 14 8 4 14 12 5 14 14 0 15 6 1 15 10 3 15 12 2 18 8
63 225 3 3 1 2 18 11 3 18 10 9 18 11
64 229 12 6 4 7 10 10 8 10 12 7 13 10 9 13 9 1 14 10 4 14 15 6 14 11 1 15 9 4 15 12 6 15 9 8 15 9 9 15 11
65 231 18 6 6 2 10 8 3 10 10 6 10 13 2 12 8 3 12 9 8 12 11 8 14 11 9 14 12 4 16 10 6 16 9 9 16 11 2 17 11 3 17 12 4 17 7 6 17 12 8 17 6 4 18 10 9 18 12
66 232 2 2 1 0 11 13 1 11 12
67 235 30 3 10 1 10 12 3 10 10 7 10 11 1 11 10 3 11 9 7 11 10 1 12 16 3 12 11 7 12 9 1 13 9 3 13 12 7 13 12 1 14 10 3 14 13 7 14 12 1 15 10 3 15 10 7 15 10 1 16 10 3 16 11 7 16 7 1 17 12 3 17 11 7 17 11 1 18 10 3 18 9 7 18 9 1 19 11 3 19 12 7 19 8
68 236 6 6 1 0 18 13 1 18 13 3 18 9 4 18 12 6 18 12 7 18 10
69 238 60 6 10 0 10 9 1 10 7 2 10 9 5 10 12 6 10 10 7 10 9 0 11 12 1 11 11 2 11 9 5 11 11 6 11 11 7 11 6 0 12 10 1 12 13 2 12 4 5 12 8 6 12 16 7 12 7 0 13 12 1 13 9 2 13 12 5 13 9 6 13 11 7 13 10 0 14 12 1 14 5 2 14 9 5 14 10 6 14 13 7 14 13 0 15 9 1 15 12 2 15 9 5 15 12 6 15 6 7 15 11 0 16 10 1 16 12 2 16 11 5 16 10 6 16 13 7 16 13 0 17 11 1 17 10 2 17 10 5 17 13 6 17 10 7 17 10 0 18 10 1 18 12 2 18 9 5 18 13 6 18 9 7 18 12 0 19 9 1 19 7 2 19 12 5 19 14 6 19 9 7 19 11
70 245 8 4 2 1 13 15 4 13 9 5 13 8 6 13 9 1 17 8 4 17 9 5 17 11 6 17 12
71 247 6 6 1 3 13 9 4 13 11 5 13 12 6 13 10 7 13 9 9 13 10
72 253 36 6 10 1 10 12 7 10 11 8 10 9 2 11 10 6 11 10 7 11 7 1 12 13 2 12 10 8 12 8 2 13 13 6 13 13 8 13 8 9 13 8 6 14 13 7 14 14 8 14 12 9 14 11 1 15 11 2 15 13 9 15 11 1 16 12 6 16 7 7 16 14 8 16 8 9 16 8 1 17 14 2 17 10 6 17 9 9 17 15 1 18 12 2 18 10 6 18 11 7 18 9 7 19 12 8 19 12 9 19 12
73 257 4 4 1 1 17 11 3 17 13 5 17 9 9 17 10
74 258 60 6 10 0 10 11 1 10 11 3 10 12 7 10 11 8 10 10 9 10 13 0 11 10 1 11 8 3 11 16 7 11 9 8 11 10 9 11 8 0 12 11 1 12 8 3 12 13 7 12 6 8 12 13 9 12 12 0 13 10 1 13 11 3 13 12 7 13 9 8 13 7 9 13 10 0 14 13 1 14 13 3 14 13 7 14 11 8 14 11 9 14 9 0 15 13 1 15 11 3 15 10 7 15 10 8 15 11 9 15 12 0 16 12 1 16 11 3 16 7 7 16 9 8 16 11 9 16 10 0 17 9 1 17 11 3 17 11 7 17 11 8 17 9 9 17 10 0 18 10 1 18 11 3 18 9 7 18 16 8 18 8 9 18 10 0 19 12 1 19 11 3 19 12 7 19 12 8 19 9 9 19 7
75 264 4 4 1 0 12 10 6 12 12 7 12 13 9 12 14
76 270 12 4 4 3 11 10 5 11 10 8 11 10 9 11 10 3 12 9 5 12 12 8 12 11 9 12 14 8 16 10 3 19 9 5 19 10 9 19 10
77 275 4 4 1 0 14 11 1 14 10 5 14 8 9 14 12
78 276 12 6 4 3 12 11 5 12 13 6 12 8 8 12 10 9 12 10 1 13 6 6 13 11 1 14 10 3 18 14 5 18 8 8 18 8 9 18 6
79 277 6 6 3 6 11 13 0 15 11 2 15 13 5 15 9 9 15 10 3 18 8
80 282 6 3 2 4 11 9 6 11 12 9 11 10 4 18 11 6 18 10 9 18 9
81 288 3 3 1 0 19 9 5 19 9 8 19 12
82 291 24 6 7 0 10 11 9 10 14 0 12 9 1 12 9 5 12 6 7 12 8 9 12 7 1 13 9 4 13 10 7 13 10 0 15 12 1 15 13 4 15 10 5 15 8 7 15 6 5 16 14 9 16 7 1 17 11 4 17 17 5 17 12 7 17 7 0 19 8 4 19 11 9 19 10
83 298 20 2 10 2 10 10 7 10 8 2 11 10 7 11 11 2 12 7 7 12 8 2 13 13 7 13 9 2 14 10 7 14 12 2 15 13 7 15 12 2 16 6 7 16 8 2 17 9 7 17 10 2 18 12 7 18 7 2 19 13 7 19 11
84 299 6 6 1 0 15 13 2 15 10 3 15 8 4 15 10 5 15 10 9 15 12
85 305 1 1 1 7 12 11
86 306 18 6 6 0 12 14 2 12 12 1 13 11 2 13 11 4 13 12 8 13 10 0 14 11 2 14 11 3 14 9 8 14 6 0 15 11 1 15 8 3 15 9 4 15 11 8 15 10 1 16 10 3 16 9 4 18 14
87 312 4 4 1 0 14 13 1 14 12 2 14 11 5 14 8
88 313 15 5 5 1 10 10 2 10 11 6 10 9 1 13 11 2 13 14 4 13 12 5 13 9 2 15 10 4 15 14 6 15 10 1 16 10 5 16 11 4 18 11 5 18 8 6 18 10
89 314 1 1 1 9 13 10
90 319 12 6 3 0 10 8 7 10 12 8 10 9 0 15 8 2 15 12 3 15 14 7 15 12 9 15 10 2 16 10 3 16 12 8 16 14 9 16 13
91 325 6 6 2 1 16 9 3 16 13 6 16 9 5 17 12 7 17 11 8 17 8
92 334 18 6 6 1 11 8 2 11 12 4 11 14 1 13 10 2 13 10 5 13 11 6 13 11 8 15 11 2 16 8 4 16 9 6 16 10 4 18 11 5 18 8 6 18 9 8 18 8 1 19 8 5 19 9 8 19 11
93 337 2 2 1 3 19 11 4 19 9
94 342 1 1 1 0 13 10
95 343 12 6 5 0 12 9 5 12 10 6 12 8 7 12 13 4 13 10 6 13 8 5 14 13 7 14 8 0 15 14 3 15 13 4 15 11 3 19 10
96 344 6 3 3 4 12 11 7 12 11 1 13 9 1 15 12 4 15 11 7 15 10
97 354 6 6 1 1 13 11 2 13 10 3 13 9 4 13 9 6 13 10 8 13 10
98 356 18 6 6 0 10 10 2 10 12 3 10 11 5 10 7 6 10 11 2 11 10 6 11 9 1 14 12 2 14 10 3 14 12 6 14 12 3 15 8 5 15 10 0 16 9 1 16 12 0 18 12 1 18 12 5 18 8
99 359 4 4 2 2 12 9 1 18 11 5 18 8 9 18 10
