20 100
0 0 6 6 1 0 10 12 1 10 11 2 10 10 5 10 9 7 10 10 8 10 13
1 2 3 3 1 5 17 12 6 17 11 9 17 12
2 4 12 6 3 4 13 13 0 14 7 1 14 11 2 14 7 6 14 12 9 14 13 0 18 12 1 18 13 2 18 11 4 18 12 6 18 10 9 18 11
3 8 6 6 1 0 13 10 1 13 11 2 13 11 5 13 9 7 13 11 9 13 12
4 10 6 6 1 1 17 10 3 17 11 4 17 14 5 17 11 7 17 7 8 17 11
5 11 1 1 1 1 19 11
6 13 6 6 1 1 11 12 2 11 11 5 11 9 6 11 12 7 11 12 8 11 12
7 14 60 6 10 0 10 10 1 10 14 2 10 8 6 10 14 8 10 10 9 10 13 0 11 10 1 11 11 2 11 10 6 11 10 8 11 7 9 11 7 0 12 11 1 12 12 2 12 13 6 12 12 8 12 8 9 12 9 0 13 9 1 13 8 2 13 9 6 13 10 8 13 8 9 13 14 0 14 13 1 14 13 2 14 12 6 14 10 8 14 15 9 14 13 0 15 8 1 15 11 2 15 10 6 15 16 8 15 11 9 15 12 0 16 8 1 16 10 2 16 12 6 16 12 8 16 10 9 16 9 0 17 13 1 17 6 2 17 10 6 17 13 8 17 9 9 17 12 0 18 10 1 18 10 2 18 10 6 18 12 8 18 9 9 18 14 0 19 12 1 19 12 2 19 9 6 19 10 8 19 9 9 19 9
8 17 8 4 4 2 11 10 3 11 9 0 12 14 2 12 14 7 12 6 0 16 9 3 16 14 7 18 13
9 20 24 6 7 3 11 9 7 11 7 8 11 10 2 12 14 6 12 9 7 12 12 8 12 7 2 13 10 4 13 11 8 13 10 4 14 9 6 14 12 7 14 15 2 16 12 3 16 14 3 17 9 4 17 10 6 17 13 7 17 12 8 17 10 2 18 10 3 18 13 4 18 10 6 18 9
10 24 1 1 1 9 15 13
11 27 60 6 10 0 10 13 2 10 12 5 10 10 6 10 10 7 10 10 8 10 10 0 11 8 2 11 14 5 11 10 6 11 8 7 11 10 8 11 7 0 12 16 2 12 10 5 12 13 6 12 11 7 12 7 8 12 11 0 13 10 2 13 6 5 13 10 6 13 7 7 13 9 8 13 11 0 14 12 2 14 10 5 14 10 6 14 8 7 14 13 8 14 9 0 15 11 2 15 9 5 15 14 6 15 9 7 15 7 8 15 10 0 16 8 2 16 13 5 16 12 6 16 8 7 16 11 8 16 12 0 17 11 2 17 9 5 17 10 6 17 11 7 17 8 8 17 10 0 18 14 2 18 12 5 18 11 6 18 11 7 18 9 8 18 9 0 19 8 2 19 8 5 19 11 6 19 11 7 19 12 8 19 10
12 28 8 4 3 2 12 12 9 12 10 1 17 7 2 17 14 8 17 11 1 18 9 8 18 14 9 18 13
13 42 60 6 10 0 10 10 2 10 12 3 10 13 7 10 9 8 10 11 9 10 11 0 11 13 2 11 9 3 11 13 7 11 9 8 11 12 9 11 9 0 12 8 2 12 9 3 12 10 7 12 8 8 12 10 9 12 11 0 13 12 2 13 11 3 13 12 7 13 9 8 13 11 9 13 9 0 14 13 2 14 11 3 14 8 7 14 7 8 14 13 9 14 6 0 15 8 2 15 11 3 15 12 7 15 13 8 15 10 9 15 9 0 16 12 2 16 11 3 16 7 7 16 13 8 16 11 9 16 10 0 17 11 2 17 11 3 17 8 7 17 12 8 17 12 9 17 9 0 18 11 2 18 12 3 18 10 7 18 11 8 18 11 9 18 12 0 19 12 2 19 11 3 19 10 7 19 8 8 19 13 9 19 10
14 43 3 3 1 2 10 10 6 10 13 7 10 14
15 45 1 1 1 6 17 12
16 46 1 1 1 9 19 9
17 47 6 6 1 0 10 12 1 10 9 5 10 13 7 10 11 8 10 11 9 10 12
18 52 20 2 10 5 10 14 6 10 10 5 11 7 6 11 11 5 12 11 6 12 11 5 13 10 6 13 11 5 14 10 6 14 9 5 15 12 6 15 8 5 16 10 6 16 8 5 17 9 6 17 9 5 18 10 6 18 10 5 19 11 6 19 13
19 57 24 6 7 0 10 10 2 10 7 6 10 11 8 10 7 0 11 7 1 11 11 2 11 9 3 11 11 8 11 12 0 12 9 3 12 11 6 12 8 0 13 11 3 13 12 8 13 12 1 16 8 2 16 13 8 16 14 1 17 8 6 17 13 1 18 13 2 18 10 3 18 11 6 18 10
20 59 48 6 10 2 10 10 4 10 7 7 10 9 8 10 12 9 10 11 2 11 9 4 11 7 6 11 11 7 11 11 8 11 12 4 12 11 6 12 9 7 12 13 8 12 8 9 12 11 2 13 9 6 13 13 7 13 11 8 13 10 9 13 12 2 14 11 4 14 7 6 14 12 7 14 11 9 14 11 2 15 12 4 15 13 6 15 7 7 15 13 8 15 13 4 16 11 6 16 13 9 16 11 2 17 11 4 17 10 6 17 9 8 17 11 9 17 9 2 18 8 4 18 10 6 18 15 7 18 12 8 18 13 9 18 13 2 19 13 7 19 9 8 19 10 9 19 13
21 67 1 1 1 7 16 11
22 68 1 1 1 4 12 12
23 71 6 6 2 4 10 11 9 10 9 1 11 11 5 11 8 7 11 8 8 11 11
24 80 6 6 1 2 13 10 4 13 10 5 13 11 6 13 12 7 13 10 8 13 11
25 86 4 4 2 1 11 15 4 11 9 5 11 11 0 14 7
26 89 6 6 1 1 14 12 2 14 13 3 14 10 5 14 11 8 14 10 9 14 9
27 90 48 6 10 2 10 9 4 10 11 5 10 11 6 10 9 7 10 13 8 10 10 2 11 8 4 11 12 5 11 12 7 11 13 8 11 7 5 12 12 6 12 12 7 12 11 4 13 10 6 13 11 8 13 9 2 14 9 4 14 11 5 14 7 6 14 9 7 14 7 8 14 12 2 15 11 4 15 13 6 15 10 7 15 11 8 15 9 2 16 11 4 16 11 5 16 10 7 16 9 8 16 15 2 17 11 4 17 11 5 17 10 6 17 14 2 18 12 4 18 8 5 18 6 6 18 13 7 18 7 8 18 12 2 19 12 5 19 11 6 19 11 7 19 12 8 19 13
28 91 20 2 10 4 10 10 8 10 5 4 11 9 8 11 10 4 12 12 8 12 14 4 13 14 8 13 10 4 14 11 8 14 12 4 15 10 8 15 8 4 16 10 8 16 7 4 17 8 8 17 11 4 18 12 8 18 11 4 19 10 8 19 8
29 95 24 6 7 0 11 11 7 11 12 0 12 9 6 12 11 7 12 10 9 12 13 8 13 14 2 15 11 6 15 8 8 15 11 9 15 12 2 17 8 6 17 12 7 17 8 8 17 9 9 17 9 0 18 9 2 18 6 7 18 8 8 18 10 0 19 11 2 19 13 6 19 13 9 19 11
30 101 10 5 3 1 10 12 4 10 9 6 10 9 8 10 9 0 13 9 6 13 12 8 13 8 0 14 11 1 14 9 4 14 9
31 107 12 4 4 0 12 12 6 12 9 9 12 14 0 14 11 6 14 13 8 14 9 9 14 8 0 15 14 6 15 9 8 15 9 9 15 9 8 18 9
32 114 1 1 1 0 14 10
33 120 1 1 1 3 18 13
34 125 6 6 3 4 10 9 3 11 10 8 11 9 9 11 9 5 14 10 6 14 9
35 127 1 1 1 0 13 9
36 132 8 4 3 1 12 7 4 12 11 3 14 11 4 14 11 8 14 9 1 17 9 3 17 10 8 17 9
37 135 24 6 7 3 10 12 7 10 10 2 11 8 7 11 11 8 11 11 2 13 9 5 13 10 7 13 14 8 13 12 3 14 13 4 14 14 7 14 13 8 14 9 2 16 9 3 16 11 4 16 6 5 16 10 2 18 12 3 18 11 4 18 12 5 18 12 4 19 10 5 19 10 8 19 7
38 137 6 6 1 0 11 10 1 11 12 2 11 10 3 11 8 5 11 11 6 11 13
39 140 18 6 5 1 10 9 2 10 6 4 10 10 4 12 10 6 12 11 7 12 11 0 15 10 1 15 11 6 15 9 7 15 12 0 16 8 1 16 10 2 16 10 0 18 8 2 18 8 4 18 11 6 18 9 7 18 8
40 146 8 4 3 4 16 11 9 16 13 2 18 9 3 18 11 4 18 14 9 18 11 2 19 12 3 19 8
41 149 1 1 1 1 18 11
42 155 2 2 2 4 10 13 3 11 9
43 156 12 6 3 3 12 13 8 12 13 0 15 9 1 15 13 2 15 12 7 15 10 8 15 13 0 19 11 1 19 12 2 19 10 3 19 10 7 19 11
44 159 1 1 1 4 17 14
45 160 18 6 5 3 11 7 6 11 12 7 11 12 1 13 14 3 13 12 4 13 12 6 13 11 7 13 8 1 16 14 3 16 11 4 16 10 6 16 12 9 16 8 7 17 11 9 17 9 1 19 8 4 19 12 9 19 9
46 161 3 3 1 2 10 11 5 10 10 8 10 11
47 163 12 6 4 1 10 14 2 10 10 8 10 9 0 12 11 1 12 11 4 12 12 8 12 11 0 16 9 2 16 8 4 16 7 9 16 8 9 19 12
48 166 6 6 2 0 13 11 8 13 11 1 15 8 4 15 12 6 15 8 9 15 13
49 167 18 6 5 4 10 9 5 10 7 6 10 9 0 11 10 4 11 9 5 11 13 6 11 10 7 11 11 9 11 12 7 13 8 0 14 10 4 14 14 5 14 13 6 14 7 9 14 12 0 19 11 7 19 10 9 19 6
50 169 6 6 1 3 18 11 5 18 9 6 18 12 7 18 11 8 18 10 9 18 9
51 170 6 6 1 0 18 11 2 18 7 3 18 12 7 18 6 8 18 8 9 18 11
52 176 10 1 10 5 10 11 5 11 9 5 12 13 5 13 8 5 14 10 5 15 11 5 16 12 5 17 8 5 18 13 5 19 10
53 177 6 6 2 0 11 13 2 11 14 7 11 11 4 19 12 5 19 12 6 19 11
54 184 40 4 10 4 10 10 5 10 10 6 10 9 7 10 7 4 11 12 5 11 9 6 11 13 7 11 7 4 12 12 5 12 10 6 12 12 7 12 12 4 13 10 5 13 9 6 13 9 7 13 8 4 14 9 5 14 12 6 14 8 7 14 10 4 15 12 5 15 10 6 15 15 7 15 14 4 16 8 5 16 8 6 16 11 7 16 7 4 17 11 5 17 9 6 17 10 7 17 6 4 18 9 5 18 11 6 18 11 7 18 13 4 19 12 5 19 7 6 19 11 7 19 10
55 188 60 6 10 3 10 10 5 10 11 6 10 13 7 10 14 8 10 8 9 10 10 3 11 11 5 11 11 6 11 10 7 11 9 8 11 10 9 11 10 3 12 14 5 12 13 6 12 10 7 12 11 8 12 9 9 12 10 3 13 10 5 13 10 6 13 14 7 13 10 8 13 13 9 13 6 3 14 9 5 14 8 6 14 12 7 14 9 8 14 14 9 14 10 3 15 11 5 15 12 6 15 9 7 15 13 8 15 13 9 15 13 3 16 8 5 16 11 6 16 6 7 16 7 8 16 13 9 16 9 3 17 14 5 17 16 6 17 12 7 17 5 8 17 13 9 17 12 3 18 8 5 18 13 6 18 6 7 18 8 8 18 10 9 18 10 3 19 11 5 19 11 6 19 8 7 19 9 8 19 11 9 19 12
56 189 6 6 1 0 15 8 2 15 10 3 15 9 6 15 10 7 15 13 8 15 11
57 193 2 2 1 3 11 9 6 11 9
58 198 1 1 1 0 16 7
59 204 3 3 2 1 13 12 0 19 6 9 19 12
60 206 42 6 10 0 10 10 2 10 10 3 10 13 5 10 11 9 10 13 0 11 15 2 11 10 5 11 8 7 11 6 2 12 9 3 12 12 5 12 13 7 12 11 9 12 11 0 13 9 3 13 14 7 13 7 9 13 12 2 14 11 3 14 8 5 14 8 7 14 10 9 14 13 0 15 12 3 15 12 7 15 13 9 15 10 0 16 10 2 16 8 3 16 10 0 17 10 2 17 9 3 17 10 5 17 11 9 17 10 2 18 11 5 18 10 7 18 11 9 18 14 0 19 8 5 19 10 7 19 9
61 208 20 2 10 3 10 10 8 10 11 3 11 12 8 11 10 3 12 11 8 12 12 3 13 10 8 13 14 3 14 13 8 14 13 3 15 8 8 15 8 3 16 11 8 16 11 3 17 10 8 17 13 3 18 11 8 18 13 3 19 14 8 19 8
62 219 6 3 3 2 11 8 3 11 9 2 18 9 3 18 12 5 18 11 5 19 8
63 225 1 1 1 3 16 12
64 229 4 4 2 2 13 9 6 13 13 7 13 13 5 14 11
65 231 2 2 2 8 14 11 6 16 10
66 232 2 2 1 4 10 9 6 10 10
67 235 6 2 4 2 13 10 2 14 8 8 14 10 2 17 10 8 17 11 8 18 6
68 236 3 3 1 3 19 11 4 19 8 8 19 12
69 238 3 3 1 3 17 12 5 17 8 8 17 13
70 245 6 6 1 0 13 10 1 13 13 4 13 10 5 13 11 7 13 8 9 13 10
71 247 18 6 6 6 13 14 7 13 15 8 13 12 5 14 11 1 15 6 5 17 10 6 17 12 8 17 12 9 17 10 1 18 12 6 18 10 7 18 10 8 18 14 9 18 9 1 19 14 5 19 11 7 19 9 9 19 11
72 253 4 4 1 1 19 10 3 19 12 6 19 10 8 19 14
73 257 12 6 4 4 11 9 8 11 8 3 13 12 6 13 11 7 13 11 8 13 10 9 13 11 7 14 8 3 15 10 4 15 8 6 15 9 9 15 12
74 258 4 4 1 0 17 12 1 17 10 3 17 11 9 17 11
75 264 60 6 10 1 10 12 2 10 14 4 10 12 5 10 11 7 10 12 8 10 12 1 11 13 2 11 13 4 11 12 5 11 11 7 11 10 8 11 10 1 12 10 2 12 8 4 12 12 5 12 12 7 12 10 8 12 9 1 13 9 2 13 8 4 13 9 5 13 10 7 13 11 8 13 7 1 14 13 2 14 11 4 14 7 5 14 9 7 14 11 8 14 13 1 15 9 2 15 11 4 15 12 5 15 10 7 15 13 8 15 11 1 16 12 2 16 8 4 16 14 5 16 11 7 16 16 8 16 10 1 17 11 2 17 12 4 17 14 5 17 8 7 17 11 8 17 12 1 18 11 2 18 10 4 18 12 5 18 8 7 18 8 8 18 9 1 19 13 2 19 13 4 19 10 5 19 15 7 19 7 8 19 12
76 270 12 4 5 7 10 12 2 12 13 9 12 11 1 16 10 2 16 9 7 16 13 9 16 13 1 18 9 7 18 12 9 18 11 1 19 6 2 19 8
77 275 18 6 6 1 11 8 7 11 14 2 12 11 4 12 10 6 12 10 8 12 9 1 13 14 2 13 13 4 13 10 6 13 10 8 13 10 1 15 9 2 15 12 6 15 10 4 16 11 7 16 15 7 19 12 8 19 11
78 276 60 6 10 0 10 9 1 10 13 2 10 15 3 10 13 4 10 11 5 10 8 0 11 10 1 11 10 2 11 10 3 11 11 4 11 7 5 11 10 0 12 9 1 12 12 2 12 10 3 12 12 4 12 10 5 12 14 0 13 9 1 13 11 2 13 15 3 13 10 4 13 10 5 13 11 0 14 12 1 14 10 2 14 9 3 14 11 4 14 10 5 14 10 0 15 7 1 15 12 2 15 13 3 15 7 4 15 11 5 15 8 0 16 8 1 16 13 2 16 10 3 16 5 4 16 12 5 16 11 0 17 11 1 17 13 2 17 11 3 17 12 4 17 9 5 17 9 0 18 6 1 18 12 2 18 7 3 18 9 4 18 10 5 18 11 0 19 11 1 19 13 2 19 9 3 19 10 4 19 16 5 19 14
79 277 18 6 6 0 10 11 9 10 9 6 12 13 7 12 13 0 15 8 4 15 8 5 15 12 6 15 10 7 15 11 5 17 12 9 17 11 0 18 10 4 18 10 7 18 9 4 19 9 5 19 12 6 19 8 9 19 11
80 282 54 6 10 0 10 9 3 10 11 4 10 12 6 10 12 8 10 9 9 10 6 0 11 10 3 11 16 8 11 10 0 12 12 3 12 10 4 12 12 6 12 12 9 12 12 0 13 13 3 13 12 4 13 9 6 13 10 8 13 11 9 13 12 0 14 11 3 14 11 4 14 10 6 14 10 8 14 9 9 14 9 0 15 9 3 15 13 4 15 11 6 15 7 8 15 10 9 15 11 3 16 14 4 16 12 6 16 10 8 16 10 9 16 9 0 17 11 3 17 9 4 17 14 6 17 12 8 17 8 9 17 12 0 18 7 3 18 13 4 18 10 6 18 9 8 18 11 9 18 9 0 19 13 4 19 10 6 19 6 8 19 9 9 19 10
81 288 8 4 3 0 11 7 1 11 10 1 18 10 2 18 9 8 18 11 0 19 8 2 19 13 8 19 13
82 291 4 4 1 0 11 11 1 11 10 4 11 11 9 11 12
83 298 60 6 10 0 10 11 2 10 11 5 10 11 6 10 12 7 10 12 9 10 9 0 11 9 2 11 12 5 11 11 6 11 11 7 11 12 9 11 10 0 12 11 2 12 9 5 12 7 6 12 11 7 12 12 9 12 12 0 13 10 2 13 11 5 13 11 6 13 14 7 13 11 9 13 10 0 14 13 2 14 14 5 14 11 6 14 8 7 14 12 9 14 7 0 15 10 2 15 9 5 15 11 6 15 10 7 15 12 9 15 9 0 16 12 2 16 8 5 16 10 6 16 11 7 16 8 9 16 10 0 17 10 2 17 7 5 17 13 6 17 9 7 17 10 9 17 14 0 18 8 2 18 8 5 18 11 6 18 13 7 18 11 9 18 8 0 19 11 2 19 14 5 19 11 6 19 10 7 19 14 9 19 14
84 299 2 2 2 8 11 12 9 18 11
85 305 15 5 5 3 11 13 4 11 10 7 11 9 8 11 10 2 14 12 4 14 14 7 14 10 2 17 10 3 17 13 7 17 11 8 17 11 2 18 11 3 19 11 4 19 15 8 19 8
86 306 12 6 4 2 12 9 5 12 15 8 12 12 9 12 10 0 14 11 3 14 13 5 14 8 8 14 9 2 16 7 3 16 10 9 16 9 0 19 7
87 312 10 1 10 9 10 8 9 11 9 9 12 10 9 13 7 9 14 12 9 15 11 9 16 8 9 17 8 9 18 8 9 19 10
88 313 1 1 1 5 14 10
89 314 18 6 5 1 10 9 2 10 11 8 10 12 9 10 12 0 12 8 1 12 11 8 12 9 2 14 11 3 14 9 0 16 12 2 16 10 3 16 8 9 16 9 0 17 9 1 17 9 3 17 11 8 17 10 9 17 7
90 319 1 1 1 8 14 11
91 325 24 6 7 1 12 9 2 12 8 3 12 12 5 12 10 7 12 12 1 13 10 3 13 11 5 13 10 7 13 11 2 14 10 3 14 12 6 14 8 3 15 12 7 15 15 2 16 8 5 16 10 6 16 6 7 16 9 1 17 12 5 17 9 6 17 8 1 18 11 2 18 11 6 18 8
92 334 24 6 7 0 10 10 2 10 11 4 10 12 9 10 11 1 13 11 3 13 8 4 13 10 0 14 11 1 14 13 9 14 13 0 15 10 1 15 13 2 15 9 3 15 10 9 15 9 0 16 13 3 16 7 4 16 8 9 16 11 2 18 12 4 18 14 1 19 10 2 19 12 3 19 9
93 337 24 6 7 2 11 11 5 11 7 9 11 10 1 12 8 8 12 11 9 12 13 0 14 8 1 14 9 2 14 11 5 14 10 0 15 12 1 15 17 2 15 12 1 17 11 5 17 9 8 17 12 9 17 11 0 18 9 8 18 11 9 18 11 0 19 10 2 19 14 5 19 12 8 19 11
94 342 6 6 2 0 12 11 2 12 11 3 13 6 4 13 9 6 13 8 7 13 9
95 343 3 3 2 9 11 11 0 12 13 3 12 9
96 344 3 3 1 3 16 14 7 16 10 9 16 10
97 354 1 1 1 8 15 11
98 356 2 2 2 6 10 10 7 16 11
99 359 1 1 1 9 19 10
