20 100
0 0 10 1 10 6 10 9 6 11 10 6 12 9 6 13 10 6 14 14 6 15 9 6 16 10 6 17 11 6 18 9 6 19 10
1 2 5 5 2 3 14 9 6 14 12 7 14 12 5 18 10 8 18 6
2 4 6 6 2 2 10 10 8 10 15 1 12 10 3 12 13 4 12 13 9 12 9
3 8 12 6 5 4 10 10 5 10 10 6 10 10 9 10 13 2 12 10 4 12 13 9 12 9 5 14 13 0 15 9 2 15 10 0 19 6 6 19 9
4 10 8 4 3 1 10 10 3 10 11 0 14 9 1 14 9 7 14 8 0 17 8 3 17 10 7 17 13
5 11 60 6 10 1 10 7 2 10 15 3 10 11 6 10 11 7 10 11 8 10 9 1 11 10 2 11 14 3 11 11 6 11 8 7 11 8 8 11 12 1 12 10 2 12 10 3 12 7 6 12 9 7 12 11 8 12 13 1 13 9 2 13 10 3 13 9 6 13 8 7 13 8 8 13 12 1 14 11 2 14 11 3 14 8 6 14 12 7 14 8 8 14 8 1 15 14 2 15 10 3 15 7 6 15 11 7 15 10 8 15 8 1 16 10 2 16 9 3 16 9 6 16 10 7 16 11 8 16 10 1 17 9 2 17 11 3 17 13 6 17 11 7 17 9 8 17 9 1 18 10 2 18 9 3 18 10 6 18 13 7 18 7 8 18 8 1 19 14 2 19 8 3 19 12 6 19 12 7 19 7 8 19 10
6 13 1 1 1 8 10 9
7 14 3 3 2 5 17 12 1 19 9 3 19 12
8 17 1 1 1 7 19 12
9 20 6 6 1 3 13 8 4 13 9 5 13 10 6 13 10 7 13 11 8 13 15
10 24 42 6 10 0 10 13 3 10 10 6 10 8 7 10 10 0 11 12 5 11 14 5 12 12 6 12 10 7 12 10 8 12 12 5 13 10 7 13 10 0 14 9 3 14 12 6 14 9 8 14 10 0 15 12 3 15 12 6 15 10 7 15 10 8 15 14 3 16 10 5 16 9 6 16 12 7 16 10 8 16 11 0 17 10 3 17 11 5 17 10 7 17 12 8 17 11 0 18 9 3 18 10 5 18 13 6 18 12 8 18 7 0 19 9 3 19 11 5 19 7 6 19 11 7 19 12 8 19 8
11 27 6 6 1 1 19 11 2 19 11 4 19 13 5 19 8 7 19 6 8 19 12
12 28 8 4 3 2 10 11 6 10 12 8 10 11 9 10 10 2 11 11 6 11 10 8 11 9 9 12 11
13 42 3 3 1 0 19 7 2 19 12 3 19 12
14 43 6 3 3 4 12 10 6 12 9 0 13 12 6 13 8 0 14 6 4 14 11
15 45 6 6 1 0 13 11 1 13 10 2 13 11 3 13 11 4 13 13 6 13 10
16 46 9 3 4 1 13 10 3 13 12 3 14 12 6 14 12 1 17 17 6 17 10 1 18 10 3 18 13 6 18 7
17 47 12 6 4 2 10 12 4 10 10 5 10 14 9 10 13 2 13 14 3 13 11 4 13 11 7 13 10 9 13 14 5 16 10 3 19 10 7 19 12
18 52 4 4 1 1 16 10 2 16 13 5 16 9 9 16 5
19 57 10 1 10 4 10 11 4 11 11 4 12 12 4 13 10 4 14 11 4 15 10 4 16 8 4 17 11 4 18 12 4 19 9
20 59 3 3 1 0 11 10 2 11 10 9 11 9
21 67 18 6 6 5 11 10 6 11 6 0 13 10 5 13 10 8 13 9 9 13 9 8 14 9 0 15 12 3 15 9 6 15 10 9 15 11 3 16 12 5 16 13 9 16 12 0 19 5 3 19 8 6 19 12 8 19 10
22 68 1 1 1 8 14 10
23 71 18 6 6 4 11 10 5 11 8 6 11 11 0 12 11 1 12 11 3 12 12 5 12 8 0 13 11 1 14 13 3 14 10 4 14 9 0 16 10 1 16 9 5 16 14 6 16 7 3 17 10 4 17 13 6 17 12
24 80 12 6 4 0 10 8 1 10 10 3 10 13 4 10 12 5 10 10 6 10 8 0 12 11 4 12 11 3 13 11 5 13 11 1 19 8 6 19 6
25 86 1 1 1 3 10 11
26 89 60 6 10 1 10 12 2 10 9 3 10 11 4 10 13 6 10 13 9 10 11 1 11 11 2 11 11 3 11 12 4 11 12 6 11 8 9 11 13 1 12 11 2 12 9 3 12 12 4 12 8 6 12 15 9 12 9 1 13 11 2 13 10 3 13 7 4 13 11 6 13 10 9 13 11 1 14 10 2 14 12 3 14 13 4 14 9 6 14 11 9 14 8 1 15 11 2 15 11 3 15 12 4 15 12 6 15 7 9 15 8 1 16 10 2 16 11 3 16 11 4 16 12 6 16 12 9 16 11 1 17 12 2 17 8 3 17 11 4 17 14 6 17 11 9 17 11 1 18 14 2 18 15 3 18 10 4 18 8 6 18 7 9 18 12 1 19 12 2 19 12 3 19 9 4 19 12 6 19 13 9 19 9
27 90 4 4 2 4 12 8 6 12 9 5 15 7 9 15 8
28 91 1 1 1 1 14 10
29 95 4 4 1 4 14 12 5 14 16 7 14 8 9 14 9
30 101 6 6 1 1 19 9 2 19 8 4 19 12 6 19 10 7 19 10 9 19 8
31 107 1 1 1 8 14 9
32 114 2 2 2 9 10 9 5 18 10
33 120 3 3 1 1 17 14 3 17 8 7 17 8
34 125 5 5 2 0 11 14 1 11 10 2 11 12 8 11 14 6 18 7
35 127 20 2 10 2 10 11 9 10 12 2 11 10 9 11 10 2 12 9 9 12 11 2 13 14 9 13 9 2 14 10 9 14 10 2 15 14 9 15 9 2 16 12 9 16 15 2 17 12 9 17 10 2 18 9 9 18 10 2 19 14 9 19 13
36 132 3 3 2 3 13 8 6 13 12 7 17 7
37 135 12 6 4 2 10 10 4 10 11 5 10 12 6 10 8 5 11 11 7 11 13 2 14 9 3 14 10 7 14 12 3 18 11 4 18 11 6 18 13
38 137 4 4 2 1 10 10 2 10 12 5 10 8 9 14 9
39 140 2 2 1 4 14 9 8 14 12
40 146 6 6 2 0 11 10 6 11 10 7 11 13 1 16 11 5 16 12 9 16 9
41 149 10 1 10 7 10 10 7 11 8 7 12 12 7 13 12 7 14 9 7 15 13 7 16 11 7 17 12 7 18 8 7 19 13
42 155 1 1 1 7 15 10
43 156 12 6 4 5 12 10 7 12 10 3 13 8 4 13 11 5 13 12 6 13 10 0 15 11 6 15 11 7 15 10 0 16 7 3 16 10 4 16 13
44 159 3 3 1 0 19 10 5 19 12 6 19 7
45 160 6 6 2 7 12 6 0 16 10 1 16 7 2 16 9 5 16 10 9 16 10
46 161 6 6 2 2 11 9 3 11 10 4 11 13 0 16 10 1 16 14 9 16 12
47 163 2 2 2 0 12 13 2 14 11
48 166 6 6 1 0 13 9 1 13 12 2 13 11 5 13 11 7 13 11 8 13 11
49 167 2 2 1 6 17 14 8 17 9
50 169 24 6 7 6 11 14 7 11 13 8 11 10 0 12 10 2 12 8 6 13 11 7 13 12 8 13 9 0 14 10 1 14 14 2 14 11 6 14 12 8 14 9 0 15 8 1 15 16 6 15 12 0 17 13 1 17 11 2 17 7 7 17 12 8 17 15 1 18 11 2 18 10 7 18 12
51 170 1 1 1 0 19 12
52 176 6 6 2 3 17 11 4 17 13 7 17 12 9 17 11 0 18 14 1 18 13
53 177 12 6 3 0 14 10 1 14 12 2 14 9 6 14 11 0 15 6 2 15 8 3 15 11 4 15 13 1 16 11 3 16 11 4 16 11 6 16 11
54 184 24 6 6 0 10 9 2 10 10 4 10 11 5 10 13 7 10 12 0 11 12 2 11 14 3 11 12 4 11 10 5 11 10 7 11 10 0 12 13 2 12 8 7 12 10 0 13 9 2 13 12 3 13 10 4 13 9 5 13 6 3 14 12 5 14 12 3 17 10 4 17 12 7 17 14
55 188 6 6 1 0 11 9 1 11 13 2 11 13 3 11 10 5 11 15 7 11 10
56 189 6 6 1 1 18 10 2 18 9 5 18 12 6 18 11 8 18 10 9 18 9
57 193 3 3 2 4 17 10 8 17 11 0 19 8
58 198 1 1 1 7 18 9
59 204 6 6 2 1 12 10 6 12 10 0 13 8 3 13 12 5 13 10 7 13 9
60 206 18 6 5 0 11 12 2 11 11 5 11 12 6 11 8 7 11 10 9 11 12 2 13 10 9 13 8 0 14 11 5 14 9 6 14 8 7 14 8 9 14 8 0 15 12 6 15 12 7 15 14 2 18 9 5 18 11
61 208 2 2 2 2 12 10 0 14 12
62 219 3 3 1 0 17 13 5 17 9 9 17 8
63 225 6 6 1 1 12 11 2 12 9 3 12 9 4 12 9 5 12 13 8 12 10
64 229 6 6 3 9 13 12 5 14 9 7 14 9 8 14 7 0 19 10 3 19 10
65 231 12 4 4 0 13 10 1 13 11 6 13 12 0 14 8 2 14 10 6 14 9 1 17 9 2 17 10 0 18 10 1 18 11 2 18 8 6 18 12
66 232 3 3 2 2 14 9 1 15 12 7 15 10
67 235 2 2 1 4 11 7 8 11 8
68 236 3 3 1 4 11 9 8 11 13 9 11 10
69 238 60 6 10 0 10 11 1 10 12 2 10 14 3 10 11 7 10 10 8 10 9 0 11 9 1 11 11 2 11 13 3 11 9 7 11 12 8 11 13 0 12 11 1 12 8 2 12 10 3 12 10 7 12 9 8 12 12 0 13 9 1 13 9 2 13 11 3 13 9 7 13 6 8 13 10 0 14 10 1 14 9 2 14 11 3 14 9 7 14 11 8 14 12 0 15 12 1 15 12 2 15 12 3 15 9 7 15 10 8 15 9 0 16 8 1 16 9 2 16 10 3 16 13 7 16 10 8 16 14 0 17 11 1 17 15 2 17 11 3 17 10 7 17 9 8 17 11 0 18 11 1 18 13 2 18 15 3 18 15 7 18 14 8 18 10 0 19 12 1 19 9 2 19 7 3 19 12 7 19 10 8 19 10
70 245 1 1 1 6 12 16
71 247 1 1 1 7 14 13
72 253 6 6 1 0 16 10 1 16 9 3 16 11 4 16 10 8 16 13 9 16 9
73 257 2 1 2 3 10 9 3 16 14
74 258 2 2 1 3 10 11 6 10 10
75 264 2 2 1 7 15 12 8 15 9
76 270 6 6 1 0 19 6 2 19 9 5 19 12 7 19 13 8 19 8 9 19 14
77 275 1 1 1 0 10 8
78 276 1 1 1 2 18 9
79 277 12 6 4 0 10 9 4 10 10 5 10 9 8 10 10 1 16 12 4 16 13 0 17 9 7 17 10 8 17 13 1 19 11 5 19 11 7 19 9
80 282 12 3 6 3 10 8 3 11 11 4 11 10 6 11 12 3 12 10 6 12 14 3 14 14 4 14 8 6 14 10 4 17 8 4 19 10 6 19 13
81 288 12 3 6 7 12 9 8 12 11 3 14 9 7 14 12 8 15 10 3 16 12 3 18 12 7 18 14 8 18 10 3 19 13 7 19 11 8 19 11
82 291 6 6 3 7 10 15 0 11 6 3 11 10 2 13 12 6 13 14 8 13 7
83 298 1 1 1 9 19 9
84 299 15 5 6 3 11 10 4 11 11 9 11 15 2 13 10 7 13 12 9 13 14 2 15 11 4 15 7 7 15 10 4 17 11 3 18 12 7 18 9 2 19 13 3 19 7 9 19 13
85 305 10 1 10 8 10 11 8 11 13 8 12 11 8 13 10 8 14 11 8 15 12 8 16 12 8 17 12 8 18 11 8 19 10
86 306 18 6 5 1 12 8 2 12 11 3 12 13 4 12 7 6 12 9 8 12 13 1 13 11 2 13 9 3 13 11 3 14 11 4 14 8 6 14 14 2 18 13 4 18 8 6 18 6 8 18 14 1 19 10 8 19 9
87 312 6 6 2 2 16 14 5 16 14 6 16 12 9 16 10 0 17 10 4 17 15
88 313 1 1 1 6 15 9
89 314 60 6 10 1 10 12 4 10 10 5 10 10 6 10 9 8 10 7 9 10 8 1 11 10 4 11 11 5 11 11 6 11 13 8 11 11 9 11 12 1 12 13 4 12 10 5 12 14 6 12 5 8 12 9 9 12 10 1 13 9 4 13 11 5 13 11 6 13 9 8 13 8 9 13 12 1 14 11 4 14 16 5 14 15 6 14 14 8 14 10 9 14 13 1 15 10 4 15 14 5 15 15 6 15 10 8 15 13 9 15 15 1 16 12 4 16 8 5 16 12 6 16 9 8 16 9 9 16 11 1 17 16 4 17 10 5 17 7 6 17 13 8 17 9 9 17 9 1 18 11 4 18 9 5 18 10 6 18 9 8 18 11 9 18 13 1 19 11 4 19 11 5 19 14 6 19 9 8 19 10 9 19 15
90 319 12 4 5 3 13 8 6 13 9 9 13 10 0 14 9 3 14 7 0 16 11 0 18 10 6 18 11 9 18 15 3 19 11 6 19 11 9 19 14
91 325 2 2 1 6 12 12 7 12 12
92 334 12 6 4 2 13 14 5 13 10 7 13 12 3 14 10 4 14 8 5 14 12 7 14 8 1 15 8 3 15 10 4 15 13 1 16 9 2 16 11
93 337 4 4 1 2 15 8 4 15 9 7 15 11 9 15 13
94 342 18 6 6 9 10 10 0 11 8 3 11 10 5 11 13 8 11 8 9 11 10 3 13 12 5 13 9 9 13 9 3 15 10 7 15 9 8 15 11 0 17 11 7 17 13 0 19 8 5 19 9 7 19 10 8 19 13
95 343 60 6 10 0 10 9 1 10 9 3 10 12 4 10 12 6 10 8 8 10 11 0 11 10 1 11 12 3 11 11 4 11 9 6 11 12 8 11 9 0 12 14 1 12 10 3 12 9 4 12 10 6 12 7 8 12 11 0 13 9 1 13 8 3 13 12 4 13 9 6 13 11 8 13 14 0 14 10 1 14 9 3 14 12 4 14 9 6 14 10 8 14 9 0 15 11 1 15 13 3 15 8 4 15 10 6 15 11 8 15 10 0 16 12 1 16 7 3 16 12 4 16 10 6 16 11 8 16 8 0 17 12 1 17 10 3 17 13 4 17 12 6 17 8 8 17 12 0 18 9 1 18 12 3 18 13 4 18 12 6 18 8 8 18 7 0 19 17 1 19 12 3 19 8 4 19 10 6 19 10 8 19 9
96 344 12 3 6 5 11 10 7 11 12 9 11 11 5 12 13 5 13 8 7 13 11 9 14 9 5 16 12 7 16 11 9 16 10 7 19 8 9 19 12
97 354 20 2 10 1 10 11 3 10 14 1 11 10 3 11 11 1 12 8 3 12 9 1 13 10 3 13 9 1 14 10 3 14 11 1 15 8 3 15 14 1 16 9 3 16 9 1 17 7 3 17 10 1 18 12 3 18 13 1 19 14 3 19 9
98 356 1 1 1 2 13 13
99 359 15 5 5 0 12 12 4 12 10 7 12 9 9 12 12 0 13 10 6 13 11 7 13 10 4 15 12 6 15 10 9 15 4 0 18 10 4 18 11 6 19 11 7 19 10 9 19 10
