20 100
0 0 6 6 1 0 18 10 1 18 13 3 18 10 4 18 10 6 18 11 7 18 14
1 2 60 6 10 2 10 8 3 10 11 5 10 10 6 10 8 7 10 10 8 10 16 2 11 9 3 11 10 5 11 13 6 11 11 7 11 12 8 11 10 2 12 10 3 12 7 5 12 14 6 12 9 7 12 10 8 12 8 2 13 11 3 13 9 5 13 13 6 13 10 7 13 12 8 13 10 2 14 10 3 14 12 5 14 10 6 14 11 7 14 8 8 14 10 2 15 7 3 15 11 5 15 14 6 15 13 7 15 9 8 15 9 2 16 12 3 16 13 5 16 10 6 16 13 7 16 14 8 16 8 2 17 11 3 17 11 5 17 8 6 17 7 7 17 12 8 17 8 2 18 9 3 18 8 5 18 10 6 18 10 7 18 10 8 18 10 2 19 9 3 19 10 5 19 9 6 19 7 7 19 13 8 19 9
2 4 3 3 1 1 12 11 2 12 13 7 12 11
3 8 3 3 2 7 10 12 4 18 10 8 18 11
4 10 2 2 2 7 13 12 6 18 9
5 11 1 1 1 3 15 10
6 13 1 1 1 6 16 8
7 14 30 3 10 0 10 12 4 10 8 6 10 7 0 11 9 4 11 14 6 11 12 0 12 13 4 12 8 6 12 8 0 13 12 4 13 11 6 13 4 0 14 6 4 14 10 6 14 9 0 15 12 4 15 12 6 15 11 0 16 12 4 16 10 6 16 5 0 17 8 4 17 9 6 17 9 0 18 9 4 18 11 6 18 9 0 19 10 4 19 11 6 19 13
8 17 12 6 5 3 10 10 5 10 12 8 10 8 9 10 9 3 12 11 4 12 9 7 12 7 8 12 8 9 12 11 7 15 7 5 16 14 4 17 9
9 20 6 6 2 3 12 8 9 12 11 0 17 11 2 17 12 6 17 10 7 17 6
10 24 1 1 1 5 18 9
11 27 2 2 1 1 19 7 5 19 9
12 28 12 6 4 0 10 11 2 10 8 5 10 12 7 10 12 0 12 11 1 12 11 5 12 10 9 12 9 1 14 10 7 14 14 2 17 10 9 17 10
13 42 12 6 3 1 10 9 8 10 10 2 13 12 4 13 9 5 13 11 7 13 9 1 16 13 2 16 8 4 16 10 5 16 8 7 16 8 8 16 6
14 43 6 3 3 3 11 9 6 11 14 1 14 10 6 14 9 1 16 10 3 16 13
15 45 18 6 5 0 12 11 1 12 9 3 12 10 4 12 9 7 12 8 8 12 13 0 13 12 3 13 9 7 13 7 8 13 14 1 15 10 3 15 9 4 15 10 7 15 9 8 15 8 1 17 9 0 19 11 4 19 9
16 46 60 6 10 0 10 11 1 10 11 3 10 13 6 10 13 7 10 10 9 10 8 0 11 9 1 11 11 3 11 9 6 11 12 7 11 13 9 11 9 0 12 8 1 12 10 3 12 11 6 12 9 7 12 12 9 12 9 0 13 10 1 13 10 3 13 11 6 13 9 7 13 13 9 13 12 0 14 9 1 14 9 3 14 13 6 14 10 7 14 10 9 14 13 0 15 11 1 15 9 3 15 12 6 15 10 7 15 12 9 15 9 0 16 12 1 16 16 3 16 11 6 16 11 7 16 12 9 16 12 0 17 11 1 17 10 3 17 11 6 17 8 7 17 14 9 17 10 0 18 13 1 18 9 3 18 7 6 18 12 7 18 10 9 18 9 0 19 9 1 19 11 3 19 11 6 19 8 7 19 10 9 19 11
17 47 12 6 4 0 10 14 1 10 15 2 10 11 4 10 12 9 10 12 2 11 12 7 11 8 9 11 13 1 15 11 4 15 11 7 15 11 0 17 14
18 52 24 6 7 1 10 11 2 10 13 6 10 12 7 10 11 9 10 12 3 11 10 3 14 10 6 14 13 7 14 11 9 14 12 1 15 9 6 15 14 7 15 8 1 16 10 2 16 9 7 16 9 1 17 11 2 17 6 3 17 10 6 17 9 9 17 13 2 19 9 3 19 10 9 19 9
19 57 1 1 1 1 17 10
20 59 1 1 1 9 10 10
21 67 4 4 1 0 15 7 3 15 12 4 15 10 5 15 12
22 68 4 4 1 1 14 9 4 14 12 5 14 9 8 14 7
23 71 3 3 2 4 10 14 5 10 11 2 11 14
24 80 2 2 1 3 15 9 6 15 9
25 86 12 4 5 1 10 10 5 10 12 8 10 10 1 12 11 4 12 12 5 12 12 8 12 11 4 14 13 5 15 3 1 16 8 4 16 10 8 16 10
26 89 18 6 5 5 10 11 6 10 9 9 10 11 0 11 9 1 11 11 8 11 8 5 13 8 6 13 13 8 13 12 0 16 9 1 16 11 5 16 7 6 16 9 9 16 10 0 17 9 1 17 14 8 17 9 9 17 15
27 90 2 2 1 8 19 10 9 19 13
28 91 2 2 1 1 10 12 3 10 14
29 95 6 6 1 0 13 7 1 13 12 2 13 9 3 13 15 4 13 10 5 13 8
30 101 60 6 10 0 10 13 2 10 12 5 10 13 6 10 10 7 10 11 9 10 8 0 11 9 2 11 12 5 11 11 6 11 9 7 11 10 9 11 12 0 12 10 2 12 14 5 12 15 6 12 13 7 12 10 9 12 12 0 13 10 2 13 11 5 13 12 6 13 8 7 13 10 9 13 10 0 14 12 2 14 10 5 14 8 6 14 13 7 14 12 9 14 11 0 15 11 2 15 7 5 15 10 6 15 11 7 15 10 9 15 14 0 16 7 2 16 12 5 16 10 6 16 11 7 16 9 9 16 13 0 17 9 2 17 8 5 17 12 6 17 10 7 17 11 9 17 13 0 18 15 2 18 7 5 18 9 6 18 13 7 18 8 9 18 9 0 19 9 2 19 9 5 19 7 6 19 11 7 19 7 9 19 14
31 107 60 6 10 1 10 9 2 10 13 4 10 16 7 10 9 8 10 11 9 10 14 1 11 7 2 11 15 4 11 11 7 11 10 8 11 15 9 11 8 1 12 13 2 12 6 4 12 11 7 12 14 8 12 10 9 12 8 1 13 12 2 13 9 4 13 12 7 13 12 8 13 11 9 13 10 1 14 10 2 14 11 4 14 11 7 14 12 8 14 10 9 14 12 1 15 11 2 15 10 4 15 8 7 15 11 8 15 11 9 15 9 1 16 10 2 16 13 4 16 10 7 16 12 8 16 12 9 16 7 1 17 10 2 17 11 4 17 9 7 17 13 8 17 10 9 17 5 1 18 10 2 18 10 4 18 10 7 18 8 8 18 12 9 18 11 1 19 10 2 19 8 4 19 9 7 19 13 8 19 10 9 19 12
32 114 12 4 5 4 12 10 5 14 10 5 15 9 6 15 11 7 15 7 4 17 11 6 17 13 7 17 9 4 19 11 5 19 14 6 19 15 7 19 11
33 120 18 6 6 1 10 14 6 10 10 8 10 9 0 11 10 1 11 10 7 11 10 0 12 11 1 12 11 3 12 7 7 12 10 8 12 12 0 16 8 3 16 9 6 16 14 6 17 9 7 17 8 3 18 10 8 18 12
34 125 2 2 1 3 17 11 6 17 8
35 127 1 1 1 2 18 12
36 132 30 3 10 0 10 10 4 10 9 8 10 10 0 11 5 4 11 11 8 11 12 0 12 12 4 12 9 8 12 10 0 13 11 4 13 8 8 13 11 0 14 10 4 14 10 8 14 11 0 15 12 4 15 10 8 15 10 0 16 11 4 16 8 8 16 8 0 17 14 4 17 12 8 17 12 0 18 12 4 18 9 8 18 8 0 19 13 4 19 12 8 19 9
37 135 12 6 4 1 12 11 0 13 9 3 13 9 5 13 9 7 13 12 8 13 9 0 17 11 1 17 14 3 18 7 5 18 13 7 18 13 8 18 12
38 137 50 5 10 0 10 9 1 10 13 2 10 13 5 10 9 7 10 13 0 11 13 1 11 12 2 11 11 5 11 13 7 11 11 0 12 12 1 12 10 2 12 10 5 12 11 7 12 11 0 13 14 1 13 12 2 13 13 5 13 10 7 13 12 0 14 11 1 14 12 2 14 12 5 14 11 7 14 9 0 15 13 1 15 11 2 15 11 5 15 5 7 15 8 0 16 6 1 16 10 2 16 13 5 16 10 7 16 12 0 17 12 1 17 12 2 17 8 5 17 9 7 17 11 0 18 8 1 18 12 2 18 11 5 18 10 7 18 11 0 19 8 1 19 11 2 19 11 5 19 12 7 19 6
39 140 3 3 1 2 18 13 5 18 11 7 18 9
40 146 6 6 1 1 10 9 3 10 12 4 10 14 5 10 8 7 10 11 9 10 9
41 149 3 3 1 4 10 7 5 10 12 7 10 6
42 155 18 6 4 0 10 12 2 10 10 3 10 12 6 10 12 2 13 10 6 13 8 8 13 7 9 13 9 0 14 9 3 14 11 6 14 8 8 14 12 9 14 8 0 18 12 2 18 9 3 18 9 8 18 11 9 18 12
43 156 30 3 10 2 10 9 6 10 11 7 10 13 2 11 9 6 11 10 7 11 13 2 12 9 6 12 8 7 12 11 2 13 14 6 13 12 7 13 13 2 14 8 6 14 11 7 14 12 2 15 12 6 15 9 7 15 13 2 16 8 6 16 10 7 16 11 2 17 11 6 17 10 7 17 12 2 18 13 6 18 15 7 18 11 2 19 11 6 19 8 7 19 11
44 159 6 3 3 1 12 9 5 12 9 1 16 11 9 16 11 5 17 11 9 17 9
45 160 6 6 1 1 11 8 2 11 11 4 11 11 6 11 12 7 11 10 8 11 10
46 161 12 6 4 3 10 10 5 10 9 8 10 10 1 12 12 3 12 13 5 12 9 6 12 9 6 17 9 7 17 14 1 18 10 7 18 11 8 18 14
47 163 4 4 1 0 11 12 3 11 8 4 11 7 9 11 12
48 166 6 6 1 0 10 13 1 10 9 2 10 10 4 10 9 7 10 12 8 10 7
49 167 15 5 4 4 11 13 5 11 8 7 11 11 8 11 13 9 11 12 4 16 12 5 16 9 7 16 8 4 17 14 5 17 12 8 17 11 9 17 10 7 18 14 8 18 9 9 18 10
50 169 18 6 6 1 10 13 6 10 15 8 10 10 1 12 9 3 14 10 5 14 6 6 14 10 8 14 14 1 15 10 6 15 10 7 15 7 8 15 13 3 16 8 5 16 9 7 16 11 3 17 7 5 17 11 7 17 11
51 170 4 4 1 0 13 9 1 13 12 5 13 12 6 13 12
52 176 3 3 1 0 18 11 1 18 13 6 18 11
53 177 2 2 1 0 16 8 4 16 11
54 184 6 6 1 0 11 12 2 11 12 3 11 14 4 11 11 5 11 13 6 11 9
55 188 1 1 1 3 10 14
56 189 2 2 1 2 17 12 6 17 10
57 193 1 1 1 8 19 12
58 198 40 4 10 0 10 10 1 10 10 7 10 14 8 10 13 0 11 12 1 11 7 7 11 8 8 11 14 0 12 13 1 12 12 7 12 14 8 12 12 0 13 13 1 13 12 7 13 10 8 13 11 0 14 6 1 14 11 7 14 9 8 14 11 0 15 10 1 15 14 7 15 13 8 15 8 0 16 9 1 16 13 7 16 13 8 16 10 0 17 13 1 17 13 7 17 8 8 17 11 0 18 13 1 18 12 7 18 14 8 18 13 0 19 9 1 19 12 7 19 10 8 19 11
59 204 4 4 2 1 10 12 0 18 13 4 18 14 5 18 11
60 206 1 1 1 0 16 11
61 208 2 2 1 1 10 10 5 10 12
62 219 8 4 4 1 13 8 4 13 10 9 13 11 2 14 9 4 15 8 9 15 7 1 19 12 2 19 13
63 225 12 4 4 0 10 10 2 10 12 7 10 9 0 12 12 2 12 13 9 12 9 0 15 9 7 15 8 9 15 9 2 19 8 7 19 12 9 19 13
64 229 18 6 5 0 11 10 3 11 10 8 11 11 9 11 14 0 14 11 1 14 7 6 14 10 9 14 12 0 15 6 1 15 10 3 15 11 6 15 9 8 15 12 9 15 13 1 18 7 3 18 5 6 18 11 8 19 10
65 231 2 2 1 4 10 11 6 10 8
66 232 3 3 1 1 19 11 3 19 10 9 19 14
67 235 6 6 1 1 16 8 3 16 8 6 16 13 7 16 10 8 16 12 9 16 13
68 236 2 2 1 2 18 12 5 18 10
69 238 3 3 2 2 12 10 5 12 9 4 16 12
70 245 24 6 7 1 10 9 8 10 14 3 11 13 5 11 10 8 11 12 9 11 12 1 12 10 2 12 8 5 12 11 1 13 12 3 13 9 5 13 11 2 15 10 3 15 7 8 15 15 9 15 12 1 16 8 2 16 6 8 16 10 9 16 12 2 19 10 3 19 15 5 19 9 9 19 7
71 247 2 2 1 3 14 12 5 14 10
72 253 6 6 1 0 15 12 1 15 8 3 15 8 5 15 10 6 15 10 7 15 11
73 257 1 1 1 8 13 12
74 258 2 2 1 1 17 11 2 17 10
75 264 2 2 1 6 13 11 7 13 11
76 270 6 3 2 0 12 10 2 12 11 9 12 9 0 17 7 2 17 11 9 17 9
77 275 1 1 1 1 17 9
78 276 60 6 10 1 10 10 2 10 10 4 10 11 5 10 9 6 10 9 7 10 10 1 11 9 2 11 11 4 11 11 5 11 18 6 11 11 7 11 9 1 12 13 2 12 8 4 12 14 5 12 9 6 12 14 7 12 10 1 13 10 2 13 8 4 13 11 5 13 13 6 13 12 7 13 10 1 14 10 2 14 13 4 14 12 5 14 12 6 14 11 7 14 14 1 15 12 2 15 10 4 15 9 5 15 8 6 15 13 7 15 8 1 16 7 2 16 12 4 16 10 5 16 10 6 16 9 7 16 11 1 17 9 2 17 11 4 17 12 5 17 10 6 17 13 7 17 11 1 18 9 2 18 13 4 18 12 5 18 11 6 18 11 7 18 10 1 19 9 2 19 14 4 19 9 5 19 8 6 19 11 7 19 13
79 277 12 6 4 1 10 11 6 10 10 9 10 8 5 14 14 9 14 8 0 17 12 5 17 13 7 17 11 0 19 10 1 19 12 6 19 9 7 19 12
80 282 2 2 1 4 10 10 8 10 13
81 288 60 6 10 0 10 8 3 10 11 4 10 10 7 10 12 8 10 10 9 10 11 0 11 9 3 11 9 4 11 15 7 11 14 8 11 10 9 11 9 0 12 13 3 12 13 4 12 13 7 12 12 8 12 9 9 12 6 0 13 5 3 13 10 4 13 9 7 13 11 8 13 10 9 13 9 0 14 7 3 14 10 4 14 14 7 14 5 8 14 9 9 14 11 0 15 10 3 15 8 4 15 12 7 15 9 8 15 8 9 15 10 0 16 11 3 16 10 4 16 17 7 16 8 8 16 9 9 16 14 0 17 6 3 17 12 4 17 11 7 17 13 8 17 12 9 17 9 0 18 9 3 18 10 4 18 10 7 18 9 8 18 14 9 18 11 0 19 7 3 19 12 4 19 12 7 19 8 8 19 14 9 19 10
82 291 2 2 1 0 13 11 5 13 9
83 298 60 6 10 0 10 8 2 10 10 4 10 10 5 10 13 6 10 10 7 10 8 0 11 8 2 11 10 4 11 13 5 11 9 6 11 9 7 11 12 0 12 11 2 12 13 4 12 16 5 12 8 6 12 13 7 12 10 0 13 11 2 13 8 4 13 10 5 13 6 6 13 13 7 13 14 0 14 9 2 14 12 4 14 12 5 14 9 6 14 12 7 14 7 0 15 9 2 15 10 4 15 14 5 15 8 6 15 10 7 15 14 0 16 9 2 16 9 4 16 9 5 16 7 6 16 10 7 16 14 0 17 10 2 17 9 4 17 10 5 17 12 6 17 10 7 17 7 0 18 9 2 18 11 4 18 8 5 18 10 6 18 11 7 18 9 0 19 12 2 19 13 4 19 12 5 19 8 6 19 9 7 19 7
84 299 12 6 5 5 11 10 5 14 12 6 14 13 9 14 11 4 16 9 0 17 11 4 17 10 6 17 9 8 17 11 9 17 11 0 19 10 8 19 11
85 305 1 1 1 8 17 14
86 306 24 6 8 2 11 13 3 11 11 8 11 11 4 12 10 5 12 10 6 12 12 8 12 9 2 13 16 4 13 9 6 13 14 8 13 8 5 14 11 4 15 9 5 15 14 6 15 11 3 17 13 8 17 10 2 18 11 3 18 13 4 18 11 2 19 8 3 19 11 5 19 12 6 19 14
87 312 6 6 1 1 15 9 2 15 12 4 15 11 6 15 6 7 15 9 8 15 8
88 313 60 6 10 0 10 14 2 10 8 4 10 9 5 10 7 8 10 12 9 10 11 0 11 9 2 11 13 4 11 14 5 11 12 8 11 10 9 11 8 0 12 11 2 12 13 4 12 11 5 12 9 8 12 10 9 12 9 0 13 12 2 13 14 4 13 13 5 13 9 8 13 12 9 13 12 0 14 12 2 14 9 4 14 10 5 14 10 8 14 7 9 14 9 0 15 10 2 15 11 4 15 10 5 15 8 8 15 10 9 15 8 0 16 9 2 16 11 4 16 5 5 16 12 8 16 11 9 16 12 0 17 12 2 17 14 4 17 10 5 17 10 8 17 12 9 17 11 0 18 11 2 18 9 4 18 11 5 18 8 8 18 13 9 18 10 0 19 9 2 19 9 4 19 12 5 19 12 8 19 12 9 19 9
89 314 2 2 1 4 17 11 8 17 12
90 319 3 3 1 1 14 11 2 14 11 7 14 16
91 325 1 1 1 5 15 12
92 334 6 6 1 1 13 6 3 13 8 4 13 4 5 13 13 6 13 10 8 13 9
93 337 12 6 3 4 11 11 6 11 9 7 11 12 8 11 12 9 11 6 5 14 8 8 14 12 4 15 7 5 15 8 6 15 11 7 15 11 9 15 12
94 342 2 2 1 4 17 11 6 17 10
95 343 3 3 2 2 12 9 8 14 9 9 14 14
96 344 24 6 6 4 12 10 5 12 13 8 12 11 9 12 11 3 13 9 5 13 12 8 13 6 2 14 10 3 14 7 4 14 11 9 14 10 2 15 12 3 15 13 4 15 10 8 15 10 2 16 12 5 16 10 8 16 8 9 16 10 2 18 12 3 18 9 4 18 10 5 18 10 9 18 9
97 354 12 6 3 2 11 12 5 11 10 6 11 7 7 11 12 9 11 8 0 13 16 2 13 8 6 13 8 7 13 7 0 14 13 5 14 7 9 14 11
98 356 1 1 1 3 14 11
99 359 18 6 6 0 10 9 1 10 12 8 10 10 1 11 10 4 11 14 8 11 14 1 15 9 3 15 12 8 15 11 9 15 9 0 17 9 3 17 9 4 17 13 9 17 7 3 18 14 4 18 13 9 18 9 0 19 9
