20 100
0 0 60 6 10 0 10 13 1 10 13 2 10 9 4 10 10 6 10 8 7 10 8 0 11 10 1 11 11 2 11 9 4 11 12 6 11 13 7 11 9 0 12 10 1 12 12 2 12 12 4 12 9 6 12 11 7 12 12 0 13 11 1 13 10 2 13 13 4 13 13 6 13 12 7 13 8 0 14 12 1 14 9 2 14 9 4 14 9 6 14 10 7 14 9 0 15 10 1 15 13 2 15 8 4 15 8 6 15 7 7 15 10 0 16 10 1 16 13 2 16 13 4 16 8 6 16 11 7 16 7 0 17 10 1 17 10 2 17 11 4 17 9 6 17 13 7 17 10 0 18 12 1 18 10 2 18 8 4 18 9 6 18 5 7 18 11 0 19 10 1 19 12 2 19 11 4 19 11 6 19 8 7 19 12
1 2 6 6 2 0 10 9 4 10 13 6 10 10 5 19 9 7 19 12 8 19 10
2 4 10 1 10 3 10 9 3 11 12 3 12 11 3 13 8 3 14 14 3 15 10 3 16 9 3 17 10 3 18 14 3 19 12
3 8 6 6 1 0 11 11 2 11 13 4 11 12 5 11 9 6 11 12 9 11 12
4 10 6 6 1 0 14 11 1 14 13 2 14 12 7 14 16 8 14 12 9 14 12
5 11 30 3 10 2 10 8 6 10 16 9 10 11 2 11 11 6 11 10 9 11 11 2 12 10 6 12 9 9 12 8 2 13 10 6 13 8 9 13 11 2 14 9 6 14 9 9 14 8 2 15 11 6 15 9 9 15 13 2 16 13 6 16 10 9 16 14 2 17 10 6 17 12 9 17 14 2 18 12 6 18 11 9 18 9 2 19 12 6 19 10 9 19 12
6 13 2 2 1 1 10 6 7 10 9
7 14 3 3 1 1 15 10 5 15 4 7 15 10
8 17 6 6 1 1 10 14 2 10 11 3 10 10 4 10 9 8 10 10 9 10 11
9 20 6 6 1 1 18 10 3 18 15 4 18 10 6 18 9 7 18 9 9 18 10
10 24 6 6 2 6 15 14 7 15 9 2 16 13 4 16 10 5 16 13 9 16 11
11 27 1 1 1 9 13 11
12 28 1 1 1 2 13 10
13 42 1 1 1 1 11 11
14 43 24 6 7 2 10 10 6 10 10 9 10 8 1 11 10 2 11 12 5 11 12 0 12 10 2 12 10 6 12 12 0 14 9 5 14 9 9 14 11 0 15 10 1 15 9 2 15 8 9 15 10 0 16 8 1 16 11 5 16 11 6 16 11 1 19 10 5 19 15 6 19 8 9 19 12
15 45 4 4 2 4 13 11 6 13 9 1 15 10 2 15 10
16 46 18 6 6 8 10 10 9 10 10 0 11 8 4 11 13 5 11 12 1 13 8 4 13 11 5 13 14 8 13 12 0 15 8 1 15 13 5 15 7 9 15 10 1 17 10 4 17 6 8 17 8 0 19 10 9 19 12
17 47 12 6 4 2 10 10 3 10 11 8 10 15 1 13 9 4 13 7 8 13 10 9 13 10 4 15 9 9 15 12 1 16 12 2 16 11 3 16 7
18 52 1 1 1 7 10 10
19 57 4 4 2 7 16 10 1 19 9 2 19 9 3 19 11
20 59 3 3 1 0 15 12 2 15 15 3 15 6
21 67 20 2 10 5 10 8 8 10 10 5 11 11 8 11 11 5 12 9 8 12 13 5 13 12 8 13 12 5 14 12 8 14 7 5 15 9 8 15 12 5 16 11 8 16 10 5 17 9 8 17 10 5 18 8 8 18 9 5 19 9 8 19 8
22 68 2 2 1 0 10 10 6 10 14
23 71 3 3 1 2 19 8 4 19 11 8 19 9
24 80 6 6 1 1 16 11 2 16 8 4 16 12 5 16 9 6 16 8 9 16 11
25 86 10 1 10 6 10 12 6 11 10 6 12 13 6 13 9 6 14 7 6 15 11 6 16 11 6 17 11 6 18 11 6 19 12
26 89 60 6 10 0 10 9 3 10 11 4 10 11 6 10 11 8 10 10 9 10 13 0 11 12 3 11 10 4 11 12 6 11 11 8 11 8 9 11 9 0 12 12 3 12 9 4 12 13 6 12 9 8 12 11 9 12 9 0 13 8 3 13 12 4 13 8 6 13 10 8 13 9 9 13 9 0 14 8 3 14 8 4 14 11 6 14 9 8 14 11 9 14 11 0 15 10 3 15 8 4 15 13 6 15 11 8 15 12 9 15 10 0 16 13 3 16 12 4 16 10 6 16 8 8 16 13 9 16 13 0 17 6 3 17 9 4 17 11 6 17 11 8 17 11 9 17 10 0 18 11 3 18 9 4 18 9 6 18 11 8 18 11 9 18 12 0 19 12 3 19 13 4 19 11 6 19 8 8 19 12 9 19 12
27 90 1 1 1 7 12 10
28 91 12 6 3 0 11 9 1 11 8 4 11 10 8 11 8 0 12 8 3 12 9 4 12 11 6 12 9 8 12 11 1 17 12 3 17 9 6 17 13
29 95 6 6 2 0 16 10 6 16 10 9 16 11 1 19 8 3 19 10 5 19 8
30 101 1 1 1 3 12 11
31 107 24 6 7 1 10 11 2 10 12 6 10 13 0 11 11 5 11 8 9 11 12 1 12 10 5 12 11 6 12 9 0 15 12 5 15 9 9 15 12 0 16 10 2 16 12 6 16 10 9 16 9 1 17 12 2 17 9 5 17 9 6 17 13 9 17 10 0 18 7 1 18 12 2 18 10
32 114 3 3 1 2 19 10 6 19 8 8 19 9
33 120 3 3 1 5 13 8 6 13 6 8 13 8
34 125 6 6 2 1 14 7 2 14 13 5 14 11 7 14 11 9 14 13 3 17 11
35 127 10 1 10 4 10 13 4 11 10 4 12 8 4 13 11 4 14 7 4 15 9 4 16 9 4 17 12 4 18 10 4 19 11
36 132 2 2 1 1 13 11 7 13 8
37 135 24 6 7 0 10 16 1 10 12 2 10 11 3 10 8 6 10 7 8 10 13 0 11 12 6 11 12 1 12 15 2 12 9 3 12 11 6 12 11 0 14 12 3 14 12 8 14 11 0 15 11 1 15 11 2 15 10 6 15 11 8 15 13 1 16 12 2 16 10 3 18 9 8 18 10
38 137 2 2 1 4 10 11 6 10 11
39 140 12 6 3 1 10 15 3 10 14 8 10 10 9 10 9 2 16 11 7 16 6 9 16 10 1 19 11 2 19 12 3 19 8 7 19 13 8 19 13
40 146 2 2 1 0 16 10 8 16 9
41 149 10 1 10 9 10 11 9 11 10 9 12 10 9 13 11 9 14 9 9 15 9 9 16 11 9 17 8 9 18 12 9 19 10
42 155 1 1 1 3 17 11
43 156 1 1 1 5 10 12
44 159 60 6 10 1 10 9 2 10 10 3 10 9 6 10 12 7 10 11 9 10 15 1 11 14 2 11 11 3 11 11 6 11 10 7 11 8 9 11 8 1 12 9 2 12 8 3 12 12 6 12 10 7 12 8 9 12 10 1 13 12 2 13 9 3 13 9 6 13 10 7 13 13 9 13 8 1 14 12 2 14 11 3 14 14 6 14 9 7 14 12 9 14 8 1 15 10 2 15 13 3 15 8 6 15 9 7 15 12 9 15 8 1 16 9 2 16 10 3 16 13 6 16 10 7 16 9 9 16 7 1 17 11 2 17 10 3 17 11 6 17 10 7 17 10 9 17 10 1 18 13 2 18 7 3 18 13 6 18 11 7 18 11 9 18 12 1 19 10 2 19 7 3 19 13 6 19 8 7 19 10 9 19 12
45 160 60 6 10 2 10 10 3 10 7 4 10 9 5 10 10 6 10 10 7 10 9 2 11 13 3 11 11 4 11 8 5 11 9 6 11 12 7 11 6 2 12 10 3 12 6 4 12 13 5 12 10 6 12 14 7 12 11 2 13 10 3 13 8 4 13 8 5 13 12 6 13 12 7 13 12 2 14 8 3 14 9 4 14 16 5 14 11 6 14 10 7 14 11 2 15 11 3 15 12 4 15 8 5 15 11 6 15 12 7 15 13 2 16 8 3 16 8 4 16 11 5 16 13 6 16 11 7 16 10 2 17 11 3 17 13 4 17 11 5 17 10 6 17 12 7 17 11 2 18 8 3 18 10 4 18 11 5 18 10 6 18 15 7 18 9 2 19 11 3 19 12 4 19 12 5 19 12 6 19 8 7 19 12
46 161 60 6 10 0 10 11 1 10 14 6 10 11 7 10 10 8 10 13 9 10 10 0 11 9 1 11 13 6 11 9 7 11 12 8 11 4 9 11 12 0 12 13 1 12 14 6 12 10 7 12 14 8 12 11 9 12 11 0 13 9 1 13 11 6 13 7 7 13 8 8 13 10 9 13 12 0 14 10 1 14 16 6 14 8 7 14 10 8 14 10 9 14 7 0 15 10 1 15 12 6 15 8 7 15 7 8 15 8 9 15 9 0 16 15 1 16 12 6 16 17 7 16 10 8 16 9 9 16 8 0 17 9 1 17 11 6 17 14 7 17 12 8 17 10 9 17 8 0 18 11 1 18 12 6 18 13 7 18 7 8 18 9 9 18 11 0 19 11 1 19 11 6 19 13 7 19 10 8 19 13 9 19 10
47 163 2 2 1 6 14 7 8 14 5
48 166 6 6 2 4 13 9 7 13 14 1 17 11 6 17 10 8 17 12 9 17 15
49 167 18 6 6 0 12 11 1 12 11 3 12 12 5 12 9 6 12 6 0 14 9 4 14 10 5 14 9 4 15 12 6 15 12 3 16 12 0 18 11 1 18 12 3 18 9 1 19 10 4 19 10 5 19 14 6 19 11
50 169 2 2 1 1 17 3 5 17 11
51 170 3 3 1 1 14 10 2 14 10 7 14 10
52 176 12 6 5 8 10 12 1 12 10 6 12 15 7 12 13 9 12 10 2 13 9 7 13 9 9 13 13 6 15 12 8 15 9 1 16 10 2 16 9
53 177 12 6 3 0 13 14 1 13 14 3 13 10 4 13 9 8 13 9 9 13 11 1 15 12 3 15 12 4 15 17 0 16 7 8 16 6 9 16 9
54 184 6 6 1 0 14 10 3 14 9 4 14 11 5 14 15 8 14 15 9 14 13
55 188 24 6 6 1 10 10 4 10 10 8 10 8 0 11 13 1 11 10 4 11 15 0 12 9 1 12 12 2 12 11 3 12 10 8 12 12 0 13 9 1 13 9 2 13 10 3 13 12 4 13 8 2 18 11 3 18 6 8 18 13 0 19 13 2 19 15 3 19 13 4 19 9 8 19 10
56 189 6 6 2 2 11 9 3 11 12 8 11 13 0 15 9 6 15 13 7 15 10
57 193 18 6 6 0 11 9 3 11 14 4 11 11 2 12 10 6 12 12 7 12 11 2 13 9 6 13 13 0 14 10 3 14 10 4 14 11 7 14 8 2 16 7 3 16 10 4 16 12 6 16 12 0 19 10 7 19 11
58 198 2 2 1 2 15 14 3 15 10
59 204 24 6 8 5 11 10 6 11 11 8 11 11 2 12 12 5 12 13 9 12 9 2 13 12 3 13 12 8 13 6 2 14 11 3 14 13 8 14 9 3 15 11 6 15 11 9 15 8 5 17 10 6 17 6 8 17 13 9 17 13 6 18 9 2 19 11 3 19 8 5 19 11 9 19 7
60 206 20 2 10 6 10 4 8 10 9 6 11 13 8 11 10 6 12 13 8 12 8 6 13 12 8 13 15 6 14 12 8 14 7 6 15 10 8 15 9 6 16 10 8 16 8 6 17 14 8 17 10 6 18 10 8 18 9 6 19 12 8 19 12
61 208 10 5 3 0 11 7 3 11 10 5 11 8 0 13 8 2 13 11 5 13 10 9 13 10 2 15 12 3 15 11 9 15 10
62 219 3 3 1 5 13 10 7 13 13 9 13 10
63 225 2 2 1 2 13 12 6 13 12
64 229 30 3 10 2 10 9 4 10 15 8 10 7 2 11 10 4 11 10 8 11 8 2 12 9 4 12 9 8 12 7 2 13 9 4 13 9 8 13 12 2 14 9 4 14 7 8 14 8 2 15 7 4 15 12 8 15 10 2 16 12 4 16 13 8 16 10 2 17 11 4 17 13 8 17 10 2 18 11 4 18 11 8 18 10 2 19 10 4 19 12 8 19 10
65 231 1 1 1 1 16 11
66 232 12 6 3 1 13 10 3 13 9 0 18 10 1 18 7 3 18 9 4 18 11 7 18 11 9 18 12 0 19 10 4 19 12 7 19 11 9 19 12
67 235 2 2 1 0 19 8 2 19 10
68 236 10 1 10 8 10 12 8 11 8 8 12 8 8 13 12 8 14 9 8 15 15 8 16 12 8 17 10 8 18 14 8 19 8
69 238 6 6 1 0 17 12 3 17 9 5 17 9 6 17 15 7 17 11 9 17 11
70 245 18 6 6 1 10 10 2 10 7 8 10 10 2 11 10 5 11 9 6 11 7 8 11 12 1 13 13 2 13 7 5 13 12 6 13 11 8 13 7 0 16 12 1 16 12 5 16 10 6 16 5 0 17 9 0 18 10
71 247 2 2 1 5 11 8 6 11 9
72 253 6 6 1 0 15 10 4 15 9 5 15 12 7 15 9 8 15 12 9 15 9
73 257 12 4 5 0 10 13 7 10 13 0 13 12 1 14 9 2 14 11 7 14 13 1 15 11 2 15 12 0 19 12 1 19 8 2 19 8 7 19 13
74 258 2 2 1 2 15 12 8 15 8
75 264 6 6 3 3 14 13 6 15 10 8 15 11 0 19 11 2 19 11 7 19 9
76 270 40 5 9 0 10 11 4 10 13 5 10 11 6 10 12 7 10 9 4 12 11 5 12 10 6 12 12 7 12 6 0 13 10 5 13 14 6 13 12 7 13 10 0 14 8 4 14 10 5 14 9 6 14 9 7 14 11 0 15 7 4 15 10 7 15 10 0 16 14 4 16 11 5 16 9 6 16 6 7 16 9 0 17 8 4 17 9 5 17 9 6 17 12 7 17 8 0 18 8 4 18 10 5 18 11 6 18 9 0 19 12 4 19 9 5 19 10 6 19 12 7 19 8
77 275 30 3 10 0 10 8 6 10 12 9 10 12 0 11 11 6 11 12 9 11 13 0 12 10 6 12 9 9 12 12 0 13 10 6 13 9 9 13 17 0 14 11 6 14 10 9 14 8 0 15 14 6 15 12 9 15 9 0 16 9 6 16 9 9 16 9 0 17 14 6 17 10 9 17 9 0 18 11 6 18 8 9 18 10 0 19 8 6 19 10 9 19 10
78 276 60 6 10 1 10 9 2 10 9 3 10 8 4 10 10 5 10 11 7 10 11 1 11 9 2 11 11 3 11 10 4 11 13 5 11 11 7 11 13 1 12 9 2 12 11 3 12 11 4 12 10 5 12 10 7 12 11 1 13 14 2 13 11 3 13 10 4 13 8 5 13 9 7 13 10 1 14 12 2 14 10 3 14 10 4 14 11 5 14 9 7 14 13 1 15 13 2 15 6 3 15 9 4 15 11 5 15 7 7 15 8 1 16 9 2 16 11 3 16 10 4 16 12 5 16 9 7 16 12 1 17 9 2 17 13 3 17 11 4 17 16 5 17 8 7 17 11 1 18 5 2 18 11 3 18 11 4 18 9 5 18 12 7 18 9 1 19 12 2 19 11 3 19 11 4 19 12 5 19 12 7 19 10
79 277 1 1 1 4 12 9
80 282 5 5 1 0 19 11 3 19 6 6 19 13 7 19 12 9 19 13
81 288 12 6 3 3 12 10 5 12 13 1 13 10 4 13 10 5 13 9 7 13 12 8 13 12 1 17 13 3 17 9 4 17 10 7 17 8 8 17 11
82 291 2 2 1 5 13 12 6 13 11
83 298 6 3 3 5 10 10 1 16 8 7 16 11 1 17 9 5 17 9 7 17 10
84 299 1 1 1 5 15 11
85 305 15 5 6 2 10 9 3 10 14 7 10 14 3 12 14 5 12 10 0 14 11 2 14 13 7 14 13 0 16 10 5 16 12 7 16 10 0 18 13 3 18 8 2 19 14 5 19 10
86 306 2 2 1 3 18 8 7 18 9
87 312 3 3 1 0 11 13 3 11 10 9 11 11
88 313 24 6 7 1 10 9 5 10 9 6 10 8 0 11 12 1 11 10 2 11 12 9 11 10 2 13 9 5 13 12 6 13 8 9 13 12 0 14 10 1 14 10 2 14 11 5 14 13 6 14 11 0 16 13 5 16 9 9 16 9 1 17 11 2 17 13 6 17 11 9 17 8 0 19 9
89 314 3 3 1 2 14 12 3 14 10 7 14 12
90 319 6 6 1 0 14 12 1 14 14 3 14 13 4 14 9 6 14 12 7 14 8
91 325 2 2 1 6 13 9 7 13 11
92 334 6 6 1 0 17 13 1 17 14 3 17 9 7 17 9 8 17 9 9 17 9
93 337 2 2 1 4 17 11 9 17 9
94 342 6 3 2 6 17 8 7 17 10 8 17 9 6 19 8 7 19 8 8 19 9
95 343 4 4 1 0 14 10 5 14 13 8 14 11 9 14 10
96 344 12 6 4 0 13 5 4 14 10 7 14 11 8 14 11 0 15 11 3 15 11 5 15 10 3 18 12 4 18 7 5 18 10 7 18 9 8 18 9
97 354 8 4 3 1 10 11 6 10 9 9 10 7 3 11 11 6 11 14 9 11 13 1 17 12 3 17 13
98 356 1 1 1 9 10 8
99 359 1 1 1 8 12 12
