20 100
0 0 4 4 1 3 19 6 5 19 14 7 19 11 9 19 10
1 2 18 6 6 1 11 12 4 11 14 8 11 10 9 11 11 0 12 8 1 12 9 8 12 11 0 13 9 3 13 11 4 13 13 9 13 8 0 14 8 3 14 11 8 14 14 1 16 13 4 16 12 9 16 10 3 17 11
2 4 2 2 1 2 15 10 4 15 10
3 8 30 3 10 2 10 13 4 10 11 7 10 10 2 11 14 4 11 10 7 11 9 2 12 10 4 12 11 7 12 8 2 13 11 4 13 9 7 13 11 2 14 7 4 14 8 7 14 9 2 15 11 4 15 10 7 15 13 2 16 14 4 16 6 7 16 7 2 17 11 4 17 10 7 17 12 2 18 9 4 18 11 7 18 10 2 19 13 4 19 11 7 19 11
4 10 3 3 1 4 15 12 6 15 8 7 15 9
5 11 2 2 2 8 11 10 9 19 12
6 13 4 4 1 0 19 10 1 19 9 3 19 10 6 19 9
7 14 60 6 10 1 10 11 2 10 12 3 10 9 4 10 9 8 10 11 9 10 9 1 11 8 2 11 15 3 11 10 4 11 14 8 11 7 9 11 12 1 12 13 2 12 11 3 12 9 4 12 12 8 12 8 9 12 12 1 13 9 2 13 11 3 13 12 4 13 8 8 13 7 9 13 12 1 14 10 2 14 13 3 14 10 4 14 9 8 14 8 9 14 10 1 15 10 2 15 8 3 15 8 4 15 11 8 15 12 9 15 7 1 16 10 2 16 11 3 16 11 4 16 11 8 16 9 9 16 11 1 17 11 2 17 9 3 17 11 4 17 10 8 17 11 9 17 10 1 18 11 2 18 13 3 18 10 4 18 11 8 18 13 9 18 16 1 19 16 2 19 11 3 19 6 4 19 10 8 19 13 9 19 12
8 17 6 6 1 0 18 12 1 18 12 2 18 15 4 18 9 7 18 12 8 18 9
9 20 1 1 1 9 11 11
10 24 2 2 1 2 18 9 6 18 13
11 27 1 1 1 9 13 11
12 28 12 6 4 0 10 12 2 10 11 3 10 5 5 10 8 7 10 9 5 16 10 7 16 9 2 17 8 3 17 12 4 17 9 0 19 9 4 19 6
13 42 60 6 10 0 10 11 1 10 8 2 10 9 5 10 11 6 10 10 9 10 9 0 11 6 1 11 10 2 11 13 5 11 10 6 11 13 9 11 9 0 12 11 1 12 8 2 12 9 5 12 13 6 12 10 9 12 11 0 13 9 1 13 12 2 13 11 5 13 10 6 13 11 9 13 9 0 14 12 1 14 10 2 14 12 5 14 8 6 14 10 9 14 9 0 15 8 1 15 12 2 15 11 5 15 8 6 15 10 9 15 9 0 16 14 1 16 8 2 16 11 5 16 12 6 16 13 9 16 8 0 17 10 1 17 12 2 17 13 5 17 14 6 17 9 9 17 9 0 18 12 1 18 10 2 18 13 5 18 7 6 18 12 9 18 12 0 19 15 1 19 12 2 19 7 5 19 10 6 19 13 9 19 9
14 43 60 6 10 1 10 11 2 10 7 6 10 9 7 10 11 8 10 12 9 10 12 1 11 11 2 11 10 6 11 11 7 11 11 8 11 12 9 11 11 1 12 9 2 12 12 6 12 10 7 12 8 8 12 6 9 12 8 1 13 11 2 13 11 6 13 12 7 13 10 8 13 8 9 13 11 1 14 10 2 14 11 6 14 8 7 14 10 8 14 7 9 14 11 1 15 11 2 15 10 6 15 11 7 15 11 8 15 12 9 15 13 1 16 12 2 16 9 6 16 10 7 16 10 8 16 12 9 16 10 1 17 9 2 17 11 6 17 14 7 17 11 8 17 8 9 17 11 1 18 11 2 18 10 6 18 11 7 18 10 8 18 13 9 18 9 1 19 9 2 19 7 6 19 7 7 19 11 8 19 13 9 19 7
15 45 24 6 7 2 12 9 5 12 11 7 12 11 9 12 10 2 13 11 3 13 14 7 13 12 9 13 7 2 14 10 3 14 14 4 14 8 2 16 11 3 16 10 4 16 12 7 16 10 9 16 8 4 17 15 5 17 13 7 17 15 5 18 8 9 18 12 3 19 9 4 19 10 5 19 13
16 46 18 6 5 0 10 8 9 10 12 0 15 9 4 15 12 7 15 9 9 15 12 4 16 14 6 16 9 7 16 10 8 16 11 0 18 14 4 18 9 6 18 11 8 18 12 9 18 11 6 19 10 7 19 9 8 19 9
17 47 2 2 1 2 10 9 8 10 11
18 52 3 3 2 6 13 10 4 14 12 8 14 11
19 57 2 2 1 5 11 8 7 11 10
20 59 6 6 2 3 13 12 6 13 8 8 13 10 9 13 11 1 19 10 4 19 15
21 67 6 6 1 0 16 12 2 16 9 4 16 10 6 16 10 7 16 10 9 16 10
22 68 6 6 2 2 10 11 7 10 9 8 10 10 4 19 11 5 19 13 9 19 8
23 71 54 6 10 0 10 13 1 10 8 3 10 10 4 10 9 5 10 13 7 10 7 1 11 13 4 11 11 7 11 10 0 12 10 1 12 12 3 12 9 4 12 12 5 12 12 7 12 11 0 13 12 1 13 11 3 13 10 4 13 7 5 13 11 7 13 12 0 14 9 1 14 13 3 14 9 4 14 14 5 14 11 7 14 13 0 15 8 1 15 9 3 15 6 4 15 8 5 15 11 7 15 8 0 16 10 1 16 10 3 16 12 4 16 6 5 16 7 0 17 10 1 17 10 3 17 9 4 17 7 5 17 9 7 17 10 0 18 15 1 18 12 3 18 10 5 18 13 7 18 9 0 19 12 3 19 11 4 19 14 5 19 9 7 19 8
24 80 1 1 1 7 19 10
25 86 50 5 10 1 10 9 3 10 7 5 10 12 6 10 11 7 10 11 1 11 13 3 11 11 5 11 9 6 11 11 7 11 14 1 12 10 3 12 14 5 12 9 6 12 10 7 12 11 1 13 4 3 13 11 5 13 14 6 13 11 7 13 9 1 14 9 3 14 9 5 14 9 6 14 9 7 14 13 1 15 11 3 15 9 5 15 11 6 15 9 7 15 11 1 16 11 3 16 13 5 16 12 6 16 8 7 16 5 1 17 10 3 17 11 5 17 10 6 17 12 7 17 11 1 18 9 3 18 14 5 18 12 6 18 15 7 18 10 1 19 15 3 19 16 5 19 12 6 19 12 7 19 9
26 89 2 2 2 4 17 13 8 18 9
27 90 2 2 1 3 15 10 8 15 11
28 91 2 2 1 4 11 7 5 11 11
29 95 12 4 4 2 11 11 5 11 12 8 11 15 2 13 9 6 13 10 8 13 11 2 14 10 5 14 15 6 14 11 5 15 13 6 15 13 8 15 11
30 101 2 2 1 4 18 9 6 18 6
31 107 2 2 1 3 10 13 6 10 11
32 114 60 6 10 0 10 5 1 10 13 5 10 12 6 10 13 8 10 14 9 10 10 0 11 11 1 11 10 5 11 12 6 11 9 8 11 10 9 11 10 0 12 8 1 12 13 5 12 10 6 12 8 8 12 10 9 12 12 0 13 11 1 13 12 5 13 10 6 13 9 8 13 9 9 13 13 0 14 11 1 14 12 5 14 11 6 14 9 8 14 12 9 14 11 0 15 12 1 15 8 5 15 11 6 15 7 8 15 10 9 15 13 0 16 8 1 16 11 5 16 12 6 16 5 8 16 8 9 16 13 0 17 11 1 17 13 5 17 12 6 17 13 8 17 10 9 17 8 0 18 10 1 18 10 5 18 11 6 18 7 8 18 12 9 18 9 0 19 11 1 19 13 5 19 11 6 19 8 8 19 9 9 19 7
33 120 3 3 2 9 13 10 3 14 9 7 14 11
34 125 1 1 1 7 15 9
35 127 24 6 7 0 11 10 1 11 9 6 11 12 7 11 9 9 11 10 0 12 10 1 12 13 3 12 7 6 12 10 7 12 10 1 14 12 3 14 11 9 14 8 9 15 13 3 16 11 7 16 8 0 18 10 1 18 10 3 18 7 6 18 10 9 18 10 0 19 12 6 19 10 7 19 10
36 132 30 3 10 2 10 11 7 10 10 8 10 10 2 11 10 7 11 14 8 11 11 2 12 9 7 12 13 8 12 11 2 13 10 7 13 12 8 13 15 2 14 12 7 14 9 8 14 16 2 15 5 7 15 14 8 15 9 2 16 7 7 16 9 8 16 11 2 17 10 7 17 9 8 17 10 2 18 11 7 18 10 8 18 12 2 19 9 7 19 11 8 19 12
37 135 4 4 1 0 10 8 4 10 8 5 10 10 9 10 7
38 137 50 5 10 1 10 12 5 10 10 6 10 7 7 10 10 9 10 14 1 11 12 5 11 11 6 11 10 7 11 5 9 11 10 1 12 8 5 12 12 6 12 12 7 12 7 9 12 11 1 13 11 5 13 10 6 13 10 7 13 9 9 13 11 1 14 9 5 14 12 6 14 8 7 14 8 9 14 9 1 15 14 5 15 9 6 15 9 7 15 12 9 15 15 1 16 8 5 16 12 6 16 7 7 16 12 9 16 13 1 17 11 5 17 12 6 17 11 7 17 12 9 17 7 1 18 10 5 18 9 6 18 12 7 18 13 9 18 6 1 19 10 5 19 10 6 19 10 7 19 8 9 19 11
39 140 24 6 7 2 10 15 3 10 11 4 10 9 9 10 7 1 12 10 2 12 8 3 14 12 9 14 9 1 15 12 2 15 10 3 15 12 5 15 10 9 15 12 1 16 13 4 16 13 5 16 8 9 16 11 1 17 11 4 17 10 5 17 12 2 19 10 3 19 8 4 19 9 5 19 10
40 146 40 4 10 1 10 10 3 10 8 6 10 11 9 10 5 1 11 9 3 11 13 6 11 9 9 11 9 1 12 10 3 12 9 6 12 12 9 12 15 1 13 11 3 13 8 6 13 10 9 13 9 1 14 8 3 14 13 6 14 12 9 14 11 1 15 11 3 15 10 6 15 9 9 15 10 1 16 7 3 16 10 6 16 11 9 16 14 1 17 10 3 17 10 6 17 10 9 17 11 1 18 11 3 18 11 6 18 10 9 18 11 1 19 11 3 19 10 6 19 10 9 19 9
41 149 2 2 1 6 14 12 7 14 13
42 155 12 6 3 4 10 11 5 10 10 7 10 8 0 12 12 2 12 11 3 12 10 0 19 11 2 19 6 3 19 11 4 19 11 5 19 5 7 19 11
43 156 1 1 1 2 11 11
44 159 18 6 5 2 11 10 4 11 14 9 11 6 0 12 11 2 12 10 4 12 9 0 14 9 2 14 12 4 14 10 6 14 11 7 14 11 0 15 9 6 15 12 7 15 13 9 15 7 6 16 10 7 16 14 9 16 15
45 160 6 6 2 2 15 10 4 15 10 7 15 9 8 15 14 9 15 8 1 17 10
46 161 5 5 2 5 10 10 7 10 10 2 15 11 4 15 12 6 15 10
47 163 30 3 10 2 10 14 4 10 13 5 10 9 2 11 10 4 11 11 5 11 6 2 12 10 4 12 8 5 12 14 2 13 9 4 13 15 5 13 13 2 14 9 4 14 11 5 14 13 2 15 14 4 15 10 5 15 9 2 16 8 4 16 11 5 16 11 2 17 15 4 17 9 5 17 14 2 18 11 4 18 10 5 18 9 2 19 10 4 19 11 5 19 10
48 166 24 6 7 8 10 13 4 13 13 5 13 12 6 13 11 9 13 8 7 14 9 8 14 12 4 15 9 6 15 7 7 15 13 9 15 10 4 16 11 5 16 9 7 16 12 8 16 7 9 16 8 4 18 15 5 18 10 6 18 11 7 18 11 5 19 10 6 19 12 8 19 16 9 19 11
49 167 6 6 2 1 10 10 8 10 11 2 11 10 4 11 8 5 11 12 7 11 12
50 169 6 3 3 0 14 11 5 14 16 0 16 10 8 16 12 5 18 12 8 18 11
51 170 12 6 3 4 12 13 5 12 10 7 12 9 9 12 10 0 15 6 2 15 12 7 15 10 0 18 12 2 18 10 4 18 13 5 18 11 9 18 9
52 176 6 6 2 1 10 12 4 10 7 7 10 11 3 16 11 5 16 10 6 16 12
53 177 1 1 1 3 18 7
54 184 1 1 1 0 15 6
55 188 1 1 1 0 12 8
56 189 1 1 1 9 16 9
57 193 6 6 2 0 14 9 3 14 9 4 14 8 5 14 11 8 14 13 9 16 10
58 198 2 2 1 6 14 12 9 14 10
59 204 2 2 1 2 10 8 4 10 12
60 206 6 6 2 2 15 9 0 18 13 1 18 12 3 18 12 6 18 10 9 18 7
61 208 60 6 10 0 10 9 3 10 12 4 10 15 6 10 11 7 10 9 9 10 10 0 11 12 3 11 14 4 11 11 6 11 9 7 11 9 9 11 10 0 12 11 3 12 9 4 12 15 6 12 9 7 12 8 9 12 12 0 13 10 3 13 9 4 13 9 6 13 10 7 13 9 9 13 12 0 14 11 3 14 9 4 14 10 6 14 13 7 14 10 9 14 8 0 15 15 3 15 8 4 15 11 6 15 12 7 15 11 9 15 13 0 16 10 3 16 12 4 16 10 6 16 9 7 16 12 9 16 7 0 17 10 3 17 12 4 17 9 6 17 10 7 17 10 9 17 7 0 18 14 3 18 14 4 18 13 6 18 8 7 18 15 9 18 10 0 19 10 3 19 10 4 19 12 6 19 8 7 19 9 9 19 12
62 219 60 6 10 1 10 11 2 10 11 3 10 9 7 10 10 8 10 9 9 10 12 1 11 8 2 11 9 3 11 14 7 11 10 8 11 10 9 11 11 1 12 10 2 12 11 3 12 12 7 12 10 8 12 13 9 12 9 1 13 10 2 13 12 3 13 7 7 13 10 8 13 8 9 13 7 1 14 12 2 14 12 3 14 10 7 14 6 8 14 12 9 14 9 1 15 12 2 15 10 3 15 11 7 15 11 8 15 10 9 15 13 1 16 10 2 16 10 3 16 9 7 16 11 8 16 12 9 16 11 1 17 7 2 17 12 3 17 13 7 17 10 8 17 9 9 17 11 1 18 9 2 18 12 3 18 13 7 18 12 8 18 9 9 18 11 1 19 12 2 19 8 3 19 11 7 19 12 8 19 13 9 19 9
63 225 24 6 7 2 10 13 4 10 9 5 10 9 9 10 11 4 11 12 8 11 12 9 11 9 5 12 10 8 12 10 5 14 11 7 14 13 8 14 7 9 14 10 2 16 10 4 16 5 7 16 12 8 16 10 2 18 9 4 18 10 5 18 13 7 18 12 9 18 7 2 19 9 7 19 11
64 229 1 1 1 0 13 10
65 231 3 3 2 3 10 14 2 16 10 4 16 9
66 232 3 3 1 3 13 14 4 13 11 6 13 11
67 235 2 2 1 2 15 12 6 15 10
68 236 3 3 1 4 10 8 7 10 11 9 10 9
69 238 6 6 1 0 14 12 1 14 7 2 14 11 6 14 11 8 14 9 9 14 9
70 245 10 1 10 6 10 11 6 11 10 6 12 10 6 13 11 6 14 11 6 15 11 6 16 11 6 17 12 6 18 8 6 19 9
71 247 6 3 3 6 12 11 7 12 10 9 12 13 7 14 8 6 15 9 9 15 11
72 253 24 6 7 4 10 12 9 10 12 1 11 8 2 11 12 5 11 9 2 12 11 4 12 10 6 12 11 1 13 12 2 13 12 4 13 12 9 13 9 1 16 12 2 16 8 5 16 12 6 16 10 5 17 11 6 17 13 9 17 10 1 18 8 4 18 10 5 18 12 6 18 9 9 18 13
73 257 15 5 6 6 11 8 1 12 9 5 12 13 6 12 9 4 14 10 1 15 10 4 15 10 5 15 13 9 15 12 9 16 11 1 18 13 4 18 12 5 18 13 6 18 11 9 18 9
74 258 2 2 1 1 11 11 5 11 10
75 264 60 6 10 0 10 9 2 10 11 3 10 8 5 10 10 6 10 10 7 10 10 0 11 10 2 11 8 3 11 13 5 11 11 6 11 11 7 11 11 0 12 11 2 12 8 3 12 12 5 12 7 6 12 12 7 12 11 0 13 13 2 13 11 3 13 10 5 13 9 6 13 8 7 13 9 0 14 8 2 14 15 3 14 12 5 14 11 6 14 10 7 14 13 0 15 12 2 15 8 3 15 12 5 15 11 6 15 12 7 15 7 0 16 9 2 16 9 3 16 12 5 16 9 6 16 11 7 16 10 0 17 9 2 17 11 3 17 13 5 17 11 6 17 10 7 17 11 0 18 9 2 18 13 3 18 10 5 18 9 6 18 11 7 18 8 0 19 10 2 19 9 3 19 12 5 19 10 6 19 10 7 19 8
76 270 12 6 4 0 10 12 2 10 10 7 10 11 4 14 10 5 14 10 6 14 9 0 16 11 2 16 8 4 16 12 5 16 9 7 16 12 6 18 10
77 275 60 6 10 0 10 9 1 10 10 4 10 11 5 10 11 7 10 9 9 10 11 0 11 9 1 11 8 4 11 10 5 11 9 7 11 9 9 11 10 0 12 13 1 12 9 4 12 12 5 12 8 7 12 12 9 12 12 0 13 8 1 13 10 4 13 10 5 13 10 7 13 12 9 13 10 0 14 10 1 14 10 4 14 8 5 14 9 7 14 10 9 14 10 0 15 10 1 15 9 4 15 14 5 15 11 7 15 12 9 15 10 0 16 7 1 16 13 4 16 11 5 16 12 7 16 11 9 16 14 0 17 11 1 17 11 4 17 8 5 17 10 7 17 10 9 17 13 0 18 13 1 18 13 4 18 6 5 18 12 7 18 7 9 18 11 0 19 10 1 19 8 4 19 15 5 19 11 7 19 9 9 19 13
78 276 6 6 2 2 10 13 9 10 11 4 12 11 5 12 6 6 12 10 8 12 10
79 277 18 6 5 1 11 12 8 11 9 9 11 11 1 13 14 2 13 10 5 13 10 6 13 11 1 15 9 2 15 10 5 15 9 6 15 14 8 15 11 9 15 11 2 16 8 5 16 12 9 16 10 6 18 9 8 18 13
80 282 15 5 6 4 10 10 9 10 14 7 11 10 8 11 13 9 11 10 9 12 12 3 16 14 4 16 6 7 16 13 8 16 12 3 17 17 7 17 8 3 19 9 4 19 11 8 19 13
81 288 2 2 1 6 15 13 8 15 11
82 291 18 6 5 2 10 11 6 10 9 7 10 14 8 10 13 0 13 8 2 13 9 7 13 11 8 14 10 9 14 10 0 17 12 2 17 14 6 17 8 7 17 10 9 17 10 0 18 6 6 18 10 8 18 10 9 18 12
83 298 12 6 4 0 10 11 1 10 10 4 10 14 6 10 12 7 10 10 8 14 10 0 17 9 6 17 12 1 18 8 4 18 13 7 18 9 8 18 13
84 299 6 6 1 0 15 7 3 15 12 4 15 12 5 15 11 7 15 10 9 15 13
85 305 4 4 1 0 14 8 1 14 8 5 14 13 9 14 11
86 306 6 6 1 0 10 12 1 10 11 2 10 9 3 10 14 8 10 14 9 10 11
87 312 2 2 1 4 10 11 7 10 9
88 313 60 6 10 0 10 10 2 10 12 4 10 10 6 10 10 8 10 8 9 10 10 0 11 14 2 11 9 4 11 12 6 11 9 8 11 12 9 11 10 0 12 12 2 12 12 4 12 14 6 12 10 8 12 10 9 12 8 0 13 12 2 13 10 4 13 10 6 13 12 8 13 13 9 13 10 0 14 10 2 14 12 4 14 13 6 14 12 8 14 10 9 14 10 0 15 11 2 15 8 4 15 11 6 15 8 8 15 14 9 15 15 0 16 11 2 16 10 4 16 9 6 16 12 8 16 9 9 16 8 0 17 11 2 17 12 4 17 10 6 17 9 8 17 9 9 17 7 0 18 10 2 18 10 4 18 11 6 18 12 8 18 6 9 18 10 0 19 15 2 19 10 4 19 13 6 19 13 8 19 10 9 19 8
89 314 1 1 1 1 19 10
90 319 2 2 1 2 12 14 7 12 12
91 325 6 6 2 2 12 14 3 12 11 7 12 8 0 13 13 1 13 11 9 13 11
92 334 24 6 7 0 10 16 2 10 10 6 10 10 7 10 13 1 11 10 2 11 6 6 11 9 7 11 13 1 14 7 9 14 8 0 15 14 9 15 10 0 17 10 6 17 11 9 17 12 0 18 10 1 18 12 2 18 13 6 18 14 7 18 7 1 19 10 2 19 11 7 19 10 9 19 10
93 337 18 6 6 6 11 10 8 11 11 5 15 12 6 15 7 8 15 12 5 16 10 9 16 10 1 17 13 7 17 10 8 17 10 9 17 12 1 18 15 5 18 12 6 18 13 7 18 12 1 19 12 7 19 9 9 19 12
94 342 6 6 1 1 13 8 2 13 11 5 13 11 6 13 13 8 13 9 9 13 13
95 343 6 6 1 0 17 9 2 17 5 3 17 11 5 17 12 6 17 10 9 17 12
96 344 3 3 1 1 10 11 3 10 11 5 10 7
97 354 12 6 3 2 13 11 5 13 10 6 13 13 8 13 9 3 16 11 5 16 10 7 16 14 2 19 11 3 19 11 6 19 9 7 19 12 8 19 10
98 356 6 6 1 0 15 11 1 15 10 2 15 7 5 15 10 6 15 8 9 15 11
99 359 6 6 2 0 14 13 1 14 10 5 14 6 8 14 14 6 15 12 9 15 8
