20 100
0 0 3 3 1 0 10 15 1 10 8 4 10 10
1 2 18 6 6 2 10 12 4 10 12 5 10 11 9 10 10 0 11 13 2 11 12 3 11 11 0 13 12 3 13 11 5 13 15 9 13 13 2 15 8 3 15 12 0 16 12 4 16 13 5 16 9 9 16 7 4 17 7
2 4 6 6 2 0 10 8 3 10 7 8 10 13 6 19 10 7 19 8 9 19 13
3 8 12 6 3 3 12 14 6 12 15 8 12 7 1 16 11 2 16 10 3 16 12 6 16 12 9 16 9 1 17 4 2 17 10 8 17 11 9 17 9
4 10 30 3 10 1 10 12 3 10 7 5 10 12 1 11 11 3 11 11 5 11 10 1 12 11 3 12 11 5 12 15 1 13 7 3 13 9 5 13 12 1 14 11 3 14 13 5 14 10 1 15 9 3 15 10 5 15 8 1 16 10 3 16 8 5 16 12 1 17 12 3 17 13 5 17 14 1 18 11 3 18 14 5 18 8 1 19 10 3 19 10 5 19 11
5 11 10 1 10 8 10 11 8 11 9 8 12 12 8 13 12 8 14 14 8 15 9 8 16 11 8 17 10 8 18 13 8 19 9
6 13 1 1 1 4 14 9
7 14 10 1 10 3 10 10 3 11 10 3 12 11 3 13 9 3 14 11 3 15 12 3 16 14 3 17 15 3 18 8 3 19 11
8 17 4 4 1 2 16 7 6 16 10 8 16 9 9 16 10
9 20 6 6 2 0 10 10 2 10 9 3 10 8 6 10 10 1 11 11 9 11 9
10 24 2 2 1 0 14 9 2 14 10
11 27 24 6 6 0 10 13 1 10 12 3 10 8 7 10 12 3 12 10 4 12 13 5 12 13 7 12 10 4 14 7 7 14 15 0 16 8 1 16 9 4 16 8 5 16 11 0 17 11 1 17 13 3 17 9 5 17 12 7 17 8 0 19 12 1 19 10 3 19 9 4 19 13 5 19 11
12 28 2 2 1 6 18 12 8 18 9
13 42 2 2 1 5 18 9 8 18 12
14 43 10 1 10 6 10 9 6 11 13 6 12 13 6 13 10 6 14 10 6 15 13 6 16 12 6 17 11 6 18 12 6 19 13
15 45 4 4 2 0 10 9 6 10 10 1 17 11 8 17 10
16 46 12 6 5 2 11 9 4 11 12 5 15 11 7 15 12 0 16 13 2 16 10 7 16 11 9 16 12 5 17 13 9 17 13 0 19 8 4 19 8
17 47 6 6 1 2 10 10 3 10 13 4 10 7 5 10 12 6 10 7 8 10 10
18 52 6 3 3 2 14 10 3 14 12 2 17 10 5 17 9 3 18 11 5 18 13
19 57 6 3 3 1 12 11 0 16 11 1 16 13 6 16 8 0 18 8 6 18 12
20 59 2 2 1 5 18 11 6 18 13
21 67 1 1 1 4 13 10
22 68 1 1 1 8 19 5
23 71 6 6 2 0 10 12 2 10 13 8 10 8 1 12 9 3 12 14 5 12 7
24 80 1 1 1 5 15 15
25 86 2 2 1 1 18 9 3 18 9
26 89 3 3 1 0 15 14 4 15 8 7 15 12
27 90 12 6 4 0 10 12 2 10 10 3 10 9 4 10 11 8 10 10 2 12 11 8 12 8 9 12 9 0 14 11 9 14 10 3 18 13 4 18 7
28 91 1 1 1 6 17 10
29 95 1 1 1 5 14 15
30 101 2 2 1 1 15 10 8 15 11
31 107 20 2 10 4 10 9 5 10 10 4 11 8 5 11 10 4 12 11 5 12 10 4 13 8 5 13 9 4 14 8 5 14 11 4 15 11 5 15 11 4 16 6 5 16 10 4 17 9 5 17 10 4 18 11 5 18 12 4 19 10 5 19 8
32 114 18 6 5 2 11 12 8 11 10 9 11 10 1 13 9 4 13 11 0 16 8 1 16 10 2 16 7 4 16 13 8 16 7 9 16 10 0 17 9 2 17 11 4 17 8 8 17 10 9 17 9 0 18 11 1 18 5
33 120 3 3 1 3 18 10 5 18 12 6 18 13
34 125 24 6 7 0 10 10 7 10 12 8 10 8 3 11 11 4 11 10 8 11 11 0 15 15 3 15 11 4 15 12 0 16 9 3 16 10 5 16 9 7 16 10 8 16 12 5 17 9 8 17 9 0 18 13 3 18 10 4 18 10 5 18 10 7 18 9 4 19 9 5 19 10 7 19 10
35 127 4 4 1 1 11 11 4 11 9 6 11 10 7 11 13
36 132 18 6 6 0 10 8 1 10 10 2 10 11 6 10 11 8 10 11 0 12 9 2 12 11 6 12 7 7 12 14 7 15 12 8 15 11 1 17 11 6 17 9 7 17 12 0 18 10 2 18 12 8 18 12 1 19 11
37 135 1 1 1 2 18 8
38 137 2 2 1 0 13 12 6 13 10
39 140 60 6 10 2 10 13 3 10 11 5 10 11 6 10 13 7 10 12 8 10 11 2 11 12 3 11 11 5 11 10 6 11 8 7 11 11 8 11 10 2 12 8 3 12 6 5 12 8 6 12 14 7 12 14 8 12 10 2 13 9 3 13 7 5 13 13 6 13 12 7 13 13 8 13 10 2 14 11 3 14 8 5 14 7 6 14 12 7 14 14 8 14 10 2 15 13 3 15 6 5 15 11 6 15 8 7 15 7 8 15 14 2 16 13 3 16 10 5 16 8 6 16 11 7 16 13 8 16 9 2 17 12 3 17 14 5 17 10 6 17 5 7 17 11 8 17 11 2 18 6 3 18 10 5 18 10 6 18 12 7 18 11 8 18 8 2 19 13 3 19 10 5 19 12 6 19 11 7 19 10 8 19 8
40 146 60 6 10 2 10 12 3 10 10 4 10 8 5 10 12 6 10 10 7 10 7 2 11 10 3 11 11 4 11 14 5 11 10 6 11 8 7 11 12 2 12 10 3 12 11 4 12 12 5 12 11 6 12 13 7 12 12 2 13 7 3 13 11 4 13 10 5 13 9 6 13 12 7 13 11 2 14 8 3 14 15 4 14 9 5 14 9 6 14 11 7 14 8 2 15 9 3 15 13 4 15 11 5 15 10 6 15 11 7 15 13 2 16 11 3 16 8 4 16 7 5 16 9 6 16 12 7 16 8 2 17 9 3 17 10 4 17 10 5 17 16 6 17 8 7 17 10 2 18 12 3 18 10 4 18 11 5 18 9 6 18 12 7 18 12 2 19 14 3 19 12 4 19 11 5 19 13 6 19 11 7 19 8
41 149 6 6 1 0 10 10 1 10 11 2 10 12 4 10 12 6 10 10 8 10 8
42 155 6 6 1 0 17 11 1 17 10 3 17 9 5 17 7 6 17 10 9 17 12
43 156 8 4 4 6 11 15 8 11 11 9 11 8 1 15 10 6 16 12 1 19 12 8 19 10 9 19 11
44 159 2 2 1 3 16 7 8 16 12
45 160 5 5 1 0 11 10 1 11 14 6 11 11 7 11 9 8 11 12
46 161 1 1 1 2 16 10
47 163 6 6 2 0 12 9 2 12 11 6 12 10 1 19 14 4 19 12 9 19 10
48 166 3 3 1 0 13 10 1 13 10 6 13 11
49 167 5 5 2 3 10 14 9 10 15 1 12 10 4 12 9 7 12 10
50 169 20 2 10 2 10 15 8 10 7 2 11 10 8 11 14 2 12 13 8 12 12 2 13 11 8 13 5 2 14 9 8 14 9 2 15 11 8 15 8 2 16 9 8 16 11 2 17 13 8 17 11 2 18 15 8 18 7 2 19 10 8 19 14
51 170 1 1 1 0 12 11
52 176 6 6 1 0 12 10 3 12 10 4 12 11 7 12 7 8 12 11 9 12 11
53 177 24 6 8 1 10 9 4 10 9 2 11 13 3 11 12 4 11 7 8 11 10 1 13 9 3 13 11 8 13 10 1 14 10 7 14 10 8 14 10 1 15 7 2 15 12 3 15 14 4 15 9 7 15 10 2 17 12 3 17 12 4 17 9 7 18 12 2 19 9 7 19 9 8 19 10
54 184 6 3 3 5 12 13 7 12 15 2 13 7 5 13 11 7 13 11 2 16 11
55 188 18 6 5 0 10 10 1 10 12 5 10 12 6 10 9 5 11 10 8 11 14 0 17 7 1 17 12 7 17 12 0 18 8 6 18 8 7 18 13 8 18 10 1 19 8 5 19 14 6 19 11 7 19 9 8 19 11
56 189 6 3 3 5 14 12 8 14 11 2 17 10 2 19 9 5 19 6 8 19 9
57 193 6 6 2 0 18 13 1 18 14 5 18 14 6 18 10 9 18 9 2 19 11
58 198 18 6 6 2 10 12 0 11 11 1 11 8 4 11 11 6 11 10 1 12 11 2 12 9 4 12 13 9 12 14 4 14 9 6 14 11 9 14 10 0 16 12 2 16 12 6 16 12 9 16 13 0 17 13 1 17 7
59 204 18 6 6 1 10 12 3 10 11 4 10 13 0 11 10 4 11 16 5 11 14 6 11 8 0 12 10 3 12 13 4 12 12 5 12 9 6 12 10 0 13 10 1 16 11 3 16 12 1 18 12 5 18 11 6 18 10
60 206 54 6 10 0 10 11 2 10 9 3 10 15 5 10 11 7 10 12 8 10 9 3 11 7 5 11 10 7 11 9 8 11 10 0 12 12 2 12 10 3 12 11 5 12 7 7 12 9 8 12 11 0 13 9 2 13 13 8 13 10 0 14 10 2 14 13 3 14 10 5 14 9 7 14 10 0 15 12 2 15 10 3 15 11 5 15 12 7 15 8 8 15 10 0 16 5 2 16 10 3 16 11 5 16 11 7 16 9 8 16 8 0 17 12 2 17 12 3 17 10 5 17 10 7 17 12 8 17 12 0 18 12 2 18 14 3 18 9 5 18 15 7 18 8 8 18 13 0 19 8 2 19 9 3 19 9 5 19 10 7 19 12 8 19 9
61 208 60 6 10 0 10 12 2 10 11 3 10 7 4 10 9 5 10 11 6 10 11 0 11 13 2 11 10 3 11 12 4 11 10 5 11 10 6 11 11 0 12 13 2 12 10 3 12 10 4 12 14 5 12 9 6 12 7 0 13 10 2 13 12 3 13 8 4 13 10 5 13 11 6 13 13 0 14 8 2 14 13 3 14 10 4 14 13 5 14 13 6 14 7 0 15 11 2 15 11 3 15 10 4 15 10 5 15 10 6 15 12 0 16 7 2 16 14 3 16 9 4 16 10 5 16 9 6 16 11 0 17 15 2 17 8 3 17 12 4 17 9 5 17 12 6 17 8 0 18 7 2 18 10 3 18 8 4 18 8 5 18 13 6 18 8 0 19 10 2 19 9 3 19 5 4 19 15 5 19 9 6 19 7
62 219 6 6 1 0 10 12 1 10 7 4 10 10 7 10 11 8 10 10 9 10 14
63 225 1 1 1 4 15 7
64 229 10 1 10 6 10 12 6 11 12 6 12 14 6 13 10 6 14 7 6 15 12 6 16 15 6 17 12 6 18 13 6 19 13
65 231 60 6 10 0 10 12 1 10 10 2 10 11 3 10 11 4 10 14 5 10 5 0 11 14 1 11 12 2 11 13 3 11 11 4 11 9 5 11 13 0 12 12 1 12 13 2 12 10 3 12 14 4 12 11 5 12 14 0 13 9 1 13 12 2 13 10 3 13 13 4 13 9 5 13 11 0 14 8 1 14 12 2 14 11 3 14 10 4 14 9 5 14 13 0 15 12 1 15 11 2 15 13 3 15 9 4 15 10 5 15 11 0 16 10 1 16 11 2 16 10 3 16 13 4 16 10 5 16 10 0 17 7 1 17 13 2 17 14 3 17 9 4 17 10 5 17 8 0 18 12 1 18 9 2 18 7 3 18 10 4 18 9 5 18 10 0 19 10 1 19 12 2 19 9 3 19 5 4 19 7 5 19 12
66 232 3 3 1 1 19 10 3 19 11 7 19 12
67 235 18 6 6 0 10 13 1 10 8 3 10 13 9 10 13 0 11 9 6 11 12 9 11 10 1 14 13 4 14 8 6 14 9 1 15 4 3 15 12 4 15 12 3 16 9 4 16 10 6 16 10 9 16 14 0 18 9
68 236 1 1 1 7 12 7
69 238 36 6 10 0 10 12 3 10 16 5 10 8 6 10 11 8 10 13 0 11 8 3 11 13 6 11 14 8 11 10 3 12 10 5 12 11 6 12 11 8 12 14 8 13 11 9 13 9 6 14 12 9 14 11 0 15 9 5 15 9 6 15 11 8 15 13 9 15 9 3 16 12 5 16 11 8 16 12 9 16 11 0 17 9 3 17 12 5 17 9 9 17 11 0 18 12 6 18 12 0 19 10 3 19 13 5 19 10 9 19 10
70 245 6 6 1 0 11 10 2 11 12 3 11 11 6 11 9 7 11 11 9 11 12
71 247 4 4 2 7 16 11 8 16 8 3 19 8 4 19 12
72 253 6 6 1 0 12 12 3 12 12 5 12 12 6 12 11 7 12 10 9 12 6
73 257 20 2 10 1 10 10 8 10 10 1 11 12 8 11 10 1 12 14 8 12 9 1 13 12 8 13 9 1 14 12 8 14 7 1 15 13 8 15 12 1 16 13 8 16 10 1 17 10 8 17 10 1 18 7 8 18 11 1 19 11 8 19 11
74 258 2 2 1 0 19 8 5 19 9
75 264 18 6 6 1 12 5 8 12 9 2 13 8 3 13 14 4 14 12 8 14 10 3 15 11 4 15 8 8 15 9 9 15 13 1 16 13 2 16 12 3 16 13 9 16 10 1 18 9 2 18 12 4 18 12 9 18 12
76 270 3 3 1 2 15 11 6 15 10 8 15 9
77 275 6 6 2 3 11 8 5 11 8 9 11 14 1 14 8 4 14 10 6 14 11
78 276 1 1 1 5 16 11
79 277 18 6 5 0 10 9 3 10 10 5 10 11 0 14 11 1 14 13 2 14 13 3 14 13 8 14 13 1 15 11 3 15 11 2 17 12 5 17 15 8 17 10 0 19 12 1 19 9 2 19 7 5 19 12 8 19 11
80 282 6 6 1 0 17 8 1 17 11 2 17 10 6 17 11 7 17 9 9 17 8
81 288 6 3 3 3 13 11 1 15 10 9 15 11 1 17 8 3 17 12 9 17 9
82 291 2 2 1 1 11 15 3 11 12
83 298 18 6 5 3 10 10 4 10 14 6 10 8 8 10 8 9 10 10 3 11 13 4 11 11 5 11 10 6 11 13 8 11 14 8 13 9 9 13 12 3 17 11 5 17 12 6 17 8 4 19 11 5 19 9 9 19 12
84 299 6 6 1 0 15 11 1 15 7 2 15 8 7 15 8 8 15 12 9 15 8
85 305 3 3 1 1 19 10 3 19 7 8 19 9
86 306 12 3 6 3 13 11 2 14 9 3 14 13 0 15 10 3 15 6 0 17 11 2 17 11 0 18 12 2 18 10 3 18 14 0 19 10 2 19 11
87 312 2 2 1 2 18 12 7 18 12
88 313 1 1 1 5 15 9
89 314 3 3 1 2 17 12 7 17 11 9 17 8
90 319 18 6 6 1 10 10 2 11 13 3 11 11 8 11 9 2 12 11 3 12 5 4 12 11 7 12 11 8 12 10 4 14 9 7 14 10 1 15 12 2 15 9 4 15 9 1 19 12 3 19 11 7 19 9 8 19 10
91 325 6 6 2 0 17 10 3 17 10 6 17 8 7 17 8 2 18 12 9 18 10
92 334 15 5 6 3 10 13 7 10 10 1 12 8 3 12 12 8 12 13 8 13 12 1 14 10 2 14 9 3 14 9 1 16 10 2 16 7 7 16 9 2 18 11 7 18 13 8 18 11
93 337 18 6 6 3 10 13 4 10 8 6 10 8 8 10 8 2 11 7 8 11 7 9 11 10 4 14 10 3 15 9 4 15 13 9 15 15 2 16 10 3 16 12 6 16 12 8 16 10 9 16 10 2 17 11 6 17 13
94 342 12 6 3 0 14 8 1 14 15 2 14 10 4 14 9 5 14 9 2 16 10 4 16 11 6 16 11 0 19 9 1 19 10 5 19 10 6 19 10
95 343 6 6 3 6 11 9 9 15 9 0 19 8 2 19 9 7 19 13 8 19 11
96 344 60 6 10 0 10 11 3 10 10 4 10 7 5 10 9 8 10 10 9 10 8 0 11 11 3 11 9 4 11 9 5 11 11 8 11 9 9 11 12 0 12 7 3 12 10 4 12 10 5 12 7 8 12 12 9 12 10 0 13 10 3 13 14 4 13 10 5 13 14 8 13 10 9 13 14 0 14 10 3 14 13 4 14 10 5 14 10 8 14 9 9 14 13 0 15 8 3 15 12 4 15 10 5 15 13 8 15 10 9 15 12 0 16 7 3 16 12 4 16 9 5 16 11 8 16 9 9 16 14 0 17 9 3 17 10 4 17 9 5 17 8 8 17 8 9 17 10 0 18 12 3 18 11 4 18 12 5 18 11 8 18 9 9 18 11 0 19 13 3 19 14 4 19 11 5 19 7 8 19 9 9 19 14
97 354 4 4 1 0 15 10 2 15 7 6 15 10 8 15 11
98 356 2 2 1 1 18 9 5 18 12
99 359 6 6 2 3 11 10 8 11 13 9 11 8 1 14 13 2 14 10 4 14 15
