20 100
0 0 60 6 10 1 10 9 2 10 11 5 10 10 6 10 11 7 10 13 8 10 9 1 11 11 2 11 9 5 11 10 6 11 9 7 11 16 8 11 7 1 12 10 2 12 8 5 12 8 6 12 8 7 12 9 8 12 8 1 13 9 2 13 12 5 13 12 6 13 14 7 13 8 8 13 13 1 14 14 2 14 9 5 14 11 6 14 10 7 14 14 8 14 7 1 15 11 2 15 9 5 15 10 6 15 11 7 15 14 8 15 7 1 16 10 2 16 10 5 16 7 6 16 10 7 16 7 8 16 11 1 17 10 2 17 8 5 17 9 6 17 12 7 17 12 8 17 9 1 18 10 2 18 12 5 18 12 6 18 11 7 18 11 8 18 9 1 19 10 2 19 17 5 19 11 6 19 10 7 19 10 8 19 11
1 2 4 4 2 0 10 6 5 10 12 7 10 10 9 12 10
2 4 6 6 1 0 12 14 2 12 11 3 12 11 5 12 12 8 12 9 9 12 11
3 8 60 6 10 2 10 11 4 10 12 6 10 9 7 10 11 8 10 12 9 10 9 2 11 10 4 11 11 6 11 10 7 11 12 8 11 13 9 11 8 2 12 8 4 12 12 6 12 12 7 12 12 8 12 7 9 12 11 2 13 10 4 13 11 6 13 11 7 13 9 8 13 14 9 13 8 2 14 8 4 14 12 6 14 8 7 14 12 8 14 9 9 14 8 2 15 13 4 15 9 6 15 11 7 15 11 8 15 10 9 15 11 2 16 12 4 16 7 6 16 10 7 16 10 8 16 10 9 16 11 2 17 9 4 17 9 6 17 10 7 17 12 8 17 12 9 17 5 2 18 11 4 18 11 6 18 10 7 18 13 8 18 10 9 18 11 2 19 9 4 19 12 6 19 11 7 19 13 8 19 9 9 19 12
4 10 3 3 1 4 18 13 5 18 10 9 18 12
5 11 3 3 1 2 19 8 7 19 11 9 19 10
6 13 30 3 10 2 10 9 5 10 7 8 10 13 2 11 10 5 11 12 8 11 12 2 12 11 5 12 12 8 12 14 2 13 12 5 13 13 8 13 7 2 14 9 5 14 10 8 14 10 2 15 10 5 15 12 8 15 12 2 16 10 5 16 11 8 16 12 2 17 10 5 17 10 8 17 11 2 18 11 5 18 7 8 18 11 2 19 10 5 19 11 8 19 8
7 14 12 6 5 3 12 9 8 12 9 0 13 6 6 13 11 4 16 8 8 16 8 3 17 14 6 17 13 7 17 11 0 19 8 4 19 8 7 19 8
8 17 2 2 2 1 13 10 5 19 10
9 20 30 3 10 0 10 7 6 10 6 7 10 8 0 11 8 6 11 9 7 11 11 0 12 11 6 12 11 7 12 12 0 13 10 6 13 10 7 13 11 0 14 11 6 14 13 7 14 11 0 15 9 6 15 9 7 15 14 0 16 13 6 16 13 7 16 8 0 17 10 6 17 12 7 17 12 0 18 13 6 18 10 7 18 8 0 19 11 6 19 10 7 19 12
10 24 18 6 6 2 11 12 6 11 9 9 11 10 0 12 12 2 12 13 4 12 11 8 12 9 9 12 6 4 14 11 8 14 14 0 15 10 4 15 11 9 15 14 2 16 15 6 16 6 0 17 9 6 17 10 8 17 11
11 27 2 2 1 0 14 11 7 14 11
12 28 60 6 10 3 10 8 4 10 8 5 10 12 7 10 14 8 10 11 9 10 12 3 11 13 4 11 10 5 11 10 7 11 11 8 11 14 9 11 11 3 12 13 4 12 13 5 12 13 7 12 12 8 12 12 9 12 11 3 13 10 4 13 13 5 13 8 7 13 7 8 13 10 9 13 15 3 14 10 4 14 10 5 14 10 7 14 8 8 14 10 9 14 10 3 15 10 4 15 10 5 15 9 7 15 11 8 15 11 9 15 9 3 16 14 4 16 10 5 16 8 7 16 13 8 16 12 9 16 10 3 17 10 4 17 13 5 17 11 7 17 12 8 17 12 9 17 9 3 18 8 4 18 10 5 18 11 7 18 11 8 18 11 9 18 9 3 19 8 4 19 13 5 19 10 7 19 13 8 19 10 9 19 10
13 42 2 2 1 0 14 8 3 14 7
14 43 1 1 1 6 16 8
15 45 1 1 1 5 11 12
16 46 1 1 1 0 13 9
17 47 5 5 3 0 13 7 7 13 12 9 13 8 4 14 11 1 17 10
18 52 1 1 1 1 15 11
19 57 10 1 10 0 10 11 0 11 11 0 12 10 0 13 7 0 14 15 0 15 7 0 16 8 0 17 10 0 18 16 0 19 10
20 59 60 6 10 0 10 10 1 10 12 2 10 11 4 10 11 8 10 11 9 10 13 0 11 11 1 11 10 2 11 8 4 11 6 8 11 10 9 11 9 0 12 9 1 12 10 2 12 7 4 12 12 8 12 11 9 12 9 0 13 8 1 13 8 2 13 12 4 13 7 8 13 12 9 13 9 0 14 9 1 14 14 2 14 11 4 14 14 8 14 10 9 14 10 0 15 12 1 15 10 2 15 8 4 15 13 8 15 9 9 15 11 0 16 13 1 16 9 2 16 11 4 16 13 8 16 11 9 16 12 0 17 13 1 17 9 2 17 11 4 17 10 8 17 12 9 17 9 0 18 12 1 18 9 2 18 12 4 18 12 8 18 12 9 18 8 0 19 12 1 19 12 2 19 12 4 19 10 8 19 12 9 19 11
21 67 2 2 1 4 18 10 5 18 15
22 68 24 6 7 1 10 13 2 10 11 3 10 10 8 10 11 9 10 13 2 11 8 3 11 8 5 11 10 8 11 13 9 11 10 1 12 11 2 12 8 8 12 11 2 14 8 5 15 10 8 15 7 1 17 10 3 17 12 5 17 14 9 17 11 1 18 12 3 18 14 5 18 13 9 18 10
23 71 24 6 7 2 10 11 3 10 12 8 10 11 9 10 13 3 12 9 5 12 10 9 12 10 2 13 12 8 13 10 9 13 12 2 14 8 5 14 9 6 14 12 3 15 10 5 15 9 6 15 8 8 15 13 3 16 12 6 16 13 8 16 14 2 18 14 5 18 13 6 18 11 9 18 8
24 80 40 4 10 3 10 6 5 10 12 8 10 12 9 10 10 3 11 11 5 11 13 8 11 11 9 11 12 3 12 9 5 12 10 8 12 13 9 12 9 3 13 11 5 13 8 8 13 13 9 13 9 3 14 10 5 14 12 8 14 9 9 14 13 3 15 10 5 15 8 8 15 8 9 15 9 3 16 8 5 16 12 8 16 11 9 16 9 3 17 11 5 17 9 8 17 7 9 17 8 3 18 9 5 18 8 8 18 11 9 18 8 3 19 11 5 19 10 8 19 10 9 19 13
25 86 12 6 3 0 14 9 5 14 10 7 14 11 9 14 12 1 17 9 2 17 13 7 17 13 9 17 9 0 18 12 1 18 11 2 18 12 5 18 9
26 89 1 1 1 0 19 12
27 90 18 6 6 1 11 11 5 11 6 6 11 9 1 12 9 7 12 9 3 13 9 6 13 13 7 13 9 9 13 11 3 17 9 5 17 12 6 17 11 7 17 5 9 17 12 5 18 12 1 19 9 3 19 10 9 19 13
28 91 2 2 1 5 17 9 8 17 9
29 95 12 6 4 2 11 6 4 11 9 5 11 11 6 11 14 1 12 8 2 12 8 6 12 13 5 14 8 9 14 10 1 17 6 4 17 9 9 17 11
30 101 1 1 1 5 12 10
31 107 3 3 1 1 13 14 6 13 9 7 13 11
32 114 6 3 2 0 10 10 4 10 10 7 10 10 0 18 9 4 18 12 7 18 10
33 120 18 6 6 1 10 11 6 10 13 3 11 9 5 11 15 7 11 12 1 12 6 3 12 14 5 12 11 7 12 15 8 12 11 1 13 11 6 13 10 7 13 10 8 13 10 6 18 10 8 18 11 3 19 10 5 19 10
34 125 3 3 1 0 14 10 3 14 10 5 14 9
35 127 2 2 1 6 13 12 9 13 14
36 132 8 4 3 8 14 13 2 16 11 4 16 11 5 16 11 2 17 11 4 17 11 5 17 8 8 17 11
37 135 3 3 1 1 17 12 3 17 9 9 17 7
38 137 2 2 1 3 17 9 6 17 13
39 140 6 3 3 9 10 9 0 11 12 1 11 8 9 11 9 0 18 10 1 18 12
40 146 6 6 1 0 18 10 1 18 14 2 18 10 3 18 9 5 18 11 6 18 12
41 149 6 6 1 1 19 12 2 19 12 3 19 11 4 19 13 7 19 13 9 19 10
42 155 2 2 1 4 14 10 5 14 14
43 156 18 6 6 1 10 10 7 10 10 3 12 9 4 12 9 5 12 13 7 12 7 3 13 11 4 13 7 5 13 8 1 15 6 2 15 11 4 15 10 1 17 11 2 17 12 7 17 11 2 19 10 3 19 7 5 19 13
44 159 18 6 6 1 11 11 3 11 11 4 11 8 6 11 12 2 12 11 5 12 8 6 12 13 4 13 7 1 15 12 2 15 10 3 15 9 5 15 9 6 15 14 4 17 10 5 17 6 1 19 15 2 19 15 3 19 10
45 160 12 4 5 1 11 10 5 11 15 1 15 13 7 15 10 6 16 10 7 16 6 5 17 9 6 17 10 1 19 11 5 19 10 6 19 14 7 19 9
46 161 2 2 1 0 17 11 8 17 8
47 163 2 2 1 2 12 10 9 12 9
48 166 2 2 1 0 10 11 6 10 11
49 167 8 4 3 3 13 10 7 13 14 8 13 10 7 17 12 8 17 8 9 17 12 3 18 13 9 18 8
50 169 12 6 4 0 12 14 5 12 9 6 16 11 7 16 10 8 16 13 9 16 8 0 17 13 7 17 12 9 17 8 5 18 12 6 18 12 8 18 11
51 170 5 5 2 6 14 13 7 14 8 8 14 10 1 18 14 9 18 10
52 176 2 2 2 7 13 12 3 14 10
53 177 6 6 2 2 12 13 4 12 13 7 12 7 8 12 11 5 16 15 6 16 12
54 184 40 4 10 0 10 11 1 10 8 8 10 13 9 10 10 0 11 11 1 11 10 8 11 10 9 11 9 0 12 10 1 12 7 8 12 11 9 12 10 0 13 13 1 13 11 8 13 10 9 13 9 0 14 7 1 14 7 8 14 9 9 14 12 0 15 13 1 15 12 8 15 13 9 15 10 0 16 10 1 16 6 8 16 7 9 16 13 0 17 12 1 17 11 8 17 8 9 17 10 0 18 11 1 18 13 8 18 14 9 18 10 0 19 12 1 19 8 8 19 9 9 19 5
55 188 1 1 1 9 16 12
56 189 2 2 1 0 16 9 8 16 13
57 193 6 6 1 1 11 9 4 11 14 5 11 11 7 11 7 8 11 9 9 11 10
58 198 2 2 1 0 12 10 2 12 12
59 204 4 4 1 0 19 12 3 19 11 8 19 10 9 19 12
60 206 1 1 1 2 19 9
61 208 60 6 10 0 10 9 3 10 10 5 10 11 6 10 8 7 10 10 9 10 12 0 11 10 3 11 9 5 11 12 6 11 8 7 11 9 9 11 9 0 12 9 3 12 9 5 12 9 6 12 6 7 12 11 9 12 12 0 13 14 3 13 10 5 13 12 6 13 9 7 13 10 9 13 9 0 14 8 3 14 12 5 14 11 6 14 10 7 14 12 9 14 8 0 15 12 3 15 12 5 15 11 6 15 6 7 15 13 9 15 11 0 16 8 3 16 11 5 16 12 6 16 14 7 16 13 9 16 9 0 17 12 3 17 10 5 17 8 6 17 9 7 17 12 9 17 12 0 18 10 3 18 9 5 18 8 6 18 11 7 18 9 9 18 10 0 19 11 3 19 14 5 19 11 6 19 14 7 19 10 9 19 8
62 219 6 6 1 0 12 13 1 12 13 2 12 14 6 12 10 8 12 7 9 12 10
63 225 6 6 1 0 18 12 1 18 11 2 18 11 3 18 8 5 18 11 8 18 12
64 229 2 2 1 1 18 10 7 18 12
65 231 6 6 1 1 19 11 3 19 11 4 19 13 6 19 9 7 19 7 8 19 12
66 232 18 6 5 3 10 13 5 10 10 2 11 13 3 11 8 4 11 9 5 11 9 8 11 8 9 11 12 2 14 9 4 14 8 8 14 10 9 14 11 5 15 11 9 15 12 2 19 13 3 19 13 4 19 13 8 19 13
67 235 12 6 4 8 11 11 3 15 13 4 15 10 5 15 10 1 16 14 3 16 9 4 16 9 8 16 10 9 16 12 1 19 12 5 19 10 9 19 11
68 236 20 2 10 1 10 9 9 10 8 1 11 11 9 11 12 1 12 7 9 12 10 1 13 12 9 13 9 1 14 9 9 14 12 1 15 11 9 15 10 1 16 12 9 16 10 1 17 12 9 17 6 1 18 8 9 18 12 1 19 9 9 19 13
69 238 4 4 1 5 16 12 6 16 8 7 16 9 9 16 11
70 245 18 6 5 0 11 9 4 11 11 6 11 12 8 11 11 0 12 9 1 12 6 5 12 11 6 12 12 4 14 8 5 14 11 8 14 12 0 16 12 1 16 12 4 16 11 1 18 9 5 18 11 6 18 11 8 18 9
71 247 6 6 2 0 13 12 2 13 8 6 13 8 7 13 14 4 18 11 5 18 13
72 253 2 2 1 6 17 11 9 17 12
73 257 6 6 2 5 12 7 0 14 8 1 14 10 6 14 10 8 14 13 9 14 11
74 258 60 6 10 0 10 7 3 10 9 4 10 16 6 10 11 7 10 12 8 10 10 0 11 10 3 11 11 4 11 9 6 11 13 7 11 8 8 11 10 0 12 9 3 12 11 4 12 12 6 12 12 7 12 14 8 12 11 0 13 9 3 13 10 4 13 13 6 13 11 7 13 7 8 13 13 0 14 11 3 14 15 4 14 10 6 14 10 7 14 9 8 14 11 0 15 12 3 15 10 4 15 12 6 15 11 7 15 7 8 15 13 0 16 9 3 16 14 4 16 11 6 16 11 7 16 12 8 16 9 0 17 14 3 17 11 4 17 10 6 17 14 7 17 8 8 17 9 0 18 14 3 18 11 4 18 9 6 18 13 7 18 9 8 18 10 0 19 12 3 19 13 4 19 11 6 19 12 7 19 11 8 19 12
75 264 12 6 4 1 11 13 2 11 10 6 11 12 7 11 10 8 11 13 0 13 11 1 13 10 6 13 9 2 14 10 7 14 10 0 17 9 8 17 10
76 270 24 6 7 1 10 13 3 10 13 6 10 6 7 10 11 9 10 12 1 11 11 3 11 13 6 11 14 9 11 12 0 13 12 1 13 12 6 13 10 9 13 11 0 15 10 1 15 9 3 15 15 6 15 10 7 15 11 0 16 7 3 16 13 7 16 12 0 18 13 7 18 13 9 19 10
77 275 1 1 1 7 14 12
78 276 3 3 1 5 19 9 6 19 10 8 19 11
79 277 8 4 4 1 10 9 4 10 12 3 16 12 9 16 10 3 17 12 4 17 7 9 17 10 1 19 11
80 282 6 3 3 3 14 9 5 14 12 7 14 10 3 16 7 5 16 14 7 18 13
81 288 3 3 2 3 12 11 4 12 12 6 18 7
82 291 6 6 1 2 13 12 3 13 7 4 13 12 6 13 9 7 13 12 8 13 12
83 298 8 4 3 1 10 11 7 10 12 0 11 13 1 11 12 3 11 6 0 17 10 3 17 8 7 17 11
84 299 12 6 4 1 10 10 2 10 11 9 10 12 1 11 12 5 11 9 6 13 11 8 13 10 9 13 7 2 19 11 5 19 9 6 19 9 8 19 8
85 305 4 4 1 0 18 7 4 18 11 5 18 17 7 18 10
86 306 1 1 1 0 12 9
87 312 60 6 10 0 10 10 1 10 7 3 10 11 5 10 11 6 10 11 7 10 6 0 11 10 1 11 9 3 11 11 5 11 13 6 11 11 7 11 10 0 12 8 1 12 15 3 12 11 5 12 9 6 12 10 7 12 7 0 13 11 1 13 9 3 13 8 5 13 9 6 13 11 7 13 13 0 14 13 1 14 13 3 14 10 5 14 6 6 14 10 7 14 9 0 15 14 1 15 14 3 15 13 5 15 13 6 15 9 7 15 12 0 16 7 1 16 10 3 16 12 5 16 13 6 16 10 7 16 13 0 17 7 1 17 8 3 17 10 5 17 13 6 17 13 7 17 9 0 18 13 1 18 12 3 18 12 5 18 12 6 18 11 7 18 12 0 19 11 1 19 10 3 19 12 5 19 10 6 19 12 7 19 11
88 313 3 3 1 5 10 9 8 10 11 9 10 11
89 314 4 4 1 0 12 8 1 12 10 3 12 8 4 12 11
90 319 30 3 10 0 10 12 1 10 11 5 10 12 0 11 10 1 11 10 5 11 11 0 12 8 1 12 8 5 12 12 0 13 12 1 13 11 5 13 13 0 14 11 1 14 9 5 14 7 0 15 15 1 15 9 5 15 11 0 16 11 1 16 10 5 16 15 0 17 10 1 17 7 5 17 7 0 18 11 1 18 13 5 18 7 0 19 8 1 19 10 5 19 13
91 325 4 4 2 3 15 8 5 15 12 7 15 10 1 18 13
92 334 12 4 5 1 11 10 5 11 10 6 11 11 1 16 11 5 16 12 8 16 6 6 17 12 8 17 16 1 18 11 6 18 10 8 18 10 5 19 13
93 337 2 2 1 0 14 8 8 14 9
94 342 1 1 1 1 10 10
95 343 6 3 3 2 11 12 5 11 11 4 12 9 2 18 12 4 18 12 5 18 12
96 344 1 1 1 3 12 8
97 354 18 6 5 8 10 12 9 10 10 2 14 11 5 14 9 7 14 10 9 14 12 1 16 11 2 16 14 5 16 8 7 16 8 8 16 14 1 18 10 7 18 12 8 18 12 1 19 10 2 19 12 5 19 8 9 19 12
98 356 50 5 10 1 10 11 2 10 10 3 10 7 6 10 9 7 10 10 1 11 10 2 11 11 3 11 11 6 11 11 7 11 12 1 12 12 2 12 7 3 12 12 6 12 12 7 12 9 1 13 9 2 13 12 3 13 10 6 13 10 7 13 9 1 14 13 2 14 13 3 14 11 6 14 13 7 14 12 1 15 9 2 15 11 3 15 11 6 15 9 7 15 14 1 16 9 2 16 9 3 16 11 6 16 12 7 16 11 1 17 12 2 17 13 3 17 12 6 17 5 7 17 7 1 18 11 2 18 7 3 18 8 6 18 14 7 18 6 1 19 10 2 19 11 3 19 9 6 19 11 7 19 11
99 359 1 1 1 1 12 11
