20 100
0 0 24 6 6 0 11 12 4 11 6 5 11 8 6 11 13 9 11 9 0 12 10 2 12 8 9 12 11 0 14 11 4 14 12 5 14 12 6 14 11 2 17 14 4 17 12 2 18 9 5 18 8 6 18 9 9 18 11 0 19 7 2 19 9 4 19 13 5 19 14 6 19 10 9 19 13
1 2 60 6 10 2 10 12 3 10 10 4 10 10 5 10 13 7 10 6 9 10 12 2 11 9 3 11 14 4 11 12 5 11 13 7 11 11 9 11 8 2 12 12 3 12 8 4 12 11 5 12 11 7 12 11 9 12 13 2 13 9 3 13 11 4 13 8 5 13 11 7 13 12 9 13 12 2 14 13 3 14 12 4 14 11 5 14 7 7 14 10 9 14 6 2 15 13 3 15 15 4 15 9 5 15 10 7 15 11 9 15 6 2 16 11 3 16 10 4 16 12 5 16 10 7 16 11 9 16 9 2 17 14 3 17 12 4 17 9 5 17 13 7 17 7 9 17 13 2 18 13 3 18 11 4 18 9 5 18 11 7 18 14 9 18 8 2 19 7 3 19 13 4 19 11 5 19 7 7 19 9 9 19 11
2 4 50 5 10 0 10 8 1 10 14 3 10 11 4 10 11 6 10 9 0 11 11 1 11 8 3 11 10 4 11 8 6 11 14 0 12 10 1 12 7 3 12 10 4 12 10 6 12 11 0 13 12 1 13 11 3 13 14 4 13 11 6 13 12 0 14 9 1 14 13 3 14 12 4 14 8 6 14 8 0 15 12 1 15 14 3 15 10 4 15 12 6 15 11 0 16 11 1 16 12 3 16 9 4 16 11 6 16 16 0 17 11 1 17 11 3 17 11 4 17 13 6 17 11 0 18 13 1 18 11 3 18 14 4 18 10 6 18 8 0 19 12 1 19 10 3 19 9 4 19 8 6 19 11
3 8 3 3 1 0 19 9 3 19 11 6 19 8
4 10 6 3 2 5 14 12 6 14 9 9 14 13 5 17 9 6 17 8 9 17 10
5 11 6 3 3 3 11 10 7 11 11 1 12 10 3 12 4 1 19 10 7 19 9
6 13 1 1 1 2 10 9
7 14 3 3 1 3 11 9 4 11 9 9 11 13
8 17 1 1 1 8 16 8
9 20 1 1 1 8 18 8
10 24 3 3 1 1 16 10 8 16 11 9 16 8
11 27 10 5 3 3 10 14 7 10 10 0 11 11 3 11 11 4 11 8 5 11 11 0 17 12 4 17 10 5 17 14 7 17 12
12 28 4 4 1 0 13 14 1 13 10 5 13 11 7 13 6
13 42 6 6 1 3 17 11 4 17 12 5 17 11 6 17 12 7 17 13 9 17 14
14 43 10 5 3 0 12 11 2 12 12 7 12 14 0 13 9 6 13 9 7 13 7 8 13 11 2 18 11 6 18 10 8 18 7
15 45 1 1 1 5 10 7
16 46 30 3 10 2 10 11 4 10 9 7 10 11 2 11 11 4 11 8 7 11 8 2 12 10 4 12 9 7 12 6 2 13 9 4 13 6 7 13 10 2 14 9 4 14 10 7 14 14 2 15 11 4 15 9 7 15 10 2 16 12 4 16 9 7 16 8 2 17 13 4 17 14 7 17 10 2 18 12 4 18 7 7 18 12 2 19 11 4 19 8 7 19 9
17 47 6 6 1 0 12 7 3 12 13 4 12 11 7 12 10 8 12 10 9 12 13
18 52 3 3 2 0 10 8 4 10 9 8 18 15
19 57 4 4 2 5 12 13 8 12 6 4 13 11 9 13 10
20 59 1 1 1 9 12 8
21 67 3 3 1 1 13 16 6 13 12 7 13 12
22 68 8 4 3 3 12 9 3 14 12 5 14 11 6 14 10 8 14 13 5 16 11 6 16 13 8 16 12
23 71 18 6 6 5 10 8 8 10 11 2 13 7 5 13 15 8 13 10 1 14 11 3 14 10 7 14 8 2 15 9 3 15 8 7 15 11 1 16 8 2 16 11 7 16 11 8 16 9 1 17 14 3 17 13 5 17 12
24 80 1 1 1 0 11 9
25 86 6 6 1 0 13 8 1 13 9 4 13 9 5 13 9 6 13 10 9 13 10
26 89 6 6 3 0 13 9 3 13 12 2 14 7 6 14 12 8 14 9 4 17 12
27 90 2 2 1 4 15 11 7 15 11
28 91 60 6 10 0 10 10 1 10 12 2 10 11 3 10 11 7 10 9 9 10 10 0 11 9 1 11 8 2 11 13 3 11 11 7 11 10 9 11 6 0 12 13 1 12 11 2 12 8 3 12 14 7 12 12 9 12 12 0 13 9 1 13 11 2 13 10 3 13 12 7 13 10 9 13 15 0 14 11 1 14 8 2 14 9 3 14 9 7 14 11 9 14 11 0 15 9 1 15 10 2 15 7 3 15 10 7 15 14 9 15 9 0 16 9 1 16 13 2 16 13 3 16 13 7 16 11 9 16 8 0 17 9 1 17 6 2 17 10 3 17 7 7 17 10 9 17 10 0 18 11 1 18 9 2 18 13 3 18 11 7 18 9 9 18 14 0 19 11 1 19 14 2 19 12 3 19 11 7 19 9 9 19 13
29 95 3 3 1 0 10 13 3 10 12 4 10 10
30 101 3 3 1 6 15 12 7 15 10 8 15 9
31 107 18 6 5 0 10 10 4 10 14 6 10 12 0 14 8 4 14 5 5 14 11 6 14 10 7 14 10 8 14 9 5 15 10 7 15 5 0 18 8 5 18 10 6 18 14 7 18 13 8 18 11 4 19 12 8 19 10
32 114 6 6 1 2 10 8 3 10 16 4 10 12 5 10 9 7 10 8 9 10 14
33 120 20 2 10 6 10 8 8 10 12 6 11 12 8 11 10 6 12 14 8 12 8 6 13 10 8 13 11 6 14 10 8 14 11 6 15 15 8 15 12 6 16 13 8 16 9 6 17 12 8 17 10 6 18 12 8 18 11 6 19 10 8 19 10
34 125 1 1 1 7 12 11
35 127 6 6 2 4 16 12 7 16 14 8 16 11 0 17 9 5 17 12 6 17 14
36 132 20 2 10 3 10 12 5 10 11 3 11 12 5 11 13 3 12 12 5 12 6 3 13 9 5 13 11 3 14 9 5 14 11 3 15 10 5 15 11 3 16 12 5 16 14 3 17 14 5 17 11 3 18 13 5 18 9 3 19 11 5 19 9
37 135 6 6 1 1 14 14 2 14 15 3 14 10 5 14 10 6 14 12 8 14 9
38 137 18 6 5 0 11 12 2 11 9 3 11 7 8 11 10 2 14 9 9 14 9 0 16 14 3 16 8 5 16 9 9 16 13 0 17 10 2 17 9 5 17 13 8 17 10 9 17 13 3 18 11 5 18 16 8 18 12
39 140 24 6 7 0 10 11 2 10 10 3 10 6 4 10 8 7 10 11 0 11 11 1 11 11 2 11 8 4 11 9 7 11 12 0 12 8 1 12 11 3 12 11 4 12 9 1 13 12 3 13 12 7 13 13 2 15 6 4 15 9 2 18 10 3 18 9 7 18 8 0 19 9 1 19 11
40 146 6 6 3 0 10 9 1 10 8 7 10 12 8 18 11 6 19 12 9 19 9
41 149 8 4 3 0 10 10 1 10 9 2 10 9 0 15 9 2 15 13 5 15 10 1 16 8 5 16 6
42 155 1 1 1 0 18 10
43 156 15 5 6 1 10 11 4 10 13 7 10 10 4 14 14 5 14 12 8 14 11 5 15 8 7 15 9 1 16 8 7 16 10 5 17 12 8 17 11 1 18 9 4 18 8 8 18 9
44 159 6 6 1 0 14 13 1 14 6 2 14 11 3 14 10 7 14 16 8 14 9
45 160 2 2 1 2 14 13 9 14 8
46 161 12 6 4 2 10 10 5 10 8 9 10 13 0 11 9 2 15 12 5 15 12 6 15 11 8 15 10 0 16 10 6 16 13 8 16 14 9 16 13
47 163 1 1 1 2 16 15
48 166 5 5 1 0 15 13 2 15 16 3 15 13 5 15 13 7 15 11
49 167 60 6 10 2 10 11 3 10 10 4 10 9 6 10 11 7 10 10 9 10 12 2 11 13 3 11 7 4 11 12 6 11 10 7 11 9 9 11 11 2 12 11 3 12 12 4 12 12 6 12 10 7 12 10 9 12 7 2 13 10 3 13 11 4 13 6 6 13 9 7 13 11 9 13 10 2 14 9 3 14 11 4 14 10 6 14 12 7 14 12 9 14 11 2 15 15 3 15 11 4 15 8 6 15 9 7 15 10 9 15 14 2 16 10 3 16 9 4 16 11 6 16 12 7 16 12 9 16 8 2 17 9 3 17 11 4 17 14 6 17 10 7 17 11 9 17 11 2 18 12 3 18 9 4 18 12 6 18 11 7 18 12 9 18 11 2 19 8 3 19 12 4 19 12 6 19 13 7 19 11 9 19 7
50 169 3 3 1 1 18 9 5 18 12 9 18 13
51 170 2 2 1 0 13 14 6 13 11
52 176 2 2 2 8 10 11 6 17 14
53 177 60 6 10 1 10 12 4 10 9 5 10 10 6 10 11 8 10 7 9 10 10 1 11 12 4 11 14 5 11 8 6 11 8 8 11 13 9 11 12 1 12 10 4 12 10 5 12 9 6 12 11 8 12 14 9 12 13 1 13 7 4 13 11 5 13 9 6 13 11 8 13 14 9 13 14 1 14 13 4 14 10 5 14 12 6 14 9 8 14 10 9 14 9 1 15 4 4 15 7 5 15 8 6 15 13 8 15 11 9 15 10 1 16 7 4 16 11 5 16 9 6 16 8 8 16 12 9 16 10 1 17 12 4 17 11 5 17 10 6 17 7 8 17 10 9 17 13 1 18 10 4 18 12 5 18 11 6 18 8 8 18 12 9 18 11 1 19 8 4 19 11 5 19 10 6 19 9 8 19 8 9 19 12
54 184 6 6 2 2 11 8 3 11 11 6 11 10 9 11 15 7 15 9 8 15 13
55 188 1 1 1 5 18 12
56 189 40 4 10 0 10 12 3 10 11 4 10 8 6 10 9 0 11 10 3 11 12 4 11 12 6 11 11 0 12 11 3 12 13 4 12 11 6 12 9 0 13 11 3 13 9 4 13 14 6 13 10 0 14 6 3 14 8 4 14 7 6 14 13 0 15 7 3 15 10 4 15 12 6 15 11 0 16 9 3 16 13 4 16 10 6 16 12 0 17 10 3 17 10 4 17 11 6 17 9 0 18 11 3 18 10 4 18 14 6 18 13 0 19 8 3 19 10 4 19 6 6 19 11
57 193 18 6 6 0 10 11 4 10 10 5 10 9 2 13 9 5 13 12 9 13 10 2 14 10 6 14 12 0 16 12 4 16 10 6 16 13 9 16 8 0 17 11 6 17 8 2 19 8 4 19 9 5 19 9 9 19 13
58 198 6 6 2 3 13 9 7 13 12 8 13 10 1 14 11 2 14 13 4 14 12
59 204 6 6 1 0 17 5 4 17 13 5 17 11 6 17 10 8 17 14 9 17 10
60 206 6 6 1 1 16 12 2 16 9 3 16 12 4 16 12 6 16 13 8 16 10
61 208 18 6 5 0 10 10 2 10 12 5 10 12 9 10 14 0 12 9 1 12 9 2 12 13 4 12 10 5 12 11 0 13 11 1 13 9 2 13 12 4 13 10 1 15 10 5 15 13 9 15 9 4 16 13 9 16 10
62 219 60 6 10 2 10 10 4 10 9 5 10 7 6 10 12 7 10 6 8 10 9 2 11 11 4 11 10 5 11 11 6 11 9 7 11 9 8 11 8 2 12 6 4 12 12 5 12 10 6 12 9 7 12 10 8 12 11 2 13 11 4 13 9 5 13 10 6 13 12 7 13 11 8 13 11 2 14 10 4 14 8 5 14 12 6 14 7 7 14 11 8 14 8 2 15 10 4 15 12 5 15 11 6 15 9 7 15 12 8 15 7 2 16 13 4 16 10 5 16 7 6 16 14 7 16 11 8 16 5 2 17 11 4 17 13 5 17 10 6 17 11 7 17 10 8 17 4 2 18 10 4 18 12 5 18 11 6 18 12 7 18 7 8 18 14 2 19 8 4 19 12 5 19 9 6 19 12 7 19 7 8 19 11
63 225 6 6 1 0 17 7 2 17 10 3 17 11 5 17 7 7 17 8 8 17 10
64 229 2 2 1 3 18 9 8 18 8
65 231 12 4 5 1 10 11 7 10 10 9 10 9 1 12 14 4 12 8 7 12 9 9 12 11 1 13 9 4 14 11 7 14 10 9 14 8 4 17 9
66 232 10 1 10 2 10 10 2 11 10 2 12 12 2 13 10 2 14 12 2 15 8 2 16 12 2 17 12 2 18 8 2 19 13
67 235 2 2 2 6 12 14 1 15 10
68 236 24 6 6 0 11 12 3 11 9 4 11 11 6 11 11 8 12 12 0 14 12 2 14 9 3 14 8 4 14 12 8 14 9 0 15 8 2 15 12 6 15 6 8 15 6 2 16 10 3 16 9 4 16 7 6 16 12 0 19 9 2 19 8 3 19 10 4 19 9 6 19 11 8 19 8
69 238 1 1 1 1 10 5
70 245 60 6 10 1 10 10 3 10 9 4 10 8 6 10 12 7 10 10 8 10 9 1 11 13 3 11 10 4 11 13 6 11 11 7 11 10 8 11 13 1 12 12 3 12 9 4 12 10 6 12 11 7 12 9 8 12 10 1 13 8 3 13 14 4 13 6 6 13 13 7 13 11 8 13 10 1 14 12 3 14 11 4 14 10 6 14 8 7 14 11 8 14 11 1 15 11 3 15 12 4 15 10 6 15 12 7 15 11 8 15 12 1 16 12 3 16 13 4 16 12 6 16 12 7 16 12 8 16 7 1 17 10 3 17 9 4 17 8 6 17 11 7 17 13 8 17 10 1 18 12 3 18 8 4 18 9 6 18 10 7 18 11 8 18 8 1 19 10 3 19 10 4 19 8 6 19 12 7 19 11 8 19 11
71 247 6 3 3 6 12 11 0 13 12 4 13 13 6 13 6 0 16 9 4 16 10
72 253 60 6 10 0 10 10 5 10 10 6 10 13 7 10 12 8 10 9 9 10 9 0 11 12 5 11 12 6 11 8 7 11 7 8 11 8 9 11 8 0 12 12 5 12 8 6 12 10 7 12 10 8 12 8 9 12 10 0 13 12 5 13 8 6 13 12 7 13 9 8 13 14 9 13 9 0 14 9 5 14 11 6 14 11 7 14 13 8 14 8 9 14 11 0 15 12 5 15 8 6 15 12 7 15 15 8 15 11 9 15 11 0 16 5 5 16 11 6 16 12 7 16 7 8 16 8 9 16 11 0 17 7 5 17 9 6 17 9 7 17 12 8 17 8 9 17 11 0 18 11 5 18 13 6 18 11 7 18 11 8 18 13 9 18 7 0 19 10 5 19 11 6 19 12 7 19 9 8 19 9 9 19 9
73 257 24 6 7 5 10 12 6 10 11 8 10 9 9 10 12 0 11 12 8 11 14 9 11 16 0 12 13 4 12 8 6 12 12 9 12 11 0 13 11 4 13 10 5 13 14 6 13 8 8 13 11 4 14 10 9 14 11 4 16 6 5 16 9 0 17 7 5 17 9 6 17 13 8 17 10
74 258 2 2 1 3 18 9 6 18 9
75 264 60 6 10 1 10 9 2 10 7 3 10 10 4 10 14 7 10 9 8 10 11 1 11 11 2 11 5 3 11 11 4 11 13 7 11 10 8 11 12 1 12 11 2 12 8 3 12 10 4 12 11 7 12 10 8 12 10 1 13 13 2 13 7 3 13 11 4 13 13 7 13 9 8 13 11 1 14 9 2 14 11 3 14 11 4 14 11 7 14 9 8 14 4 1 15 8 2 15 8 3 15 10 4 15 12 7 15 8 8 15 10 1 16 9 2 16 10 3 16 12 4 16 10 7 16 14 8 16 10 1 17 9 2 17 10 3 17 7 4 17 13 7 17 8 8 17 11 1 18 10 2 18 8 3 18 13 4 18 8 7 18 14 8 18 10 1 19 12 2 19 10 3 19 11 4 19 14 7 19 11 8 19 10
76 270 3 1 3 8 11 8 8 13 11 8 19 11
77 275 60 6 10 0 10 11 1 10 15 4 10 11 5 10 9 7 10 11 8 10 15 0 11 12 1 11 11 4 11 8 5 11 10 7 11 10 8 11 10 0 12 12 1 12 6 4 12 10 5 12 7 7 12 7 8 12 12 0 13 11 1 13 14 4 13 9 5 13 12 7 13 12 8 13 11 0 14 11 1 14 17 4 14 7 5 14 10 7 14 11 8 14 10 0 15 11 1 15 8 4 15 13 5 15 13 7 15 10 8 15 12 0 16 10 1 16 10 4 16 13 5 16 12 7 16 10 8 16 11 0 17 12 1 17 11 4 17 8 5 17 10 7 17 10 8 17 15 0 18 9 1 18 10 4 18 13 5 18 14 7 18 14 8 18 11 0 19 13 1 19 11 4 19 12 5 19 10 7 19 14 8 19 14
78 276 18 6 5 0 11 5 2 11 10 6 11 13 7 11 7 9 11 12 0 12 9 5 12 11 7 12 12 0 14 8 2 14 11 9 14 10 5 16 8 6 16 11 7 16 14 2 17 11 5 17 9 6 17 10 9 17 12
79 277 40 4 10 0 10 10 2 10 9 6 10 11 7 10 10 0 11 10 2 11 11 6 11 11 7 11 11 0 12 14 2 12 11 6 12 12 7 12 11 0 13 12 2 13 8 6 13 10 7 13 10 0 14 10 2 14 11 6 14 8 7 14 9 0 15 12 2 15 11 6 15 9 7 15 11 0 16 10 2 16 10 6 16 11 7 16 9 0 17 12 2 17 10 6 17 14 7 17 12 0 18 11 2 18 12 6 18 9 7 18 11 0 19 9 2 19 12 6 19 11 7 19 9
80 282 4 4 2 1 11 9 6 11 11 9 11 8 3 18 9
81 288 12 6 4 0 11 10 3 11 14 7 11 10 8 11 12 9 11 11 0 13 12 1 13 14 3 13 10 7 13 10 8 16 10 9 16 10 1 17 14
82 291 18 6 5 1 10 17 3 10 11 5 10 10 7 10 13 1 11 12 2 11 12 3 11 13 5 11 11 7 11 9 8 11 10 2 17 11 5 17 13 8 17 11 1 18 10 2 18 13 7 18 14 8 18 10 3 19 8
83 298 4 2 2 5 10 13 8 10 12 5 19 14 8 19 11
84 299 60 6 10 0 10 13 1 10 11 2 10 11 4 10 10 6 10 9 8 10 10 0 11 11 1 11 12 2 11 8 4 11 8 6 11 9 8 11 8 0 12 11 1 12 12 2 12 12 4 12 14 6 12 10 8 12 10 0 13 9 1 13 13 2 13 13 4 13 10 6 13 11 8 13 11 0 14 14 1 14 13 2 14 14 4 14 11 6 14 13 8 14 13 0 15 13 1 15 10 2 15 9 4 15 12 6 15 13 8 15 10 0 16 14 1 16 14 2 16 15 4 16 14 6 16 12 8 16 8 0 17 9 1 17 13 2 17 11 4 17 12 6 17 12 8 17 13 0 18 10 1 18 10 2 18 9 4 18 8 6 18 8 8 18 10 0 19 10 1 19 10 2 19 12 4 19 11 6 19 10 8 19 15
85 305 1 1 1 2 11 6
86 306 18 6 6 4 10 9 2 12 10 4 12 8 6 12 9 0 13 9 5 13 10 6 13 7 8 13 13 0 14 11 2 14 10 5 14 13 8 14 9 2 16 12 4 16 10 6 16 9 0 19 12 5 19 14 8 19 9
87 312 4 2 2 1 16 8 9 16 8 1 19 10 9 19 11
88 313 12 6 3 0 12 13 5 12 9 7 12 9 9 12 12 1 13 7 3 13 11 9 13 15 0 16 8 1 16 10 3 16 9 5 16 10 7 16 8
89 314 18 6 6 1 10 11 6 10 12 9 10 8 3 12 12 6 12 13 8 12 9 1 14 9 4 14 9 6 14 9 8 14 11 9 14 10 1 16 10 3 16 8 3 18 9 4 18 12 8 18 11 4 19 9 9 19 9
90 319 6 3 3 5 11 9 6 11 8 5 16 6 8 16 14 6 19 11 8 19 9
91 325 60 6 10 1 10 9 2 10 11 3 10 10 4 10 12 7 10 11 8 10 10 1 11 12 2 11 9 3 11 14 4 11 12 7 11 8 8 11 12 1 12 10 2 12 12 3 12 12 4 12 17 7 12 12 8 12 9 1 13 8 2 13 10 3 13 13 4 13 8 7 13 8 8 13 13 1 14 10 2 14 8 3 14 10 4 14 11 7 14 14 8 14 11 1 15 11 2 15 8 3 15 11 4 15 10 7 15 12 8 15 6 1 16 8 2 16 8 3 16 10 4 16 10 7 16 10 8 16 11 1 17 9 2 17 11 3 17 16 4 17 9 7 17 11 8 17 13 1 18 11 2 18 14 3 18 13 4 18 11 7 18 9 8 18 11 1 19 11 2 19 10 3 19 9 4 19 13 7 19 11 8 19 13
92 334 40 4 10 2 10 9 4 10 10 8 10 9 9 10 12 2 11 10 4 11 13 8 11 12 9 11 11 2 12 11 4 12 7 8 12 11 9 12 12 2 13 11 4 13 14 8 13 11 9 13 10 2 14 9 4 14 9 8 14 10 9 14 9 2 15 11 4 15 9 8 15 13 9 15 10 2 16 8 4 16 10 8 16 8 9 16 12 2 17 6 4 17 10 8 17 11 9 17 9 2 18 12 4 18 10 8 18 4 9 18 10 2 19 9 4 19 11 8 19 11 9 19 12
93 337 18 6 6 0 10 12 3 10 11 5 10 11 6 10 11 8 10 9 0 15 13 3 15 11 5 15 11 7 15 11 8 15 9 0 16 12 6 16 6 6 17 11 7 17 8 3 18 11 5 18 12 8 18 8 7 19 13
94 342 40 4 10 2 10 11 5 10 8 6 10 14 8 10 10 2 11 11 5 11 14 6 11 6 8 11 12 2 12 10 5 12 13 6 12 11 8 12 11 2 13 9 5 13 11 6 13 8 8 13 13 2 14 12 5 14 13 6 14 11 8 14 11 2 15 9 5 15 10 6 15 10 8 15 10 2 16 12 5 16 9 6 16 11 8 16 10 2 17 11 5 17 11 6 17 10 8 17 12 2 18 11 5 18 8 6 18 7 8 18 10 2 19 12 5 19 11 6 19 12 8 19 10
95 343 3 3 1 1 16 11 4 16 10 8 16 12
96 344 18 6 6 2 10 10 4 10 8 9 10 10 2 11 15 6 11 12 8 11 9 7 12 8 8 12 9 9 12 10 4 13 8 6 13 13 9 13 9 4 15 11 7 15 9 2 19 10 6 19 10 7 19 11 8 19 11
97 354 3 3 1 0 17 12 2 17 11 6 17 10
98 356 20 2 10 6 10 9 9 10 11 6 11 7 9 11 14 6 12 11 9 12 11 6 13 10 9 13 15 6 14 11 9 14 11 6 15 9 9 15 10 6 16 12 9 16 10 6 17 13 9 17 11 6 18 9 9 18 12 6 19 10 9 19 12
99 359 2 2 2 2 11 9 4 14 10
