20 100
0 0 18 6 5 3 10 11 5 10 10 8 10 14 9 10 8 0 11 13 5 11 14 7 11 11 8 11 11 9 11 11 0 12 8 3 12 6 7 12 9 8 12 10 9 12 12 0 15 10 5 15 11 7 15 8 3 19 11
1 2 4 2 2 1 12 11 4 12 12 1 19 10 4 19 11
2 4 9 3 4 1 12 12 6 12 9 9 12 10 1 15 8 6 15 13 1 17 6 6 17 8 9 17 8 9 19 10
3 8 6 6 2 1 17 9 2 17 12 3 17 11 9 17 12 0 18 10 8 18 9
4 10 2 2 1 5 11 11 9 11 10
5 11 1 1 1 7 15 7
6 13 10 1 10 3 10 7 3 11 9 3 12 14 3 13 11 3 14 11 3 15 8 3 16 9 3 17 11 3 18 11 3 19 8
7 14 24 6 8 1 10 10 2 10 12 6 10 12 8 10 7 2 11 9 3 11 11 4 11 8 1 12 14 3 12 10 6 12 13 2 14 9 3 14 13 1 16 9 2 16 13 3 16 10 8 16 14 1 17 12 4 17 8 8 17 9 4 18 13 6 18 16 4 19 10 6 19 7 8 19 11
8 17 12 6 4 1 14 11 2 14 9 3 14 10 9 14 11 2 15 12 5 15 10 6 15 11 1 18 15 6 18 9 9 18 12 3 19 8 5 19 7
9 20 18 6 6 4 10 10 5 10 12 9 10 11 3 11 8 4 11 10 9 12 10 2 13 10 3 13 12 4 13 9 5 13 9 8 13 11 9 13 11 2 14 9 3 14 13 8 14 7 2 17 9 5 17 11 8 17 15
10 24 6 6 1 1 12 12 4 12 9 5 12 9 6 12 15 7 12 13 9 12 9
11 27 2 2 1 2 18 5 8 18 10
12 28 18 6 5 0 11 11 6 11 12 7 11 14 0 12 9 7 12 8 8 12 11 9 12 14 3 14 11 6 14 9 8 14 6 9 14 9 3 15 13 7 15 13 8 15 10 9 15 10 0 19 12 3 19 12 6 19 8
13 42 6 6 1 1 17 14 2 17 11 3 17 10 5 17 14 8 17 9 9 17 12
14 43 6 3 3 2 10 9 4 10 12 8 10 10 4 14 10 2 15 9 8 15 12
15 45 6 3 3 4 12 11 5 13 12 8 13 11 4 15 9 5 15 9 8 15 9
16 46 18 3 9 6 10 13 7 10 8 8 10 13 6 11 10 7 11 13 8 11 11 7 12 13 6 13 11 7 15 10 8 15 8 8 16 9 6 17 10 7 17 9 8 17 10 6 18 11 7 18 9 6 19 13 8 19 8
17 47 4 4 1 2 11 10 4 11 9 5 11 9 8 11 9
18 52 6 6 2 2 13 10 6 13 12 4 14 9 5 14 11 8 14 12 9 14 11
19 57 2 2 2 1 15 9 5 18 8
20 59 6 3 3 2 10 12 9 10 9 2 15 10 5 15 9 5 17 10 9 17 11
21 67 6 3 3 5 13 11 7 13 9 4 15 10 7 15 11 4 17 9 5 17 6
22 68 6 6 1 3 13 12 4 13 8 5 13 12 6 13 12 7 13 11 9 13 11
23 71 2 2 1 0 12 8 2 12 10
24 80 2 2 1 2 19 10 9 19 10
25 86 6 6 2 1 10 12 5 10 10 6 10 13 7 10 12 8 12 11 9 12 11
26 89 6 6 1 0 11 12 3 11 9 6 11 11 7 11 11 8 11 12 9 11 10
27 90 6 6 1 1 14 11 2 14 11 3 14 11 4 14 11 6 14 11 9 14 9
28 91 2 2 1 6 15 13 9 15 14
29 95 4 4 1 1 14 13 5 14 11 8 14 10 9 14 11
30 101 1 1 1 4 13 9
31 107 1 1 1 8 11 8
32 114 3 3 2 5 10 11 9 10 11 8 16 7
33 120 1 1 1 9 17 9
34 125 20 4 8 2 10 12 2 11 11 9 11 11 6 12 12 9 12 10 2 13 11 4 13 12 6 13 11 9 13 7 2 16 12 4 16 10 6 16 11 2 17 12 4 17 11 6 17 8 9 17 11 4 18 12 4 19 8 6 19 9 9 19 13
35 127 3 3 2 1 11 10 2 18 10 9 18 9
36 132 10 5 3 0 13 5 6 13 12 7 13 6 1 18 10 3 18 13 7 18 12 0 19 11 1 19 10 3 19 12 6 19 10
37 135 24 6 7 0 11 7 2 11 9 5 11 7 8 11 7 9 11 9 0 12 12 3 12 10 9 12 11 0 14 10 3 14 10 8 14 13 9 14 12 5 15 13 2 16 10 3 16 8 5 16 13 8 16 7 0 17 11 2 17 10 3 17 9 5 17 8 8 17 10 9 17 10 2 18 7
38 137 2 2 1 3 13 9 9 13 12
39 140 18 6 6 0 10 11 2 10 9 0 11 14 1 11 9 2 11 10 4 11 8 5 11 12 7 11 10 1 13 11 4 13 9 5 13 12 7 13 8 0 14 15 5 14 7 4 18 9 1 19 12 2 19 8 7 19 12
40 146 6 6 1 1 10 11 2 10 10 4 10 11 5 10 9 6 10 14 7 10 9
41 149 2 2 1 1 17 10 4 17 9
42 155 12 6 4 1 10 13 3 10 10 4 10 7 7 10 6 1 14 9 4 14 13 9 14 10 8 15 12 3 18 10 7 18 9 8 18 10 9 18 7
43 156 1 1 1 7 17 9
44 159 6 6 1 0 10 8 4 10 9 5 10 10 6 10 14 7 10 11 8 10 10
45 160 12 6 5 5 10 8 8 10 14 1 14 11 1 17 10 2 17 9 7 17 11 3 18 8 7 18 13 2 19 10 3 19 13 5 19 11 8 19 11
46 161 18 6 6 0 10 11 5 10 8 9 10 10 2 11 12 4 11 13 9 11 9 0 13 10 2 13 12 3 13 9 5 13 10 0 14 7 3 14 13 4 14 10 3 16 10 9 16 8 2 19 11 4 19 12 5 19 12
47 163 3 3 2 0 10 8 5 10 10 3 16 9
48 166 4 4 1 1 19 15 3 19 10 6 19 14 8 19 8
49 167 6 6 1 0 16 9 4 16 14 5 16 10 6 16 11 8 16 9 9 16 10
50 169 6 6 1 0 13 14 3 13 9 5 13 9 6 13 10 7 13 9 8 13 10
51 170 1 1 1 4 10 4
52 176 6 6 1 2 18 7 5 18 15 6 18 10 7 18 9 8 18 11 9 18 9
53 177 1 1 1 1 17 8
54 184 3 3 1 2 13 12 3 13 10 8 13 12
55 188 6 6 1 0 11 11 2 11 11 4 11 13 5 11 14 7 11 11 8 11 8
56 189 6 6 2 4 11 12 6 11 8 0 16 8 1 16 10 5 16 11 8 16 8
57 193 6 3 3 2 11 12 5 11 6 7 11 11 2 14 13 5 14 9 7 15 13
58 198 8 4 3 0 10 11 1 10 12 2 10 10 4 10 11 0 14 8 1 14 8 4 14 9 2 17 10
59 204 60 6 10 1 10 13 2 10 12 3 10 11 4 10 14 5 10 8 6 10 5 1 11 10 2 11 10 3 11 10 4 11 11 5 11 8 6 11 9 1 12 8 2 12 8 3 12 10 4 12 10 5 12 11 6 12 9 1 13 12 2 13 13 3 13 11 4 13 10 5 13 8 6 13 7 1 14 11 2 14 9 3 14 11 4 14 11 5 14 11 6 14 9 1 15 14 2 15 7 3 15 12 4 15 7 5 15 16 6 15 11 1 16 11 2 16 12 3 16 12 4 16 13 5 16 10 6 16 11 1 17 12 2 17 10 3 17 13 4 17 14 5 17 11 6 17 10 1 18 12 2 18 10 3 18 15 4 18 7 5 18 13 6 18 10 1 19 12 2 19 12 3 19 11 4 19 12 5 19 5 6 19 9
60 206 6 6 2 0 11 10 4 11 13 5 11 10 3 16 10 7 16 9 8 16 9
61 208 1 1 1 1 16 7
62 219 2 2 1 5 12 8 8 12 8
63 225 2 2 1 1 11 13 6 11 7
64 229 6 6 1 0 19 8 1 19 12 2 19 11 4 19 8 6 19 7 9 19 10
65 231 30 3 10 0 10 10 5 10 9 8 10 10 0 11 11 5 11 12 8 11 13 0 12 9 5 12 13 8 12 12 0 13 12 5 13 11 8 13 11 0 14 12 5 14 10 8 14 8 0 15 11 5 15 8 8 15 12 0 16 12 5 16 14 8 16 9 0 17 8 5 17 10 8 17 11 0 18 15 5 18 8 8 18 8 0 19 9 5 19 13 8 19 9
66 232 12 6 3 1 10 10 2 10 13 8 10 11 9 10 9 1 12 11 2 12 12 4 12 13 7 12 9 8 12 9 9 12 11 4 15 9 7 15 12
67 235 2 2 1 4 17 12 9 17 11
68 236 6 6 1 1 11 10 4 11 12 5 11 12 7 11 10 8 11 9 9 11 12
69 238 1 1 1 7 14 16
70 245 12 6 3 5 12 8 6 12 8 9 12 11 1 16 7 3 16 9 5 16 13 6 16 10 8 16 13 1 18 9 3 18 7 8 18 11 9 18 11
71 247 2 2 1 4 15 8 8 15 8
72 253 6 6 1 0 13 14 1 13 9 2 13 10 7 13 11 8 13 12 9 13 12
73 257 20 2 10 3 10 11 9 10 13 3 11 11 9 11 12 3 12 14 9 12 6 3 13 14 9 13 10 3 14 11 9 14 9 3 15 8 9 15 10 3 16 7 9 16 13 3 17 11 9 17 11 3 18 10 9 18 11 3 19 11 9 19 10
74 258 18 6 5 0 10 11 2 10 11 5 10 8 3 11 9 7 11 13 0 13 11 1 13 11 3 13 11 5 13 9 7 13 12 1 17 8 2 17 12 5 17 13 0 19 13 1 19 13 2 19 9 3 19 10 7 19 13
75 264 18 6 6 2 10 11 4 10 9 5 10 10 8 10 10 9 10 8 2 12 10 4 13 8 5 13 13 7 13 14 9 13 10 2 15 10 4 15 10 7 15 11 8 15 10 9 15 12 5 17 12 8 17 9 7 19 14
76 270 6 6 2 0 12 14 4 12 9 6 12 13 9 12 10 2 17 12 3 17 12
77 275 18 6 5 0 12 12 1 12 12 0 14 13 1 14 13 2 14 8 4 14 12 5 14 8 6 14 10 0 15 9 1 15 9 2 15 11 4 15 10 6 15 11 2 16 8 5 16 12 6 16 6 4 17 12 5 17 13
78 276 30 3 10 1 10 14 7 10 11 8 10 11 1 11 13 7 11 10 8 11 12 1 12 11 7 12 9 8 12 9 1 13 11 7 13 13 8 13 11 1 14 12 7 14 9 8 14 8 1 15 12 7 15 11 8 15 9 1 16 9 7 16 12 8 16 12 1 17 14 7 17 9 8 17 9 1 18 11 7 18 10 8 18 10 1 19 8 7 19 8 8 19 13
79 277 12 6 3 2 15 13 4 15 13 8 15 10 0 17 10 2 17 13 5 17 10 7 17 8 0 19 9 4 19 11 5 19 9 7 19 13 8 19 7
80 282 18 6 6 1 10 7 3 10 9 4 10 10 1 11 10 5 11 9 6 11 14 8 11 8 4 12 10 1 13 14 3 13 14 5 13 9 6 13 10 8 13 12 3 15 15 5 15 11 6 15 8 8 15 7 4 19 9
81 288 2 2 1 2 12 11 3 12 9
82 291 18 6 5 0 10 12 1 10 14 3 10 10 9 10 11 3 12 13 7 12 12 0 15 12 1 15 8 8 15 13 9 15 12 3 17 11 7 17 10 8 17 17 0 19 9 1 19 11 7 19 12 8 19 12 9 19 12
83 298 1 1 1 9 14 10
84 299 15 5 5 4 11 10 1 12 9 5 12 8 8 12 12 9 12 10 4 16 11 5 16 11 8 16 15 9 16 10 1 18 10 4 18 11 9 18 8 1 19 8 5 19 12 8 19 11
85 305 4 2 2 7 11 14 8 11 9 7 17 7 8 17 12
86 306 20 2 10 5 10 9 7 10 6 5 11 11 7 11 12 5 12 11 7 12 9 5 13 10 7 13 10 5 14 7 7 14 11 5 15 15 7 15 10 5 16 12 7 16 12 5 17 8 7 17 10 5 18 11 7 18 14 5 19 10 7 19 9
87 312 20 2 10 5 10 13 7 10 11 5 11 10 7 11 13 5 12 9 7 12 11 5 13 8 7 13 10 5 14 14 7 14 10 5 15 12 7 15 8 5 16 10 7 16 11 5 17 8 7 17 8 5 18 7 7 18 11 5 19 8 7 19 11
88 313 9 3 5 5 10 12 0 11 10 6 11 9 0 12 11 5 12 8 6 12 10 5 17 10 6 17 10 0 18 11
89 314 24 6 7 0 10 14 1 10 10 4 10 10 7 10 11 1 11 8 5 11 13 6 11 11 0 13 10 1 13 8 6 13 8 1 14 10 5 14 11 0 16 11 4 16 7 5 16 12 6 16 11 7 16 8 0 18 13 4 18 9 7 18 8 4 19 10 5 19 11 6 19 11 7 19 9
90 319 2 2 1 0 16 10 1 16 11
91 325 3 3 1 3 12 7 5 12 11 6 12 9
92 334 3 3 1 0 19 11 2 19 10 5 19 8
93 337 4 4 1 4 10 12 6 10 9 8 10 9 9 10 11
94 342 3 3 1 6 16 10 8 16 7 9 16 8
95 343 12 6 5 0 11 13 5 11 10 6 11 12 7 11 9 0 13 12 9 13 13 4 15 13 5 15 11 7 15 11 9 15 8 4 18 12 6 19 12
96 344 8 4 4 7 10 9 8 10 7 9 10 10 4 11 10 7 11 9 4 13 12 9 13 8 8 14 10
97 354 2 2 1 4 19 13 6 19 15
98 356 1 1 1 1 19 14
99 359 24 6 7 3 10 10 6 10 8 7 10 10 2 12 10 7 12 12 0 14 9 2 14 9 3 14 12 6 14 15 0 15 13 3 15 8 5 15 10 0 16 6 2 16 11 3 16 5 5 16 11 6 16 11 0 18 13 5 18 11 6 18 11 7 18 11 2 19 10 5 19 11 7 19 14
