20 100
0 0 1 1 1 1 18 13
1 2 2 2 1 3 16 5 7 16 11
2 4 10 1 10 6 10 11 6 11 9 6 12 9 6 13 7 6 14 10 6 15 9 6 16 11 6 17 14 6 18 11 6 19 9
3 8 1 1 1 9 19 9
4 10 2 1 2 0 14 10 0 18 10
5 11 2 2 2 0 11 11 9 12 8
6 13 4 4 2 3 10 7 4 16 11 6 16 8 7 16 10
7 14 10 1 10 5 10 10 5 11 15 5 12 11 5 13 9 5 14 12 5 15 5 5 16 9 5 17 11 5 18 9 5 19 12
8 17 18 6 5 0 12 11 3 12 11 6 12 9 9 12 9 0 14 9 2 14 8 3 14 10 2 17 10 8 17 8 0 18 11 2 18 9 6 18 7 8 18 13 9 18 13 3 19 9 6 19 12 8 19 10 9 19 9
9 20 6 3 3 5 10 14 6 10 13 0 12 11 5 12 10 6 12 11 0 18 14
10 24 6 3 3 1 10 13 4 10 11 9 10 9 4 13 12 1 14 9 9 14 11
11 27 12 4 4 2 10 9 5 10 11 7 10 14 9 10 9 2 12 8 5 12 12 7 12 12 9 13 10 2 16 10 5 16 12 7 16 12 9 16 14
12 28 3 3 1 2 19 12 5 19 10 9 19 8
13 42 6 6 3 0 12 10 4 12 10 5 12 12 7 12 10 3 13 13 1 14 8
14 43 18 6 6 0 11 10 2 11 12 5 11 13 8 11 7 0 12 12 2 12 11 8 12 11 1 14 13 8 14 12 9 14 10 2 15 11 5 15 8 9 15 13 0 16 16 1 16 11 5 16 10 9 16 8 1 17 11
15 45 24 6 7 1 11 7 2 11 11 6 11 10 7 11 8 8 11 12 5 13 8 6 13 10 8 13 7 1 14 8 2 14 14 7 14 10 5 16 9 8 16 10 2 17 11 1 18 10 5 18 9 6 18 12 7 18 11 1 19 8 2 19 11 5 19 10 6 19 10 7 19 12 8 19 10
16 46 3 3 1 2 19 12 3 19 13 9 19 13
17 47 60 6 10 1 10 7 5 10 11 6 10 8 7 10 11 8 10 12 9 10 7 1 11 10 5 11 11 6 11 13 7 11 11 8 11 12 9 11 9 1 12 10 5 12 7 6 12 10 7 12 7 8 12 9 9 12 10 1 13 9 5 13 11 6 13 12 7 13 10 8 13 10 9 13 9 1 14 13 5 14 10 6 14 10 7 14 7 8 14 9 9 14 11 1 15 11 5 15 13 6 15 12 7 15 10 8 15 10 9 15 13 1 16 11 5 16 13 6 16 6 7 16 9 8 16 10 9 16 10 1 17 12 5 17 11 6 17 11 7 17 14 8 17 7 9 17 11 1 18 10 5 18 11 6 18 8 7 18 12 8 18 8 9 18 10 1 19 13 5 19 15 6 19 7 7 19 12 8 19 17 9 19 8
18 52 2 2 1 0 16 12 6 16 12
19 57 12 6 4 2 10 13 7 10 9 0 14 14 3 14 10 8 14 9 2 17 13 3 17 12 8 17 9 9 17 13 0 19 10 7 19 12 9 19 12
20 59 20 2 10 1 10 10 6 10 12 1 11 11 6 11 12 1 12 10 6 12 10 1 13 10 6 13 12 1 14 13 6 14 10 1 15 11 6 15 9 1 16 10 6 16 11 1 17 14 6 17 10 1 18 8 6 18 9 1 19 11 6 19 9
21 67 10 5 4 0 10 10 4 10 9 8 10 13 8 12 9 9 12 13 6 15 12 0 16 14 4 16 9 6 16 12 9 16 10
22 68 6 6 1 1 10 10 2 10 11 3 10 11 4 10 13 7 10 12 8 10 11
23 71 3 3 1 5 14 12 6 14 11 9 14 10
24 80 60 6 10 0 10 11 2 10 12 4 10 11 6 10 12 8 10 10 9 10 13 0 11 9 2 11 11 4 11 10 6 11 10 8 11 10 9 11 11 0 12 11 2 12 9 4 12 13 6 12 9 8 12 7 9 12 11 0 13 9 2 13 14 4 13 8 6 13 9 8 13 8 9 13 7 0 14 10 2 14 12 4 14 7 6 14 13 8 14 11 9 14 9 0 15 16 2 15 14 4 15 12 6 15 9 8 15 10 9 15 11 0 16 10 2 16 9 4 16 8 6 16 12 8 16 12 9 16 13 0 17 13 2 17 9 4 17 11 6 17 9 8 17 10 9 17 7 0 18 12 2 18 11 4 18 12 6 18 9 8 18 12 9 18 10 0 19 10 2 19 9 4 19 14 6 19 11 8 19 12 9 19 10
25 86 6 6 3 0 10 6 1 10 10 9 12 8 2 16 10 3 16 11 8 16 12
26 89 10 1 10 5 10 13 5 11 13 5 12 10 5 13 11 5 14 8 5 15 13 5 16 8 5 17 9 5 18 10 5 19 13
27 90 18 6 5 1 12 10 0 14 9 1 14 10 4 14 7 6 14 7 7 14 13 0 15 8 6 15 8 8 15 9 0 16 13 1 16 13 4 16 13 7 16 9 8 16 11 4 19 9 6 19 8 7 19 11 8 19 11
28 91 2 2 1 1 10 8 5 10 11
29 95 6 3 3 1 11 8 5 11 10 0 13 12 0 19 10 1 19 13 5 19 11
30 101 10 5 3 2 12 11 2 15 9 3 15 9 4 15 12 6 15 6 8 15 10 3 16 6 4 16 13 6 16 12 8 16 10
31 107 6 6 3 5 11 10 0 14 13 8 14 8 2 19 10 4 19 10 6 19 11
32 114 18 6 6 1 11 11 4 11 12 9 11 10 0 14 13 3 14 14 9 14 9 0 15 8 7 15 10 4 16 10 0 17 10 1 17 9 3 17 11 7 17 10 1 19 10 3 19 9 4 19 12 7 19 8 9 19 12
33 120 12 4 5 2 10 13 9 10 8 2 11 10 7 11 12 8 11 11 9 11 12 8 12 10 7 13 9 8 13 9 9 13 7 2 14 11 7 14 12
34 125 1 1 1 4 14 11
35 127 6 6 1 0 18 12 3 18 11 5 18 13 6 18 12 7 18 10 9 18 12
36 132 18 6 5 2 10 9 5 10 10 1 12 9 2 12 9 4 12 14 8 12 14 9 12 7 8 13 9 1 14 9 2 14 7 4 14 10 5 14 9 9 14 9 1 17 13 4 17 9 5 17 13 8 17 10 9 17 10
37 135 18 6 6 1 10 13 3 10 11 8 10 11 2 11 14 3 11 11 5 11 10 8 11 11 1 12 11 3 12 9 2 14 8 6 14 10 2 15 8 5 15 13 6 15 7 8 15 13 1 19 11 5 19 10 6 19 9
38 137 24 6 7 0 11 7 5 11 11 6 11 16 1 12 11 4 12 10 5 12 10 8 13 10 1 16 12 4 16 10 5 16 9 6 16 11 8 16 9 0 17 10 1 17 11 0 18 11 1 18 11 4 18 12 6 18 7 8 18 8 0 19 9 4 19 10 5 19 11 6 19 6 8 19 10
39 140 60 6 10 1 10 11 2 10 10 3 10 11 5 10 10 6 10 8 7 10 14 1 11 8 2 11 13 3 11 10 5 11 9 6 11 10 7 11 12 1 12 9 2 12 10 3 12 10 5 12 10 6 12 13 7 12 13 1 13 13 2 13 13 3 13 13 5 13 13 6 13 12 7 13 10 1 14 13 2 14 10 3 14 10 5 14 12 6 14 14 7 14 10 1 15 12 2 15 12 3 15 11 5 15 14 6 15 12 7 15 11 1 16 9 2 16 11 3 16 7 5 16 12 6 16 11 7 16 11 1 17 10 2 17 8 3 17 14 5 17 11 6 17 9 7 17 15 1 18 9 2 18 10 3 18 11 5 18 12 6 18 11 7 18 13 1 19 10 2 19 12 3 19 13 5 19 8 6 19 11 7 19 14
40 146 2 1 2 6 11 11 6 14 10
41 149 4 4 1 1 11 9 3 11 10 5 11 11 9 11 9
42 155 1 1 1 0 11 12
43 156 4 4 2 3 10 14 6 10 11 4 12 12 9 12 7
44 159 2 2 1 0 15 10 7 15 12
45 160 30 3 10 0 10 9 4 10 13 9 10 15 0 11 9 4 11 8 9 11 9 0 12 10 4 12 9 9 12 10 0 13 10 4 13 10 9 13 6 0 14 13 4 14 13 9 14 8 0 15 13 4 15 12 9 15 10 0 16 10 4 16 12 9 16 11 0 17 10 4 17 12 9 17 8 0 18 12 4 18 12 9 18 11 0 19 13 4 19 7 9 19 9
46 161 12 6 3 0 14 11 3 14 9 9 14 9 2 18 12 4 18 10 6 18 8 0 19 11 2 19 13 3 19 14 4 19 9 6 19 14 9 19 13
47 163 2 2 2 3 14 14 4 18 7
48 166 18 6 5 4 10 11 5 10 14 6 10 9 0 11 11 4 11 11 7 11 10 8 11 10 0 13 12 5 13 13 6 13 9 7 13 7 4 14 8 5 14 12 6 14 12 8 14 12 0 15 9 7 15 10 8 15 8
49 167 2 2 1 0 19 13 2 19 12
50 169 4 4 1 2 19 11 5 19 12 7 19 12 8 19 12
51 170 3 3 2 7 10 11 2 11 9 9 11 6
52 176 1 1 1 2 17 8
53 177 18 6 5 1 10 10 9 10 7 0 11 9 3 11 7 5 11 10 8 11 9 0 12 13 1 12 8 3 12 11 5 12 11 8 12 12 9 12 11 0 15 7 3 15 10 1 16 11 5 16 10 8 16 13 9 16 11
54 184 2 2 1 0 12 9 6 12 13
55 188 3 3 1 1 12 12 5 12 14 7 12 9
56 189 60 6 10 1 10 10 2 10 11 3 10 11 5 10 13 6 10 8 9 10 12 1 11 10 2 11 10 3 11 11 5 11 11 6 11 9 9 11 13 1 12 11 2 12 13 3 12 9 5 12 13 6 12 11 9 12 12 1 13 11 2 13 12 3 13 11 5 13 13 6 13 11 9 13 11 1 14 7 2 14 10 3 14 13 5 14 12 6 14 10 9 14 11 1 15 11 2 15 11 3 15 10 5 15 7 6 15 7 9 15 10 1 16 11 2 16 11 3 16 10 5 16 14 6 16 13 9 16 11 1 17 12 2 17 10 3 17 12 5 17 9 6 17 9 9 17 8 1 18 9 2 18 12 3 18 12 5 18 11 6 18 10 9 18 8 1 19 10 2 19 11 3 19 9 5 19 12 6 19 11 9 19 10
57 193 2 2 2 7 15 11 8 17 9
58 198 1 1 1 1 16 9
59 204 2 2 1 2 15 11 8 15 10
60 206 10 1 10 7 10 11 7 11 10 7 12 11 7 13 9 7 14 12 7 15 11 7 16 12 7 17 11 7 18 13 7 19 11
61 208 2 2 1 1 11 8 7 11 13
62 219 30 3 10 0 10 11 4 10 10 7 10 12 0 11 13 4 11 15 7 11 8 0 12 14 4 12 7 7 12 10 0 13 11 4 13 10 7 13 11 0 14 8 4 14 12 7 14 12 0 15 15 4 15 10 7 15 12 0 16 8 4 16 11 7 16 11 0 17 11 4 17 11 7 17 12 0 18 11 4 18 12 7 18 15 0 19 13 4 19 11 7 19 11
63 225 6 6 2 0 17 13 1 19 13 4 19 12 5 19 11 6 19 10 7 19 9
64 229 6 6 2 1 13 12 5 13 10 6 13 11 8 13 12 3 15 8 4 15 11
65 231 18 6 6 5 12 8 6 12 12 4 13 10 6 13 11 5 15 13 6 15 10 8 15 11 0 16 10 1 16 12 4 16 10 0 17 10 1 17 13 4 17 9 5 17 9 8 17 9 0 19 10 1 19 10 8 19 10
66 232 24 6 8 0 10 9 3 10 8 5 10 12 6 10 11 3 11 11 2 12 13 8 12 11 0 13 11 3 13 7 5 13 12 6 13 11 8 13 8 0 14 7 2 14 12 8 14 11 5 15 14 0 16 11 2 16 12 5 16 13 6 16 9 2 19 13 3 19 11 6 19 12 8 19 13
67 235 18 6 6 0 11 8 2 11 11 6 11 10 8 11 11 0 12 12 2 12 8 8 12 13 9 12 8 6 14 10 7 14 12 9 14 10 0 17 9 2 17 9 6 17 13 8 17 8 7 18 13 9 18 8 7 19 11
68 236 10 1 10 5 10 10 5 11 11 5 12 10 5 13 11 5 14 5 5 15 10 5 16 9 5 17 11 5 18 11 5 19 12
69 238 6 6 1 1 15 12 2 15 6 3 15 15 4 15 11 6 15 13 8 15 10
70 245 18 6 6 3 10 8 7 10 13 0 11 9 1 11 9 5 11 14 8 11 15 5 14 11 1 15 11 3 15 12 5 15 11 7 15 7 8 15 9 0 16 12 1 16 8 3 16 8 8 16 14 0 18 9 7 18 7
71 247 1 1 1 5 17 9
72 253 8 4 3 2 11 8 4 11 11 8 11 11 0 13 14 0 17 10 2 17 13 4 17 9 8 17 10
73 257 2 2 1 5 13 10 9 13 11
74 258 24 6 8 4 11 11 7 11 9 8 11 12 9 11 11 4 12 13 6 12 11 7 12 9 8 12 10 9 12 8 3 13 8 6 13 12 7 13 9 6 14 9 7 14 11 8 14 13 8 15 15 9 15 12 3 17 11 4 17 15 6 17 10 3 18 10 9 18 12 3 19 7 4 19 14
75 264 3 3 1 2 19 10 4 19 10 8 19 9
76 270 8 4 3 3 16 13 7 16 12 1 17 10 2 17 9 3 17 9 1 18 10 2 18 10 7 18 12
77 275 1 1 1 5 15 7
78 276 60 6 10 0 10 8 4 10 9 5 10 11 6 10 8 7 10 7 8 10 11 0 11 10 4 11 9 5 11 12 6 11 12 7 11 7 8 11 10 0 12 8 4 12 10 5 12 14 6 12 10 7 12 10 8 12 11 0 13 11 4 13 11 5 13 11 6 13 11 7 13 10 8 13 11 0 14 10 4 14 12 5 14 9 6 14 10 7 14 13 8 14 8 0 15 9 4 15 10 5 15 13 6 15 9 7 15 12 8 15 8 0 16 12 4 16 11 5 16 9 6 16 10 7 16 11 8 16 10 0 17 11 4 17 11 5 17 11 6 17 10 7 17 9 8 17 11 0 18 9 4 18 10 5 18 8 6 18 12 7 18 9 8 18 10 0 19 8 4 19 14 5 19 10 6 19 12 7 19 9 8 19 12
79 277 60 6 10 1 10 9 4 10 13 6 10 13 7 10 13 8 10 11 9 10 11 1 11 10 4 11 9 6 11 10 7 11 8 8 11 8 9 11 10 1 12 12 4 12 11 6 12 11 7 12 9 8 12 9 9 12 10 1 13 12 4 13 11 6 13 11 7 13 10 8 13 8 9 13 13 1 14 13 4 14 14 6 14 12 7 14 12 8 14 13 9 14 11 1 15 12 4 15 15 6 15 10 7 15 9 8 15 8 9 15 10 1 16 9 4 16 8 6 16 13 7 16 8 8 16 12 9 16 10 1 17 7 4 17 10 6 17 7 7 17 13 8 17 7 9 17 11 1 18 11 4 18 8 6 18 12 7 18 9 8 18 14 9 18 11 1 19 10 4 19 9 6 19 12 7 19 9 8 19 8 9 19 11
80 282 1 1 1 2 18 9
81 288 12 6 3 3 10 10 7 10 14 1 15 11 5 15 10 6 15 10 9 15 8 1 19 11 3 19 9 5 19 8 6 19 10 7 19 9 9 19 11
82 291 6 6 2 3 14 12 5 14 11 7 14 12 1 16 13 6 16 8 8 16 12
83 298 60 6 10 0 10 11 2 10 12 5 10 13 6 10 14 7 10 9 8 10 11 0 11 9 2 11 10 5 11 9 6 11 12 7 11 9 8 11 11 0 12 13 2 12 11 5 12 8 6 12 9 7 12 9 8 12 10 0 13 11 2 13 11 5 13 9 6 13 12 7 13 10 8 13 10 0 14 12 2 14 10 5 14 9 6 14 10 7 14 13 8 14 11 0 15 9 2 15 7 5 15 11 6 15 9 7 15 12 8 15 11 0 16 10 2 16 14 5 16 13 6 16 9 7 16 8 8 16 9 0 17 12 2 17 16 5 17 9 6 17 12 7 17 9 8 17 12 0 18 13 2 18 7 5 18 15 6 18 16 7 18 11 8 18 9 0 19 8 2 19 9 5 19 8 6 19 10 7 19 15 8 19 10
84 299 24 6 8 3 11 7 0 12 10 3 12 10 4 12 11 6 12 10 0 13 10 6 13 14 9 13 11 3 14 12 5 14 9 6 14 11 9 14 12 4 16 9 5 16 10 6 16 11 9 16 9 0 17 10 3 17 12 5 17 11 4 18 10 0 19 10 4 19 10 5 19 7 9 19 8
85 305 18 6 6 4 10 11 0 12 7 1 12 8 3 12 10 6 12 9 8 12 10 1 14 12 3 14 8 4 14 10 0 15 9 6 15 11 8 15 9 0 17 8 1 17 12 8 17 11 3 19 12 4 19 11 6 19 10
86 306 2 2 1 2 18 9 3 18 13
87 312 8 4 3 0 10 12 9 10 11 2 13 12 6 13 12 0 14 12 2 14 13 6 14 7 9 14 11
88 313 18 6 5 0 13 12 4 13 12 5 13 14 6 13 14 1 15 11 2 15 9 4 15 8 5 15 8 0 16 10 2 16 10 6 16 12 1 18 11 2 18 9 6 18 13 0 19 12 1 19 11 4 19 12 5 19 8
89 314 8 4 3 1 10 11 2 10 10 1 13 12 5 13 11 8 13 5 2 16 14 5 16 11 8 16 11
90 319 24 6 6 1 10 9 3 10 11 4 10 13 0 12 13 6 12 10 9 12 7 0 14 10 1 14 12 3 14 9 6 14 8 9 14 9 0 15 11 4 15 10 9 15 10 1 16 9 3 16 9 4 16 11 6 16 14 0 19 14 1 19 10 3 19 10 4 19 13 6 19 11 9 19 9
91 325 1 1 1 7 12 9
92 334 10 1 10 8 10 11 8 11 10 8 12 11 8 13 10 8 14 14 8 15 14 8 16 9 8 17 12 8 18 11 8 19 12
93 337 30 3 10 1 10 10 8 10 10 9 10 12 1 11 13 8 11 15 9 11 11 1 12 13 8 12 12 9 12 11 1 13 10 8 13 11 9 13 9 1 14 8 8 14 10 9 14 8 1 15 11 8 15 11 9 15 10 1 16 8 8 16 7 9 16 13 1 17 8 8 17 10 9 17 10 1 18 8 8 18 10 9 18 7 1 19 12 8 19 16 9 19 11
94 342 1 1 1 9 11 14
95 343 24 6 7 0 11 15 2 11 7 8 11 11 1 13 12 5 13 11 8 13 11 2 14 8 4 14 8 8 14 7 1 15 7 2 15 11 5 15 10 0 16 12 1 16 11 4 16 13 5 16 8 0 17 10 1 17 10 2 17 14 4 17 12 0 18 9 4 18 9 5 18 11 8 18 13
96 344 18 6 6 1 10 10 2 10 9 6 10 10 7 10 11 4 12 13 9 12 8 6 15 9 7 15 12 1 16 9 2 16 13 4 16 15 9 16 8 6 17 10 1 19 10 2 19 8 4 19 12 7 19 12 9 19 13
97 354 1 1 1 3 17 9
98 356 6 3 3 1 10 10 7 10 11 1 11 9 6 11 12 6 12 13 7 12 12
99 359 6 6 3 3 10 11 7 10 9 5 13 11 1 17 8 6 17 10 9 17 12
