20 100
0 0 4 4 1 2 16 11 3 16 14 7 16 8 8 16 10
1 2 3 3 2 4 10 13 9 10 9 6 18 9
2 4 18 6 6 1 12 11 2 12 10 3 13 9 9 13 10 3 15 14 8 15 10 9 15 12 1 16 12 2 16 11 7 16 10 8 16 11 1 17 12 2 17 10 7 17 8 8 17 13 3 19 11 7 19 9 9 19 7
3 8 3 3 1 1 13 10 5 13 9 9 13 8
4 10 6 6 1 2 16 13 3 16 9 5 16 13 6 16 8 7 16 14 9 16 10
5 11 3 3 1 1 18 12 7 18 13 8 18 12
6 13 1 1 1 8 17 9
7 14 6 6 1 0 12 8 1 12 13 3 12 5 4 12 14 7 12 8 9 12 9
8 17 10 1 10 8 10 13 8 11 10 8 12 13 8 13 10 8 14 12 8 15 10 8 16 10 8 17 8 8 18 12 8 19 12
9 20 24 6 6 1 11 12 2 11 11 3 11 13 8 11 11 2 13 10 3 13 13 7 13 9 8 13 13 2 14 12 3 14 11 5 14 15 1 16 10 5 16 9 7 16 12 1 18 13 2 18 10 5 18 8 7 18 8 8 18 10 1 19 13 3 19 16 5 19 8 7 19 9 8 19 13
10 24 2 2 1 3 15 11 5 15 11
11 27 60 6 10 1 10 10 2 10 11 3 10 12 4 10 13 5 10 9 9 10 8 1 11 10 2 11 8 3 11 12 4 11 9 5 11 9 9 11 9 1 12 10 2 12 8 3 12 10 4 12 12 5 12 9 9 12 7 1 13 10 2 13 11 3 13 13 4 13 10 5 13 12 9 13 12 1 14 13 2 14 12 3 14 9 4 14 12 5 14 9 9 14 11 1 15 12 2 15 10 3 15 10 4 15 11 5 15 10 9 15 13 1 16 11 2 16 13 3 16 9 4 16 14 5 16 13 9 16 8 1 17 11 2 17 9 3 17 9 4 17 6 5 17 8 9 17 10 1 18 11 2 18 12 3 18 15 4 18 12 5 18 10 9 18 8 1 19 10 2 19 9 3 19 12 4 19 10 5 19 13 9 19 13
12 28 18 6 6 3 11 10 5 11 12 6 11 14 7 11 10 3 13 10 7 13 9 8 13 9 0 14 12 5 14 12 8 14 12 8 16 11 0 17 9 6 17 12 0 19 12 3 19 11 5 19 13 6 19 12 7 19 10
13 42 12 6 4 5 11 10 8 11 11 9 11 14 0 13 13 5 13 12 3 17 10 7 17 11 0 19 8 3 19 12 7 19 12 8 19 9 9 19 10
14 43 60 6 10 1 10 9 2 10 11 3 10 11 4 10 12 7 10 11 8 10 8 1 11 15 2 11 11 3 11 13 4 11 11 7 11 11 8 11 11 1 12 12 2 12 12 3 12 10 4 12 7 7 12 12 8 12 9 1 13 12 2 13 9 3 13 9 4 13 10 7 13 12 8 13 11 1 14 12 2 14 11 3 14 8 4 14 11 7 14 13 8 14 13 1 15 9 2 15 9 3 15 8 4 15 6 7 15 10 8 15 13 1 16 8 2 16 9 3 16 9 4 16 9 7 16 10 8 16 11 1 17 11 2 17 11 3 17 10 4 17 6 7 17 10 8 17 12 1 18 9 2 18 10 3 18 12 4 18 11 7 18 11 8 18 8 1 19 11 2 19 12 3 19 9 4 19 11 7 19 12 8 19 11
15 45 2 2 1 5 19 10 6 19 9
16 46 9 3 4 0 11 13 2 13 6 7 13 9 0 15 12 2 15 11 7 15 8 0 16 12 2 16 9 7 16 10
17 47 60 6 10 0 10 9 1 10 12 2 10 5 5 10 14 6 10 12 8 10 11 0 11 13 1 11 9 2 11 10 5 11 13 6 11 12 8 11 12 0 12 13 1 12 6 2 12 14 5 12 11 6 12 6 8 12 8 0 13 10 1 13 10 2 13 7 5 13 11 6 13 11 8 13 13 0 14 12 1 14 9 2 14 12 5 14 12 6 14 15 8 14 13 0 15 11 1 15 15 2 15 12 5 15 9 6 15 11 8 15 10 0 16 8 1 16 9 2 16 11 5 16 10 6 16 9 8 16 14 0 17 11 1 17 12 2 17 9 5 17 12 6 17 11 8 17 9 0 18 11 1 18 12 2 18 8 5 18 10 6 18 11 8 18 11 0 19 11 1 19 9 2 19 10 5 19 10 6 19 11 8 19 11
18 52 6 6 2 3 10 10 7 10 12 8 10 11 5 16 10 6 16 11 9 16 10
19 57 6 3 3 1 12 10 3 12 8 8 12 10 3 13 9 1 19 13 8 19 7
20 59 3 3 1 1 13 11 6 13 11 7 13 9
21 67 1 1 1 9 14 8
22 68 6 3 3 3 14 7 2 15 11 5 15 10 2 19 8 3 19 11 5 19 11
23 71 2 2 1 5 10 10 7 10 12
24 80 30 3 10 2 10 9 8 10 12 9 10 12 2 11 9 8 11 12 9 11 8 2 12 10 8 12 7 9 12 8 2 13 8 8 13 7 9 13 12 2 14 12 8 14 4 9 14 10 2 15 10 8 15 11 9 15 11 2 16 13 8 16 14 9 16 11 2 17 7 8 17 13 9 17 9 2 18 11 8 18 6 9 18 9 2 19 10 8 19 8 9 19 6
25 86 20 2 10 1 10 12 2 10 14 1 11 14 2 11 10 1 12 12 2 12 15 1 13 7 2 13 11 1 14 7 2 14 13 1 15 8 2 15 11 1 16 9 2 16 12 1 17 9 2 17 9 1 18 8 2 18 8 1 19 11 2 19 11
26 89 40 4 10 0 10 10 2 10 12 4 10 11 7 10 10 0 11 14 2 11 10 4 11 10 7 11 9 0 12 12 2 12 9 4 12 13 7 12 11 0 13 10 2 13 10 4 13 8 7 13 12 0 14 14 2 14 13 4 14 10 7 14 10 0 15 13 2 15 10 4 15 10 7 15 8 0 16 15 2 16 10 4 16 12 7 16 11 0 17 14 2 17 12 4 17 8 7 17 9 0 18 10 2 18 11 4 18 11 7 18 12 0 19 9 2 19 12 4 19 11 7 19 7
27 90 18 6 5 1 11 12 2 11 8 7 11 8 9 11 11 0 12 11 1 12 9 0 14 14 2 14 5 5 14 11 7 14 13 9 14 11 5 17 14 9 17 7 0 18 14 1 18 8 2 18 13 5 18 11 7 18 11
28 91 3 3 1 0 15 13 5 15 13 6 15 9
29 95 1 1 1 7 10 5
30 101 40 4 10 2 10 10 4 10 13 5 10 9 7 10 11 2 11 14 4 11 11 5 11 12 7 11 10 2 12 10 4 12 8 5 12 13 7 12 11 2 13 8 4 13 8 5 13 11 7 13 10 2 14 9 4 14 6 5 14 8 7 14 12 2 15 8 4 15 9 5 15 7 7 15 14 2 16 14 4 16 9 5 16 11 7 16 6 2 17 6 4 17 11 5 17 8 7 17 9 2 18 11 4 18 9 5 18 9 7 18 13 2 19 7 4 19 11 5 19 11 7 19 13
31 107 6 6 1 2 14 11 3 14 11 4 14 12 5 14 11 7 14 5 8 14 11
32 114 20 2 10 3 10 10 8 10 13 3 11 11 8 11 11 3 12 10 8 12 11 3 13 10 8 13 10 3 14 10 8 14 9 3 15 10 8 15 13 3 16 9 8 16 10 3 17 7 8 17 10 3 18 13 8 18 8 3 19 8 8 19 10
33 120 1 1 1 9 11 12
34 125 40 4 10 1 10 9 2 10 9 7 10 12 8 10 8 1 11 10 2 11 11 7 11 11 8 11 7 1 12 9 2 12 12 7 12 13 8 12 8 1 13 11 2 13 11 7 13 13 8 13 11 1 14 9 2 14 10 7 14 13 8 14 10 1 15 9 2 15 14 7 15 12 8 15 14 1 16 8 2 16 10 7 16 11 8 16 9 1 17 8 2 17 8 7 17 14 8 17 13 1 18 11 2 18 12 7 18 10 8 18 9 1 19 12 2 19 6 7 19 11 8 19 6
35 127 12 6 4 0 13 8 6 13 10 8 13 13 9 13 7 4 14 8 9 14 10 0 16 14 4 16 7 5 16 14 6 16 13 8 16 10 5 18 8
36 132 2 2 1 4 13 11 8 13 8
37 135 2 2 1 3 10 12 8 10 12
38 137 3 3 1 2 19 10 4 19 7 9 19 10
39 140 3 3 1 7 15 13 8 15 12 9 15 13
40 146 2 2 1 6 11 13 9 11 8
41 149 1 1 1 0 10 13
42 155 3 3 1 1 13 7 4 13 10 7 13 12
43 156 5 5 3 2 10 10 7 10 9 1 13 10 5 13 9 3 18 11
44 159 3 3 1 0 19 10 1 19 10 5 19 13
45 160 1 1 1 3 18 10
46 161 2 2 1 6 12 10 8 12 11
47 163 20 2 10 5 10 10 6 10 11 5 11 10 6 11 10 5 12 10 6 12 11 5 13 15 6 13 10 5 14 9 6 14 11 5 15 13 6 15 11 5 16 9 6 16 10 5 17 12 6 17 14 5 18 7 6 18 8 5 19 12 6 19 10
48 166 12 6 4 1 10 10 6 10 9 9 10 12 3 16 9 8 16 10 9 16 9 1 17 9 3 17 12 7 17 10 8 17 8 6 18 9 7 18 9
49 167 60 6 10 0 10 8 2 10 10 4 10 13 7 10 10 8 10 12 9 10 11 0 11 12 2 11 10 4 11 13 7 11 11 8 11 9 9 11 8 0 12 10 2 12 12 4 12 12 7 12 10 8 12 10 9 12 9 0 13 11 2 13 7 4 13 9 7 13 14 8 13 11 9 13 14 0 14 7 2 14 12 4 14 10 7 14 10 8 14 9 9 14 9 0 15 10 2 15 13 4 15 8 7 15 12 8 15 10 9 15 9 0 16 6 2 16 12 4 16 10 7 16 10 8 16 12 9 16 9 0 17 8 2 17 14 4 17 9 7 17 10 8 17 10 9 17 9 0 18 9 2 18 8 4 18 8 7 18 9 8 18 11 9 18 12 0 19 8 2 19 8 4 19 11 7 19 6 8 19 11 9 19 11
50 169 60 6 10 0 10 12 1 10 12 2 10 7 4 10 12 7 10 6 8 10 9 0 11 10 1 11 11 2 11 11 4 11 11 7 11 14 8 11 9 0 12 14 1 12 9 2 12 10 4 12 10 7 12 8 8 12 10 0 13 10 1 13 10 2 13 11 4 13 11 7 13 13 8 13 12 0 14 10 1 14 13 2 14 10 4 14 12 7 14 9 8 14 12 0 15 12 1 15 12 2 15 10 4 15 11 7 15 10 8 15 12 0 16 8 1 16 14 2 16 11 4 16 9 7 16 13 8 16 12 0 17 8 1 17 9 2 17 12 4 17 13 7 17 12 8 17 10 0 18 13 1 18 9 2 18 12 4 18 9 7 18 12 8 18 12 0 19 11 1 19 10 2 19 11 4 19 8 7 19 10 8 19 8
51 170 12 6 3 0 10 13 5 10 9 6 10 10 9 10 12 3 14 8 4 14 11 9 14 12 0 17 9 3 17 12 4 17 13 5 17 15 6 17 11
52 176 4 4 1 2 19 10 6 19 14 7 19 11 8 19 12
53 177 3 3 1 1 12 10 2 12 9 7 12 14
54 184 2 2 2 3 16 9 0 17 9
55 188 18 6 5 0 11 9 9 11 12 1 14 15 4 14 7 5 14 9 0 15 8 1 15 10 4 15 11 5 15 13 8 15 14 1 16 13 8 16 9 9 16 10 0 17 14 4 17 8 5 17 11 8 17 9 9 17 10
56 189 3 3 1 1 17 13 2 17 7 4 17 11
57 193 18 6 5 0 10 13 1 10 14 8 10 15 1 11 10 4 11 9 5 11 11 0 13 9 1 13 13 5 13 11 8 13 10 9 13 8 4 17 12 8 17 11 9 17 14 0 19 12 4 19 8 5 19 12 9 19 9
58 198 12 6 3 0 11 14 4 11 10 8 11 10 0 15 15 2 15 13 4 15 12 5 15 9 9 15 12 2 19 13 5 19 10 8 19 15 9 19 11
59 204 2 2 1 1 14 11 6 14 15
60 206 6 3 3 6 11 10 8 11 12 1 16 12 6 16 10 8 16 8 1 17 11
61 208 1 1 1 5 16 8
62 219 6 6 1 0 16 12 1 16 11 2 16 13 5 16 12 8 16 7 9 16 13
63 225 3 3 1 4 16 11 5 16 9 6 16 9
64 229 1 1 1 0 11 11
65 231 18 6 5 0 10 7 1 10 11 2 10 14 3 10 10 4 14 12 0 15 9 3 15 10 9 15 10 1 16 9 2 16 8 3 16 10 4 16 10 9 16 13 0 18 9 1 18 8 2 18 10 4 18 12 9 18 10
66 232 3 3 1 1 16 11 2 16 15 6 16 11
67 235 1 1 1 3 16 14
68 236 2 2 1 1 15 11 3 15 8
69 238 6 6 1 3 10 10 5 10 11 6 10 11 7 10 12 8 10 7 9 10 11
70 245 20 2 10 4 10 8 8 10 10 4 11 11 8 11 10 4 12 8 8 12 11 4 13 10 8 13 10 4 14 10 8 14 9 4 15 11 8 15 12 4 16 6 8 16 8 4 17 11 8 17 7 4 18 8 8 18 9 4 19 10 8 19 9
71 247 40 4 10 0 10 11 1 10 10 7 10 9 8 10 11 0 11 10 1 11 13 7 11 10 8 11 12 0 12 11 1 12 7 7 12 14 8 12 8 0 13 11 1 13 10 7 13 10 8 13 11 0 14 7 1 14 11 7 14 12 8 14 10 0 15 13 1 15 12 7 15 9 8 15 6 0 16 13 1 16 13 7 16 9 8 16 8 0 17 12 1 17 14 7 17 14 8 17 11 0 18 11 1 18 13 7 18 9 8 18 9 0 19 6 1 19 11 7 19 14 8 19 9
72 253 3 3 1 3 19 11 6 19 10 8 19 10
73 257 1 1 1 7 16 9
74 258 20 2 10 1 10 8 4 10 12 1 11 10 4 11 10 1 12 11 4 12 11 1 13 14 4 13 11 1 14 10 4 14 9 1 15 10 4 15 11 1 16 11 4 16 9 1 17 13 4 17 10 1 18 9 4 18 10 1 19 11 4 19 4
75 264 2 2 2 4 11 11 6 17 12
76 270 2 2 1 0 11 12 7 11 12
77 275 6 6 1 2 18 14 4 18 10 5 18 13 6 18 11 7 18 8 9 18 14
78 276 6 6 2 4 10 8 6 10 9 7 10 10 9 10 13 3 15 8 8 15 14
79 277 1 1 1 9 17 11
80 282 1 1 1 4 11 11
81 288 10 1 10 4 10 10 4 11 10 4 12 8 4 13 12 4 14 12 4 15 9 4 16 14 4 17 9 4 18 8 4 19 11
82 291 1 1 1 9 18 10
83 298 20 2 10 0 10 13 7 10 7 0 11 10 7 11 11 0 12 12 7 12 8 0 13 13 7 13 12 0 14 8 7 14 10 0 15 8 7 15 16 0 16 10 7 16 9 0 17 14 7 17 11 0 18 9 7 18 9 0 19 9 7 19 14
84 299 1 1 1 8 17 14
85 305 60 6 10 0 10 10 1 10 12 2 10 11 4 10 15 5 10 11 9 10 9 0 11 15 1 11 13 2 11 13 4 11 7 5 11 9 9 11 12 0 12 5 1 12 11 2 12 8 4 12 14 5 12 12 9 12 15 0 13 8 1 13 10 2 13 11 4 13 8 5 13 8 9 13 15 0 14 8 1 14 9 2 14 13 4 14 13 5 14 9 9 14 11 0 15 16 1 15 8 2 15 12 4 15 6 5 15 11 9 15 11 0 16 12 1 16 13 2 16 10 4 16 11 5 16 9 9 16 11 0 17 11 1 17 8 2 17 8 4 17 15 5 17 12 9 17 10 0 18 12 1 18 9 2 18 11 4 18 10 5 18 11 9 18 10 0 19 12 1 19 9 2 19 13 4 19 10 5 19 13 9 19 10
86 306 3 3 1 0 16 11 3 16 9 9 16 10
87 312 1 1 1 4 16 7
88 313 12 6 5 3 10 12 4 10 10 5 10 13 3 11 11 2 15 7 8 15 15 0 16 7 2 16 8 4 16 9 0 17 6 5 17 9 8 17 12
89 314 6 6 1 1 17 13 2 17 10 3 17 11 4 17 11 6 17 9 8 17 8
90 319 1 1 1 7 14 9
91 325 2 2 1 2 14 9 9 14 12
92 334 12 6 4 2 13 10 5 13 11 8 13 8 9 13 10 2 16 10 4 16 11 6 16 13 9 16 11 4 17 12 6 17 12 5 18 10 8 18 12
93 337 5 5 1 0 15 14 1 15 12 2 15 12 5 15 8 7 15 9
94 342 12 6 4 0 10 16 1 10 8 5 10 12 6 10 11 1 11 9 3 11 11 6 11 10 9 11 12 0 15 14 3 15 15 9 15 12 5 18 9
95 343 6 3 2 1 13 5 3 13 12 9 13 7 1 17 12 3 17 9 9 17 10
96 344 2 2 1 1 17 11 4 17 12
97 354 18 6 5 0 10 7 2 10 11 7 10 11 2 11 11 6 11 14 8 11 11 2 12 14 6 12 11 7 12 13 9 12 8 0 14 11 6 14 9 7 14 10 8 14 9 9 14 8 0 19 15 8 19 10 9 19 8
98 356 6 3 3 0 10 14 7 10 7 0 11 10 9 11 10 7 19 11 9 19 12
99 359 6 6 2 0 11 11 2 11 12 5 15 10 6 15 10 8 15 8 9 15 8
