20 100
0 0 1 1 1 1 18 8
1 2 6 6 1 1 16 10 2 16 11 3 16 9 5 16 11 7 16 13 9 16 8
2 4 6 6 1 0 13 7 2 13 11 5 13 12 6 13 12 7 13 12 8 13 9
3 8 2 2 1 1 14 15 8 14 10
4 10 6 6 3 3 12 8 0 14 10 9 14 7 1 18 11 4 18 8 8 18 9
5 11 4 4 1 4 16 5 6 16 9 7 16 12 8 16 13
6 13 40 4 10 2 10 9 3 10 10 4 10 9 9 10 8 2 11 9 3 11 10 4 11 10 9 11 7 2 12 9 3 12 11 4 12 11 9 12 12 2 13 15 3 13 9 4 13 10 9 13 9 2 14 11 3 14 11 4 14 9 9 14 13 2 15 12 3 15 10 4 15 8 9 15 9 2 16 12 3 16 8 4 16 9 9 16 8 2 17 11 3 17 6 4 17 11 9 17 13 2 18 11 3 18 7 4 18 10 9 18 8 2 19 11 3 19 6 4 19 9 9 19 13
7 14 60 6 10 2 10 11 4 10 8 5 10 8 6 10 12 7 10 12 9 10 11 2 11 10 4 11 8 5 11 9 6 11 7 7 11 9 9 11 9 2 12 10 4 12 9 5 12 12 6 12 9 7 12 10 9 12 11 2 13 13 4 13 6 5 13 10 6 13 8 7 13 12 9 13 11 2 14 10 4 14 10 5 14 5 6 14 13 7 14 11 9 14 11 2 15 13 4 15 12 5 15 8 6 15 11 7 15 6 9 15 11 2 16 11 4 16 10 5 16 7 6 16 13 7 16 10 9 16 11 2 17 13 4 17 8 5 17 11 6 17 8 7 17 8 9 17 8 2 18 13 4 18 11 5 18 13 6 18 10 7 18 9 9 18 11 2 19 9 4 19 6 5 19 8 6 19 10 7 19 11 9 19 12
8 17 10 1 10 1 10 14 1 11 13 1 12 9 1 13 12 1 14 12 1 15 8 1 16 9 1 17 6 1 18 13 1 19 10
9 20 1 1 1 8 11 11
10 24 8 4 4 0 12 11 8 12 9 6 13 11 8 13 8 0 14 10 4 14 14 4 18 11 6 18 13
11 27 12 6 4 1 15 9 3 15 11 9 15 12 0 17 8 7 17 15 9 17 9 3 18 11 7 18 11 8 18 14 0 19 10 1 19 7 8 19 10
12 28 2 2 1 3 19 13 4 19 9
13 42 1 1 1 3 13 12
14 43 20 2 10 2 10 9 3 10 9 2 11 12 3 11 10 2 12 9 3 12 13 2 13 11 3 13 9 2 14 9 3 14 8 2 15 14 3 15 12 2 16 11 3 16 10 2 17 13 3 17 10 2 18 13 3 18 12 2 19 10 3 19 11
15 45 4 4 1 0 19 8 2 19 12 4 19 13 6 19 10
16 46 2 2 1 3 13 10 8 13 10
17 47 6 6 2 2 13 11 9 13 9 1 16 8 3 16 11 4 16 10 8 16 17
18 52 5 5 3 3 11 9 5 11 10 8 15 12 0 17 7 6 17 9
19 57 24 6 7 0 10 11 3 10 12 4 10 12 6 10 11 8 10 12 0 13 11 3 13 14 8 13 10 4 15 6 6 15 9 8 15 10 9 15 11 3 16 11 8 16 9 0 17 12 4 17 6 9 17 11 0 18 10 4 18 11 6 18 14 9 18 10 3 19 11 6 19 8 9 19 10
20 59 20 2 10 0 10 10 9 10 7 0 11 13 9 11 9 0 12 11 9 12 8 0 13 10 9 13 14 0 14 10 9 14 10 0 15 10 9 15 11 0 16 13 9 16 10 0 17 8 9 17 11 0 18 7 9 18 12 0 19 8 9 19 10
21 67 2 2 1 3 15 11 8 15 9
22 68 60 6 10 1 10 14 2 10 10 3 10 8 4 10 12 7 10 10 8 10 8 1 11 10 2 11 8 3 11 10 4 11 10 7 11 10 8 11 8 1 12 7 2 12 10 3 12 12 4 12 9 7 12 10 8 12 6 1 13 10 2 13 10 3 13 12 4 13 10 7 13 13 8 13 12 1 14 12 2 14 11 3 14 12 4 14 11 7 14 10 8 14 10 1 15 13 2 15 13 3 15 10 4 15 11 7 15 13 8 15 9 1 16 9 2 16 10 3 16 10 4 16 13 7 16 9 8 16 13 1 17 10 2 17 8 3 17 12 4 17 12 7 17 10 8 17 12 1 18 12 2 18 14 3 18 13 4 18 7 7 18 9 8 18 9 1 19 13 2 19 14 3 19 12 4 19 10 7 19 10 8 19 9
23 71 12 6 4 4 11 9 6 11 14 7 11 7 9 11 13 4 14 8 6 14 8 8 14 15 3 15 10 3 17 16 7 17 10 8 17 11 9 17 7
24 80 18 6 5 4 13 10 5 13 13 7 13 11 9 13 11 4 15 10 1 17 10 5 17 11 6 17 13 7 17 11 9 17 13 1 18 9 5 18 8 6 18 12 7 18 10 9 18 12 1 19 9 4 19 11 6 19 13
25 86 10 1 10 8 10 8 8 11 8 8 12 10 8 13 10 8 14 11 8 15 9 8 16 11 8 17 12 8 18 11 8 19 9
26 89 24 6 7 0 10 14 8 10 10 2 11 11 4 11 15 7 11 11 0 13 10 2 13 9 4 13 11 9 13 10 0 14 10 2 14 13 4 14 7 7 14 10 8 14 10 9 14 11 2 15 13 7 15 11 8 15 11 9 15 10 4 18 10 7 18 9 0 19 11 8 19 8 9 19 12
27 90 60 6 10 0 10 15 1 10 11 2 10 11 4 10 11 5 10 9 7 10 12 0 11 11 1 11 8 2 11 9 4 11 10 5 11 12 7 11 9 0 12 9 1 12 8 2 12 8 4 12 13 5 12 9 7 12 12 0 13 9 1 13 10 2 13 11 4 13 13 5 13 11 7 13 11 0 14 10 1 14 13 2 14 12 4 14 11 5 14 12 7 14 12 0 15 8 1 15 8 2 15 8 4 15 11 5 15 15 7 15 7 0 16 11 1 16 10 2 16 12 4 16 8 5 16 12 7 16 13 0 17 10 1 17 15 2 17 13 4 17 9 5 17 11 7 17 9 0 18 14 1 18 11 2 18 9 4 18 10 5 18 12 7 18 9 0 19 7 1 19 12 2 19 9 4 19 11 5 19 7 7 19 8
28 91 20 2 10 1 10 12 7 10 9 1 11 9 7 11 9 1 12 8 7 12 8 1 13 12 7 13 9 1 14 9 7 14 11 1 15 13 7 15 12 1 16 10 7 16 11 1 17 9 7 17 11 1 18 9 7 18 13 1 19 11 7 19 12
29 95 18 6 5 0 10 11 2 10 10 3 10 12 6 10 11 7 10 12 0 14 10 2 14 13 4 14 8 7 14 12 0 17 13 2 17 10 3 17 9 4 17 7 6 17 10 6 18 10 3 19 12 4 19 10 7 19 11
30 101 20 2 10 2 10 11 5 10 10 2 11 11 5 11 9 2 12 4 5 12 9 2 13 8 5 13 9 2 14 12 5 14 10 2 15 13 5 15 11 2 16 11 5 16 11 2 17 9 5 17 11 2 18 14 5 18 5 2 19 14 5 19 11
31 107 2 2 1 1 19 10 4 19 14
32 114 3 3 1 0 14 10 1 14 9 9 14 8
33 120 2 2 2 3 11 9 4 15 7
34 125 2 2 1 2 17 11 4 17 12
35 127 1 1 1 1 16 11
36 132 6 6 1 1 15 7 2 15 12 5 15 12 6 15 11 7 15 10 9 15 10
37 135 24 6 7 0 11 10 1 11 9 2 11 12 4 11 14 8 11 12 0 12 11 4 12 11 7 12 12 8 12 8 0 13 10 7 13 10 0 14 11 2 14 11 4 14 13 7 14 11 1 15 10 2 15 14 8 15 8 1 17 15 7 17 9 8 17 8 1 18 8 2 18 9 4 18 10
38 137 3 3 1 0 12 11 2 12 9 7 12 10
39 140 4 4 2 4 14 8 2 17 12 3 17 11 8 17 9
40 146 12 6 4 4 10 7 3 11 8 4 11 12 5 11 12 9 11 8 2 14 8 8 14 14 2 18 11 3 18 9 5 18 12 8 18 14 9 18 10
41 149 18 6 6 2 10 13 6 10 12 0 11 7 1 11 12 2 11 9 3 11 12 9 11 10 1 12 8 2 12 9 3 12 11 6 12 9 0 13 11 3 13 8 6 13 10 9 13 8 0 14 10 1 14 11 9 19 11
42 155 12 4 4 2 11 14 8 11 12 2 12 12 3 12 14 7 12 11 8 12 12 2 13 9 3 13 11 7 13 12 3 18 14 7 18 10 8 18 6
43 156 2 2 1 3 12 13 8 12 11
44 159 4 4 2 2 11 12 7 11 14 9 11 9 1 17 9
45 160 60 6 10 1 10 11 2 10 7 3 10 12 5 10 12 7 10 10 9 10 6 1 11 12 2 11 7 3 11 13 5 11 11 7 11 12 9 11 11 1 12 9 2 12 9 3 12 11 5 12 11 7 12 10 9 12 10 1 13 7 2 13 13 3 13 12 5 13 10 7 13 9 9 13 11 1 14 8 2 14 7 3 14 10 5 14 9 7 14 11 9 14 11 1 15 10 2 15 10 3 15 11 5 15 12 7 15 9 9 15 12 1 16 8 2 16 9 3 16 10 5 16 11 7 16 9 9 16 8 1 17 10 2 17 10 3 17 10 5 17 10 7 17 7 9 17 11 1 18 11 2 18 9 3 18 12 5 18 9 7 18 10 9 18 11 1 19 12 2 19 9 3 19 12 5 19 10 7 19 15 9 19 8
46 161 8 4 4 0 12 11 5 12 10 6 12 9 0 14 9 3 15 11 3 17 13 5 17 10 6 17 13
47 163 18 6 6 1 10 11 3 10 14 6 10 7 7 10 10 2 14 15 3 14 9 6 14 13 4 15 9 7 15 11 1 16 10 2 16 9 4 16 12 1 17 10 2 17 8 4 17 8 7 17 8 3 18 10 6 18 11
48 166 2 2 1 5 14 11 6 14 10
49 167 8 4 4 5 13 12 6 13 12 4 16 15 9 16 9 5 17 8 6 17 10 4 19 11 9 19 10
50 169 1 1 1 7 11 13
51 170 2 2 1 7 12 10 9 12 11
52 176 3 3 2 1 16 7 5 16 13 3 19 11
53 177 3 3 1 0 10 14 2 10 9 6 10 11
54 184 18 6 6 6 11 9 7 11 11 0 12 9 2 12 8 7 12 8 9 12 9 0 14 13 2 14 13 7 14 11 8 14 8 2 16 8 6 16 10 8 16 12 6 17 11 8 17 6 9 17 12 0 18 13 9 18 14
55 188 6 6 1 0 17 11 2 17 11 4 17 9 7 17 13 8 17 12 9 17 11
56 189 18 6 6 4 10 12 5 10 12 6 10 10 7 10 10 0 11 10 7 11 7 8 11 13 5 12 9 0 16 11 4 16 9 6 16 12 8 16 11 4 17 13 5 17 9 6 17 10 0 18 7 7 18 12 8 18 13
57 193 30 6 9 2 10 10 4 10 9 8 10 8 9 10 12 0 11 7 7 11 9 9 11 9 2 12 8 0 13 12 7 13 13 8 13 14 0 14 10 4 14 12 7 14 9 9 14 11 2 15 11 4 15 8 8 15 13 9 15 10 2 16 10 4 16 7 7 16 11 8 16 8 0 17 11 2 17 13 4 17 10 8 17 12 9 17 9 0 19 8 7 19 11
58 198 2 2 1 0 19 11 2 19 11
59 204 24 6 7 0 10 15 1 10 11 4 10 13 6 10 12 9 10 7 0 11 10 1 11 10 4 11 9 6 11 10 3 12 16 6 12 9 0 13 12 1 13 8 0 14 12 3 14 10 4 14 9 9 14 10 3 16 10 6 16 12 9 16 12 1 19 13 3 19 10 4 19 12 9 19 10
60 206 2 2 2 0 16 13 2 18 11
61 208 20 2 10 3 10 11 8 10 11 3 11 11 8 11 10 3 12 12 8 12 11 3 13 8 8 13 10 3 14 7 8 14 11 3 15 9 8 15 11 3 16 11 8 16 10 3 17 5 8 17 9 3 18 9 8 18 12 3 19 13 8 19 11
62 219 10 5 4 2 10 7 7 10 10 5 11 10 6 11 10 7 11 9 3 12 11 2 19 10 3 19 10 5 19 10 6 19 11
63 225 18 6 6 1 10 9 2 10 12 7 10 13 8 10 9 7 11 9 8 11 9 6 13 9 7 13 8 2 14 12 3 14 14 6 14 11 8 14 10 1 15 9 2 15 11 3 15 12 1 16 8 3 16 12 6 16 7
64 229 1 1 1 5 19 11
65 231 24 6 7 0 10 9 1 10 14 5 10 5 6 10 9 9 10 14 2 11 11 2 12 9 5 12 11 6 12 14 9 12 10 0 14 12 1 14 8 9 14 13 0 15 8 1 15 9 2 15 10 5 15 10 6 15 7 0 17 12 2 17 13 5 17 6 1 19 11 6 19 10 9 19 9
66 232 1 1 1 8 15 10
67 235 6 6 1 0 15 9 1 15 13 2 15 10 3 15 13 4 15 10 5 15 12
68 236 1 1 1 3 16 11
69 238 6 3 3 1 10 11 4 10 8 6 10 11 1 13 13 4 13 8 6 15 10
70 245 15 5 5 2 10 9 5 10 10 7 10 10 1 11 14 3 11 11 5 11 10 7 11 13 1 13 10 2 13 10 3 13 10 7 13 9 3 18 13 5 18 14 1 19 10 2 19 12
71 247 1 1 1 6 14 11
72 253 1 1 1 7 12 12
73 257 12 6 4 4 11 10 5 11 12 6 11 9 7 11 12 3 13 13 5 13 12 7 13 8 9 13 9 6 16 10 9 16 12 3 17 11 4 17 10
74 258 18 6 5 3 11 9 5 11 12 9 11 9 1 12 12 3 12 8 5 12 11 7 12 10 9 12 10 2 13 7 5 13 14 1 16 12 2 16 11 3 16 13 7 16 10 9 16 9 1 19 10 2 19 13 7 19 10
75 264 2 2 1 2 15 11 4 15 14
76 270 2 2 1 0 15 10 6 15 11
77 275 12 6 4 2 11 16 5 11 15 7 11 9 3 13 9 0 14 9 1 14 15 3 14 11 0 19 12 1 19 12 2 19 12 5 19 8 7 19 9
78 276 2 2 1 1 10 15 8 10 10
79 277 2 2 1 2 19 7 7 19 12
80 282 2 2 1 1 16 16 8 16 13
81 288 18 6 5 1 13 13 2 13 10 3 13 8 7 13 11 1 14 9 4 14 16 2 15 11 3 15 8 4 15 8 6 15 8 7 15 14 3 16 11 6 16 12 1 18 10 2 18 7 4 18 9 6 18 14 7 18 8
82 291 10 1 10 5 10 10 5 11 9 5 12 11 5 13 9 5 14 7 5 15 13 5 16 12 5 17 8 5 18 12 5 19 6
83 298 3 3 1 1 14 8 2 14 12 6 14 11
84 299 18 6 6 0 12 13 1 12 10 3 12 9 5 12 9 7 12 10 9 12 12 1 15 10 3 15 13 0 16 10 3 16 12 5 16 8 7 16 13 9 17 13 1 18 11 5 18 8 0 19 9 7 19 14 9 19 9
85 305 1 1 1 9 16 12
86 306 6 3 3 0 10 11 9 10 10 7 12 14 9 12 13 0 13 6 7 13 9
87 312 50 5 10 2 10 11 4 10 11 5 10 9 6 10 10 9 10 11 2 11 9 4 11 8 5 11 13 6 11 11 9 11 9 2 12 10 4 12 13 5 12 9 6 12 12 9 12 11 2 13 7 4 13 12 5 13 14 6 13 10 9 13 12 2 14 10 4 14 8 5 14 13 6 14 10 9 14 11 2 15 8 4 15 9 5 15 8 6 15 9 9 15 12 2 16 5 4 16 7 5 16 8 6 16 10 9 16 8 2 17 11 4 17 10 5 17 9 6 17 6 9 17 8 2 18 9 4 18 13 5 18 8 6 18 11 9 18 10 2 19 10 4 19 8 5 19 10 6 19 9 9 19 8
88 313 30 3 10 4 10 15 6 10 8 9 10 11 4 11 11 6 11 11 9 11 10 4 12 10 6 12 9 9 12 10 4 13 13 6 13 9 9 13 10 4 14 15 6 14 6 9 14 12 4 15 13 6 15 13 9 15 13 4 16 13 6 16 6 9 16 9 4 17 8 6 17 12 9 17 10 4 18 9 6 18 9 9 18 10 4 19 10 6 19 12 9 19 11
89 314 3 3 1 0 19 11 4 19 12 8 19 13
90 319 12 6 3 2 10 12 4 10 10 6 10 13 9 10 10 2 11 12 4 11 10 5 11 10 6 11 9 7 11 12 9 11 11 5 18 9 7 18 12
91 325 1 1 1 1 16 9
92 334 6 6 1 0 15 7 2 15 11 5 15 13 6 15 8 8 15 13 9 15 7
93 337 2 2 2 2 12 9 8 19 11
94 342 2 2 1 5 18 9 6 18 14
95 343 3 3 1 0 12 9 2 12 13 4 12 11
96 344 6 3 3 3 15 9 5 15 9 3 16 9 5 16 12 9 16 8 9 18 7
97 354 3 3 1 2 11 11 6 11 8 8 11 11
98 356 12 6 4 2 12 15 3 12 13 4 12 15 3 13 10 6 13 11 9 13 11 2 18 11 6 18 10 8 18 11 4 19 12 8 19 9 9 19 11
99 359 3 3 1 2 14 11 8 14 13 9 14 14
