20 100
0 0 24 6 7 2 10 10 4 10 10 9 10 15 3 12 13 7 12 10 9 12 11 4 13 11 7 13 11 9 13 9 3 14 12 5 14 11 7 14 10 9 14 11 2 15 10 3 15 7 4 15 7 5 15 12 7 15 10 2 16 13 5 16 12 2 19 12 3 19 10 4 19 9 5 19 11
1 2 2 2 1 4 14 8 9 14 9
2 4 6 6 1 0 14 12 1 14 8 2 14 13 5 14 11 7 14 15 8 14 7
3 8 6 6 1 1 10 14 2 10 12 3 10 15 5 10 6 8 10 6 9 10 12
4 10 4 4 1 3 15 9 4 15 10 7 15 10 9 15 13
5 11 3 3 2 6 12 11 0 15 11 5 15 8
6 13 12 6 3 2 14 13 4 14 7 5 14 11 6 14 9 7 14 12 9 14 9 2 15 6 4 15 13 7 15 10 9 15 7 5 16 10 6 16 9
7 14 3 3 1 2 13 15 4 13 13 5 13 13
8 17 1 1 1 3 12 11
9 20 18 6 5 4 12 13 6 12 10 7 12 11 8 12 10 3 13 8 4 13 9 6 13 11 8 13 10 2 15 12 7 15 12 8 15 12 2 17 9 3 17 10 7 17 10 2 18 10 3 18 14 4 18 12 6 18 11
10 24 60 6 10 0 10 15 1 10 13 3 10 11 5 10 6 6 10 11 7 10 12 0 11 9 1 11 12 3 11 9 5 11 8 6 11 12 7 11 10 0 12 10 1 12 14 3 12 10 5 12 8 6 12 9 7 12 11 0 13 11 1 13 9 3 13 12 5 13 13 6 13 9 7 13 12 0 14 12 1 14 13 3 14 12 5 14 10 6 14 12 7 14 10 0 15 11 1 15 11 3 15 14 5 15 13 6 15 14 7 15 8 0 16 11 1 16 10 3 16 12 5 16 13 6 16 8 7 16 11 0 17 6 1 17 13 3 17 13 5 17 9 6 17 13 7 17 11 0 18 10 1 18 12 3 18 5 5 18 12 6 18 12 7 18 8 0 19 8 1 19 9 3 19 10 5 19 10 6 19 11 7 19 12
11 27 60 6 10 0 10 13 2 10 6 3 10 11 4 10 11 7 10 13 8 10 9 0 11 12 2 11 14 3 11 12 4 11 13 7 11 10 8 11 11 0 12 13 2 12 9 3 12 11 4 12 11 7 12 11 8 12 12 0 13 10 2 13 14 3 13 13 4 13 10 7 13 11 8 13 11 0 14 11 2 14 12 3 14 9 4 14 10 7 14 11 8 14 13 0 15 8 2 15 10 3 15 11 4 15 13 7 15 12 8 15 12 0 16 10 2 16 14 3 16 13 4 16 9 7 16 14 8 16 8 0 17 15 2 17 9 3 17 14 4 17 11 7 17 9 8 17 13 0 18 13 2 18 8 3 18 9 4 18 11 7 18 7 8 18 8 0 19 9 2 19 12 3 19 13 4 19 9 7 19 7 8 19 7
12 28 2 2 1 3 19 15 9 19 11
13 42 12 6 3 3 14 11 5 14 13 7 14 10 8 14 9 9 14 12 3 15 12 5 15 8 6 15 12 7 15 12 6 16 11 8 16 13 9 16 7
14 43 12 6 5 1 11 9 5 11 12 1 13 11 2 13 9 4 13 11 3 14 7 8 14 11 2 16 12 4 16 8 8 16 13 3 17 14 5 17 7
15 45 4 4 1 0 11 9 2 11 12 3 11 9 5 11 13
16 46 1 1 1 3 12 10
17 47 18 6 6 1 11 9 4 11 10 7 11 8 1 12 8 4 12 11 5 12 7 1 14 8 4 14 12 6 14 10 7 14 13 9 14 10 5 15 10 9 15 12 5 17 12 6 17 13 6 19 8 7 19 10 9 19 9
18 52 1 1 1 3 15 13
19 57 1 1 1 3 16 11
20 59 6 6 1 0 10 8 1 10 14 3 10 10 4 10 10 7 10 5 9 10 12
21 67 3 3 2 0 12 8 5 12 9 1 13 9
22 68 10 1 10 6 10 10 6 11 9 6 12 10 6 13 8 6 14 11 6 15 11 6 16 13 6 17 11 6 18 8 6 19 7
23 71 6 3 3 9 10 8 0 12 8 5 12 8 9 12 12 0 14 9 5 14 13
24 80 12 6 4 0 12 13 1 12 11 8 12 7 2 14 9 6 14 11 0 15 9 1 15 8 4 15 13 2 16 8 4 16 10 6 16 10 8 16 12
25 86 60 6 10 1 10 8 3 10 5 4 10 7 5 10 13 7 10 13 8 10 15 1 11 10 3 11 8 4 11 11 5 11 10 7 11 10 8 11 14 1 12 10 3 12 8 4 12 9 5 12 13 7 12 11 8 12 11 1 13 9 3 13 8 4 13 12 5 13 9 7 13 12 8 13 9 1 14 9 3 14 10 4 14 11 5 14 11 7 14 13 8 14 9 1 15 10 3 15 14 4 15 11 5 15 9 7 15 12 8 15 13 1 16 11 3 16 13 4 16 12 5 16 7 7 16 11 8 16 11 1 17 6 3 17 9 4 17 7 5 17 11 7 17 9 8 17 9 1 18 7 3 18 13 4 18 8 5 18 10 7 18 11 8 18 10 1 19 10 3 19 12 4 19 9 5 19 10 7 19 10 8 19 7
26 89 6 6 1 2 17 9 3 17 9 4 17 11 5 17 8 7 17 10 8 17 8
27 90 30 6 9 0 10 10 2 10 12 5 10 10 1 11 11 5 11 14 6 11 12 0 12 12 2 12 12 6 12 13 0 13 13 1 13 8 2 13 10 5 13 13 6 13 9 1 15 15 2 15 9 7 15 10 0 16 11 2 16 9 5 16 10 7 16 13 1 17 6 7 17 10 0 18 8 1 18 8 5 18 9 6 18 11 7 18 10 6 19 8 7 19 12
28 91 6 6 3 7 14 6 9 14 14 2 15 11 5 15 11 1 17 10 3 17 10
29 95 2 2 1 1 13 10 8 13 11
30 101 50 5 10 1 10 9 2 10 12 6 10 8 7 10 11 8 10 10 1 11 8 2 11 9 6 11 13 7 11 8 8 11 9 1 12 10 2 12 11 6 12 10 7 12 13 8 12 15 1 13 12 2 13 13 6 13 11 7 13 8 8 13 8 1 14 12 2 14 8 6 14 9 7 14 12 8 14 10 1 15 5 2 15 12 6 15 12 7 15 10 8 15 11 1 16 13 2 16 11 6 16 12 7 16 8 8 16 12 1 17 12 2 17 6 6 17 10 7 17 11 8 17 9 1 18 9 2 18 12 6 18 14 7 18 12 8 18 12 1 19 13 2 19 11 6 19 14 7 19 10 8 19 8
31 107 6 6 1 0 14 13 1 14 9 2 14 7 5 14 13 7 14 11 9 14 10
32 114 12 6 4 6 10 11 8 10 9 3 15 10 5 15 9 7 15 11 1 16 8 5 16 8 7 16 12 1 17 10 3 17 13 6 17 8 8 17 8
33 120 1 1 1 9 16 10
34 125 24 6 7 3 10 13 4 10 13 8 10 5 1 12 12 2 12 12 4 12 9 5 12 11 8 12 8 1 13 11 3 13 14 1 14 15 4 14 9 5 14 9 8 14 9 1 15 13 2 15 8 3 15 14 4 15 9 5 15 13 8 15 13 2 16 12 2 19 11 3 19 14 5 19 11
35 127 18 6 6 1 10 9 5 10 9 8 10 8 3 11 9 5 11 10 6 11 11 8 11 8 2 15 11 3 15 9 6 15 14 1 17 12 3 17 11 1 18 7 2 18 7 5 18 12 8 18 10 2 19 13 6 19 8
36 132 3 3 2 7 11 13 0 16 9 6 16 11
37 135 1 1 1 2 17 6
38 137 40 4 10 2 10 10 5 10 15 6 10 10 7 10 11 2 11 12 5 11 9 6 11 5 7 11 13 2 12 13 5 12 9 6 12 8 7 12 8 2 13 8 5 13 9 6 13 11 7 13 8 2 14 13 5 14 12 6 14 13 7 14 12 2 15 11 5 15 10 6 15 14 7 15 15 2 16 7 5 16 10 6 16 14 7 16 11 2 17 9 5 17 9 6 17 8 7 17 6 2 18 10 5 18 11 6 18 12 7 18 10 2 19 8 5 19 11 6 19 8 7 19 11
39 140 15 5 5 0 10 12 1 10 8 2 10 14 3 10 12 5 10 10 1 13 15 2 13 10 3 13 12 5 13 10 0 14 12 2 14 8 5 14 11 1 15 10 3 15 9 0 18 11
40 146 2 2 2 1 15 10 0 19 13
41 149 1 1 1 2 12 14
42 155 3 3 1 3 16 8 7 16 8 8 16 10
43 156 6 3 3 5 12 9 5 13 9 6 13 10 8 13 10 6 19 10 8 19 11
44 159 5 5 1 1 17 9 2 17 10 3 17 8 5 17 12 8 17 11
45 160 1 1 1 2 11 8
46 161 6 6 3 4 10 12 6 10 10 1 11 11 9 11 12 7 18 6 8 18 8
47 163 6 6 1 0 13 13 2 13 8 3 13 10 5 13 7 8 13 13 9 13 11
48 166 1 1 1 0 16 11
49 167 10 1 10 0 10 7 0 11 9 0 12 11 0 13 10 0 14 10 0 15 10 0 16 14 0 17 10 0 18 11 0 19 8
50 169 1 1 1 5 12 11
51 170 1 1 1 7 17 15
52 176 12 6 3 0 10 11 4 10 11 5 10 12 6 10 9 7 10 9 8 10 14 4 11 9 6 11 9 0 19 9 5 19 8 7 19 13 8 19 12
53 177 1 1 1 9 18 9
54 184 2 2 1 8 11 12 9 11 13
55 188 60 6 10 1 10 10 2 10 15 3 10 7 4 10 11 5 10 7 8 10 10 1 11 13 2 11 11 3 11 13 4 11 14 5 11 8 8 11 12 1 12 14 2 12 11 3 12 12 4 12 10 5 12 10 8 12 11 1 13 11 2 13 9 3 13 10 4 13 9 5 13 13 8 13 12 1 14 9 2 14 10 3 14 14 4 14 12 5 14 5 8 14 10 1 15 11 2 15 12 3 15 11 4 15 9 5 15 11 8 15 9 1 16 15 2 16 9 3 16 9 4 16 13 5 16 14 8 16 14 1 17 11 2 17 14 3 17 10 4 17 10 5 17 10 8 17 10 1 18 11 2 18 10 3 18 9 4 18 13 5 18 12 8 18 8 1 19 10 2 19 8 3 19 11 4 19 11 5 19 10 8 19 9
56 189 4 4 1 2 13 10 3 13 9 5 13 13 6 13 12
57 193 10 2 7 2 12 13 9 13 8 2 14 10 9 14 12 9 15 13 2 16 8 2 17 12 9 17 12 2 19 9 9 19 10
58 198 4 4 2 7 14 8 8 14 12 4 15 10 5 15 7
59 204 20 2 10 5 10 13 9 10 8 5 11 10 9 11 12 5 12 13 9 12 12 5 13 13 9 13 11 5 14 6 9 14 10 5 15 13 9 15 11 5 16 12 9 16 11 5 17 11 9 17 12 5 18 11 9 18 9 5 19 13 9 19 9
60 206 1 1 1 0 17 9
61 208 12 6 3 1 17 14 2 17 11 9 17 10 0 18 11 5 18 11 6 18 10 9 18 8 0 19 11 1 19 9 2 19 8 5 19 10 6 19 11
62 219 3 3 1 1 13 8 2 13 13 6 13 13
63 225 18 6 6 2 10 9 6 10 13 7 10 11 8 10 8 9 10 13 6 12 10 3 13 8 6 13 11 2 14 13 3 14 9 7 14 11 8 14 10 2 16 10 8 16 13 9 16 7 3 19 9 7 19 10 9 19 9
64 229 3 3 1 1 14 12 3 14 14 6 14 11
65 231 8 4 4 1 12 14 4 12 12 9 12 11 7 14 10 4 16 8 1 19 11 7 19 12 9 19 12
66 232 4 2 3 8 10 10 2 15 11 8 15 10 2 16 10
67 235 2 2 1 6 14 11 9 14 11
68 236 12 3 7 3 11 8 3 12 11 8 14 12 2 15 12 8 15 11 2 16 10 3 16 11 8 16 9 2 17 9 8 17 12 2 19 7 3 19 12
69 238 60 6 10 1 10 9 3 10 10 4 10 8 7 10 10 8 10 11 9 10 9 1 11 10 3 11 10 4 11 6 7 11 12 8 11 11 9 11 12 1 12 10 3 12 11 4 12 9 7 12 11 8 12 12 9 12 11 1 13 11 3 13 12 4 13 10 7 13 12 8 13 9 9 13 14 1 14 13 3 14 11 4 14 7 7 14 13 8 14 10 9 14 8 1 15 9 3 15 12 4 15 10 7 15 6 8 15 10 9 15 11 1 16 10 3 16 10 4 16 9 7 16 9 8 16 11 9 16 10 1 17 11 3 17 12 4 17 13 7 17 10 8 17 9 9 17 8 1 18 11 3 18 9 4 18 12 7 18 12 8 18 7 9 18 11 1 19 13 3 19 14 4 19 13 7 19 10 8 19 10 9 19 10
70 245 12 6 5 0 11 10 5 11 8 1 12 12 2 12 10 4 15 7 8 15 9 2 17 14 4 17 12 5 17 7 0 18 10 1 18 9 8 18 7
71 247 8 4 4 2 11 13 5 11 9 6 11 14 1 15 9 5 15 9 1 17 8 2 17 11 6 19 11
72 253 24 6 6 2 11 11 8 11 11 9 11 10 2 12 12 3 12 11 4 12 10 5 12 12 8 12 12 9 12 12 2 13 13 3 13 8 4 13 12 5 13 11 5 15 11 3 17 8 4 17 11 8 17 10 9 17 13 2 19 13 3 19 12 4 19 12 5 19 8 8 19 9 9 19 12
73 257 2 2 1 1 12 10 5 12 13
74 258 18 6 5 0 10 10 1 10 11 3 10 14 5 10 11 9 10 13 0 12 11 1 12 12 3 12 9 1 14 9 3 14 10 7 14 10 9 14 11 0 15 12 5 15 6 7 15 9 5 16 9 7 16 10 9 16 8
75 264 6 6 1 1 12 10 5 12 10 6 12 12 7 12 10 8 12 9 9 12 14
76 270 12 6 3 2 10 11 3 10 10 4 10 11 7 10 6 9 10 10 2 15 12 3 15 12 4 15 12 6 15 9 7 15 9 6 16 12 9 16 11
77 275 24 6 6 1 10 8 2 10 8 4 10 13 6 10 12 4 11 8 6 11 14 8 11 12 9 11 7 1 13 12 2 13 10 6 13 8 8 13 12 9 13 9 4 15 9 6 15 9 8 15 9 9 15 11 1 17 13 2 17 12 9 17 10 1 18 12 2 18 11 4 18 10 8 18 11
78 276 60 6 10 0 10 11 2 10 10 5 10 9 6 10 14 7 10 13 9 10 11 0 11 10 2 11 12 5 11 10 6 11 10 7 11 13 9 11 9 0 12 13 2 12 8 5 12 10 6 12 11 7 12 8 9 12 8 0 13 11 2 13 11 5 13 8 6 13 10 7 13 11 9 13 9 0 14 8 2 14 13 5 14 11 6 14 12 7 14 8 9 14 9 0 15 12 2 15 11 5 15 12 6 15 13 7 15 12 9 15 10 0 16 12 2 16 7 5 16 11 6 16 13 7 16 9 9 16 9 0 17 14 2 17 12 5 17 11 6 17 9 7 17 10 9 17 14 0 18 16 2 18 14 5 18 10 6 18 9 7 18 11 9 18 12 0 19 12 2 19 9 5 19 8 6 19 10 7 19 10 9 19 12
79 277 4 4 2 1 10 9 7 10 6 9 10 8 0 12 12
80 282 6 3 3 0 12 9 1 12 10 2 12 10 0 14 13 2 14 16 1 16 9
81 288 12 6 4 1 11 7 0 12 12 3 12 10 5 12 12 7 12 16 0 13 11 3 13 11 7 13 12 8 13 10 1 15 14 5 15 10 8 15 10
82 291 8 2 5 9 11 9 7 13 9 9 13 11 7 14 10 7 15 12 9 15 12 7 17 10 9 17 11
83 298 4 2 2 5 13 11 7 13 11 5 19 11 7 19 7
84 299 6 3 3 0 12 15 8 12 7 4 13 9 8 13 10 0 18 14 4 18 15
85 305 1 1 1 5 19 12
86 306 2 2 1 3 16 10 5 16 7
87 312 6 6 2 0 11 9 4 11 9 5 11 13 1 12 10 3 12 9 8 12 9
88 313 30 3 10 1 10 9 8 10 11 9 10 10 1 11 12 8 11 9 9 11 11 1 12 10 8 12 9 9 12 10 1 13 11 8 13 12 9 13 8 1 14 13 8 14 14 9 14 10 1 15 12 8 15 10 9 15 12 1 16 8 8 16 7 9 16 7 1 17 14 8 17 10 9 17 11 1 18 8 8 18 11 9 18 10 1 19 14 8 19 13 9 19 7
89 314 1 1 1 0 19 11
90 319 1 1 1 7 19 11
91 325 18 6 6 0 10 10 1 10 11 4 10 12 9 10 11 0 13 10 2 13 9 4 13 12 7 13 9 0 14 15 2 14 14 9 14 5 2 16 10 1 18 9 4 18 12 7 18 10 1 19 12 7 19 11 9 19 10
92 334 60 6 10 2 10 12 4 10 12 5 10 12 7 10 13 8 10 13 9 10 11 2 11 12 4 11 13 5 11 11 7 11 12 8 11 12 9 11 11 2 12 12 4 12 7 5 12 15 7 12 7 8 12 8 9 12 12 2 13 11 4 13 8 5 13 11 7 13 10 8 13 10 9 13 11 2 14 11 4 14 11 5 14 12 7 14 12 8 14 7 9 14 8 2 15 9 4 15 10 5 15 10 7 15 11 8 15 11 9 15 12 2 16 11 4 16 11 5 16 12 7 16 8 8 16 12 9 16 12 2 17 13 4 17 10 5 17 12 7 17 11 8 17 9 9 17 11 2 18 11 4 18 11 5 18 8 7 18 11 8 18 5 9 18 11 2 19 12 4 19 11 5 19 11 7 19 10 8 19 11 9 19 12
93 337 6 6 2 1 17 11 2 17 8 8 17 12 9 17 12 3 18 11 5 18 9
94 342 60 6 10 0 10 11 2 10 10 5 10 12 6 10 17 7 10 9 9 10 12 0 11 9 2 11 13 5 11 9 6 11 10 7 11 11 9 11 9 0 12 12 2 12 13 5 12 9 6 12 7 7 12 9 9 12 8 0 13 9 2 13 9 5 13 7 6 13 11 7 13 11 9 13 11 0 14 14 2 14 10 5 14 10 6 14 13 7 14 12 9 14 9 0 15 15 2 15 10 5 15 10 6 15 11 7 15 13 9 15 9 0 16 10 2 16 12 5 16 10 6 16 13 7 16 11 9 16 9 0 17 10 2 17 13 5 17 12 6 17 12 7 17 11 9 17 14 0 18 8 2 18 12 5 18 10 6 18 12 7 18 10 9 18 6 0 19 10 2 19 8 5 19 13 6 19 8 7 19 11 9 19 11
95 343 18 6 5 1 10 8 3 10 9 4 10 10 7 10 9 9 10 11 1 11 8 3 11 10 6 11 15 4 13 10 6 13 11 1 18 9 4 18 14 6 18 13 7 18 8 9 18 11 3 19 10 7 19 10 9 19 10
96 344 6 6 2 4 15 10 5 15 10 9 15 14 1 17 11 7 17 11 8 17 9
97 354 3 3 1 1 15 9 3 15 13 7 15 9
98 356 12 6 3 2 10 7 4 10 12 5 10 15 7 10 10 9 10 7 0 15 11 5 15 9 9 15 10 0 17 7 2 17 11 4 17 9 7 17 8
99 359 6 6 1 0 18 11 2 18 7 3 18 10 4 18 11 6 18 12 8 18 11
