20 100
0 0 3 3 2 0 17 13 2 17 10 6 19 11
1 2 3 3 2 0 13 12 9 13 9 7 17 14
2 4 18 6 5 5 12 10 7 12 11 9 12 9 3 13 10 4 13 11 5 13 9 8 13 11 3 16 5 4 16 8 7 16 10 8 16 13 9 16 8 3 18 12 4 18 8 8 18 11 9 18 13 5 19 9 7 19 10
3 8 12 6 4 0 10 11 2 10 9 4 10 11 6 10 10 8 10 14 4 11 10 6 11 12 3 16 8 8 16 12 0 18 7 2 18 13 3 18 13
4 10 12 6 4 8 10 9 4 11 12 6 11 12 7 11 11 8 11 10 0 16 13 2 16 9 6 16 10 7 16 8 0 18 9 2 18 11 4 18 10
5 11 60 6 10 1 10 9 2 10 12 4 10 10 5 10 7 6 10 10 7 10 9 1 11 15 2 11 10 4 11 13 5 11 7 6 11 10 7 11 12 1 12 12 2 12 11 4 12 10 5 12 9 6 12 10 7 12 10 1 13 14 2 13 13 4 13 9 5 13 11 6 13 7 7 13 13 1 14 11 2 14 11 4 14 11 5 14 9 6 14 11 7 14 10 1 15 14 2 15 11 4 15 11 5 15 10 6 15 11 7 15 10 1 16 11 2 16 10 4 16 10 5 16 11 6 16 13 7 16 12 1 17 8 2 17 10 4 17 10 5 17 11 6 17 17 7 17 11 1 18 8 2 18 11 4 18 12 5 18 13 6 18 14 7 18 12 1 19 13 2 19 13 4 19 13 5 19 12 6 19 9 7 19 10
6 13 12 6 4 3 11 11 4 11 15 6 11 11 7 11 9 9 11 10 3 12 10 4 12 8 1 16 8 6 16 10 1 17 11 7 17 9 9 17 8
7 14 12 4 5 2 10 10 4 10 11 8 10 9 4 12 11 1 14 9 8 14 12 1 15 9 2 15 10 4 15 12 8 15 12 1 19 10 2 19 11
8 17 3 3 1 2 10 13 5 10 9 6 10 11
9 20 60 6 10 1 10 7 2 10 11 3 10 9 4 10 10 8 10 6 9 10 10 1 11 12 2 11 9 3 11 10 4 11 9 8 11 10 9 11 14 1 12 9 2 12 9 3 12 13 4 12 13 8 12 10 9 12 10 1 13 12 2 13 16 3 13 13 4 13 11 8 13 14 9 13 7 1 14 8 2 14 10 3 14 11 4 14 8 8 14 12 9 14 13 1 15 10 2 15 12 3 15 11 4 15 12 8 15 12 9 15 11 1 16 12 2 16 7 3 16 13 4 16 14 8 16 14 9 16 11 1 17 8 2 17 11 3 17 10 4 17 13 8 17 8 9 17 10 1 18 13 2 18 10 3 18 9 4 18 8 8 18 8 9 18 15 1 19 9 2 19 12 3 19 9 4 19 13 8 19 10 9 19 12
10 24 2 2 1 0 18 10 7 18 12
11 27 6 6 3 0 10 11 1 14 11 3 14 12 6 14 11 4 17 10 7 17 14
12 28 24 6 7 5 10 15 8 10 11 9 10 7 1 12 8 4 12 8 5 12 8 8 12 9 0 13 9 4 13 11 9 13 6 4 14 10 5 14 13 9 14 11 0 16 11 1 16 13 5 16 11 9 16 13 0 17 12 1 17 8 8 17 8 0 18 11 1 18 12 4 18 13 8 18 10
13 42 60 6 10 1 10 12 2 10 6 4 10 11 5 10 10 8 10 10 9 10 12 1 11 10 2 11 14 4 11 12 5 11 12 8 11 12 9 11 13 1 12 12 2 12 6 4 12 13 5 12 14 8 12 10 9 12 13 1 13 14 2 13 7 4 13 9 5 13 12 8 13 6 9 13 8 1 14 13 2 14 12 4 14 9 5 14 12 8 14 12 9 14 14 1 15 12 2 15 13 4 15 14 5 15 11 8 15 4 9 15 9 1 16 12 2 16 10 4 16 8 5 16 11 8 16 11 9 16 11 1 17 8 2 17 10 4 17 13 5 17 13 8 17 4 9 17 11 1 18 11 2 18 8 4 18 12 5 18 10 8 18 10 9 18 9 1 19 10 2 19 11 4 19 11 5 19 9 8 19 7 9 19 12
14 43 2 2 1 6 11 7 8 11 14
15 45 24 6 7 0 10 7 2 10 12 6 10 11 8 10 9 0 11 11 1 11 10 2 11 10 3 11 10 8 11 11 2 12 8 3 12 12 6 12 10 6 13 13 0 16 13 1 16 10 2 16 15 3 16 5 6 16 11 8 16 12 0 18 11 1 18 7 3 18 8 1 19 9 8 19 11
16 46 2 2 1 1 13 12 5 13 11
17 47 5 5 2 6 13 9 1 19 14 3 19 9 8 19 14 9 19 10
18 52 24 6 7 0 10 11 7 10 13 9 10 12 0 12 13 2 12 11 7 12 11 8 12 11 9 12 12 2 14 9 3 14 11 3 15 6 7 15 11 8 15 11 9 15 10 2 17 11 8 17 11 0 18 10 3 18 13 7 18 11 8 18 8 9 18 8 0 19 12 2 19 11 3 19 10
19 57 3 3 1 1 17 7 2 17 10 8 17 10
20 59 1 1 1 5 11 7
21 67 2 2 1 4 11 10 5 11 9
22 68 6 6 1 0 11 7 1 11 12 2 11 7 6 11 8 7 11 9 9 11 10
23 71 12 6 3 1 10 12 3 10 11 4 10 11 6 10 9 7 10 9 9 10 12 3 13 9 6 13 9 7 13 8 9 13 9 1 17 14 4 17 12
24 80 3 3 1 0 18 10 1 18 10 4 18 12
25 86 2 2 1 5 17 10 7 17 10
26 89 6 6 1 0 10 10 2 10 11 3 10 11 5 10 9 6 10 11 7 10 9
27 90 2 2 1 0 12 12 1 12 12
28 91 12 6 4 1 11 12 5 11 11 8 11 10 9 11 7 1 13 10 2 13 10 3 13 5 5 13 12 8 18 9 9 18 10 2 19 8 3 19 12
29 95 1 1 1 3 14 12
30 101 12 6 4 0 10 10 4 10 9 8 10 12 0 12 11 2 12 9 4 12 10 2 13 8 3 13 8 9 13 12 3 16 13 8 16 10 9 16 9
31 107 1 1 1 8 11 9
32 114 1 1 1 3 10 13
33 120 8 4 2 0 12 12 6 12 15 8 12 11 9 12 10 0 19 10 6 19 10 8 19 13 9 19 11
34 125 10 1 10 9 10 12 9 11 7 9 12 14 9 13 10 9 14 7 9 15 10 9 16 9 9 17 14 9 18 7 9 19 10
35 127 6 3 3 3 11 5 8 16 10 9 16 12 3 18 5 8 18 12 9 18 11
36 132 3 3 1 2 15 11 6 15 11 8 15 10
37 135 8 4 4 2 12 8 5 12 10 5 16 6 9 16 11 2 17 10 8 17 12 8 19 10 9 19 12
38 137 6 6 1 0 11 8 2 11 10 3 11 8 4 11 11 6 11 14 8 11 8
39 140 20 2 10 2 10 10 3 10 14 2 11 11 3 11 10 2 12 11 3 12 10 2 13 8 3 13 7 2 14 14 3 14 11 2 15 11 3 15 13 2 16 13 3 16 15 2 17 9 3 17 12 2 18 10 3 18 13 2 19 10 3 19 12
40 146 1 1 1 7 12 11
41 149 6 3 3 6 11 9 4 14 14 9 14 9 4 18 9 6 18 11 9 18 9
42 155 18 6 5 0 11 7 1 11 8 6 11 12 8 11 9 9 11 13 5 15 11 6 15 10 8 15 11 0 16 10 8 16 8 9 16 8 0 17 12 1 17 12 5 17 10 6 17 11 1 19 9 5 19 8 9 19 12
43 156 3 3 1 0 15 9 3 15 14 7 15 11
44 159 3 3 1 1 15 13 3 15 7 4 15 12
45 160 3 3 2 1 17 11 9 17 6 4 19 9
46 161 3 3 1 1 17 10 6 17 8 9 17 8
47 163 60 6 10 0 10 12 2 10 12 4 10 13 7 10 13 8 10 15 9 10 12 0 11 7 2 11 12 4 11 9 7 11 12 8 11 12 9 11 8 0 12 11 2 12 13 4 12 10 7 12 11 8 12 10 9 12 10 0 13 11 2 13 11 4 13 11 7 13 13 8 13 14 9 13 16 0 14 12 2 14 10 4 14 11 7 14 13 8 14 10 9 14 7 0 15 10 2 15 9 4 15 10 7 15 9 8 15 11 9 15 14 0 16 10 2 16 10 4 16 7 7 16 14 8 16 12 9 16 12 0 17 12 2 17 11 4 17 10 7 17 12 8 17 8 9 17 13 0 18 7 2 18 10 4 18 10 7 18 9 8 18 13 9 18 13 0 19 13 2 19 7 4 19 11 7 19 15 8 19 10 9 19 7
48 166 10 5 4 2 10 10 3 10 9 7 12 14 9 12 9 2 15 9 3 15 10 5 15 10 5 19 11 7 19 11 9 19 9
49 167 1 1 1 9 13 12
50 169 6 3 3 3 12 9 4 12 13 8 12 14 4 15 11 3 18 11 8 18 11
51 170 12 6 4 1 14 11 8 14 13 9 14 12 0 15 10 1 15 11 5 15 9 8 15 7 9 15 9 0 16 12 2 16 11 2 18 13 5 18 8
52 176 24 6 7 2 10 9 6 10 12 8 10 9 9 10 14 1 13 9 9 13 7 6 14 12 7 14 11 8 14 12 1 15 11 2 15 8 7 15 12 1 16 12 2 16 9 7 16 13 9 16 13 2 18 15 6 18 12 8 18 14 9 18 11 1 19 7 6 19 12 7 19 14 8 19 11
53 177 4 4 2 5 10 12 6 10 11 2 15 9 4 15 10
54 184 6 6 3 2 13 11 6 13 11 0 14 11 4 14 10 7 14 7 3 19 5
55 188 20 2 10 1 10 13 6 10 11 1 11 11 6 11 11 1 12 12 6 12 9 1 13 13 6 13 13 1 14 8 6 14 13 1 15 8 6 15 12 1 16 11 6 16 9 1 17 9 6 17 11 1 18 12 6 18 8 1 19 10 6 19 11
56 189 1 1 1 2 17 6
57 193 1 1 1 9 12 10
58 198 3 3 1 1 10 13 5 10 11 8 10 11
59 204 6 6 2 0 12 7 6 12 10 7 12 12 8 12 11 2 19 7 9 19 13
60 206 6 6 3 1 12 10 6 12 10 2 17 10 4 17 9 5 17 11 0 18 10
61 208 3 3 2 1 14 10 5 14 12 2 15 11
62 219 4 4 1 5 12 13 6 12 9 7 12 8 9 12 9
63 225 10 1 10 4 10 11 4 11 10 4 12 12 4 13 12 4 14 5 4 15 11 4 16 13 4 17 12 4 18 11 4 19 14
64 229 8 4 3 0 12 14 4 12 11 5 12 10 3 14 13 4 14 13 0 16 13 3 16 8 5 16 10
65 231 6 6 1 0 17 10 3 17 10 4 17 7 5 17 10 6 17 8 9 17 12
66 232 6 6 2 0 18 10 1 18 13 3 19 9 6 19 14 8 19 12 9 19 9
67 235 8 4 4 1 11 12 9 11 11 6 14 9 5 16 13 1 18 11 5 18 12 6 18 12 9 18 13
68 236 6 6 2 2 17 12 3 17 11 5 17 13 6 17 7 8 17 12 9 18 10
69 238 2 2 1 1 17 9 8 17 8
70 245 1 1 1 1 17 9
71 247 30 3 10 1 10 9 6 10 9 8 10 13 1 11 10 6 11 13 8 11 10 1 12 6 6 12 14 8 12 12 1 13 8 6 13 10 8 13 7 1 14 12 6 14 15 8 14 7 1 15 9 6 15 12 8 15 11 1 16 10 6 16 10 8 16 11 1 17 10 6 17 8 8 17 11 1 18 11 6 18 8 8 18 12 1 19 8 6 19 6 8 19 11
72 253 6 6 3 5 10 14 6 10 10 1 15 10 3 15 7 8 15 11 7 19 14
73 257 6 6 1 1 10 10 3 10 10 4 10 11 5 10 10 6 10 11 7 10 11
74 258 20 2 10 1 10 13 7 10 11 1 11 11 7 11 9 1 12 10 7 12 8 1 13 10 7 13 13 1 14 10 7 14 10 1 15 11 7 15 11 1 16 9 7 16 10 1 17 7 7 17 15 1 18 8 7 18 10 1 19 9 7 19 12
75 264 60 6 10 0 10 12 1 10 11 2 10 11 4 10 10 8 10 13 9 10 12 0 11 9 1 11 14 2 11 11 4 11 11 8 11 10 9 11 15 0 12 14 1 12 9 2 12 6 4 12 10 8 12 10 9 12 11 0 13 7 1 13 10 2 13 12 4 13 12 8 13 12 9 13 8 0 14 12 1 14 9 2 14 12 4 14 13 8 14 8 9 14 9 0 15 12 1 15 7 2 15 12 4 15 11 8 15 12 9 15 14 0 16 12 1 16 8 2 16 9 4 16 9 8 16 13 9 16 9 0 17 14 1 17 11 2 17 14 4 17 9 8 17 8 9 17 8 0 18 8 1 18 8 2 18 11 4 18 10 8 18 12 9 18 10 0 19 7 1 19 10 2 19 14 4 19 10 8 19 14 9 19 13
76 270 12 4 4 4 10 12 9 10 13 1 14 13 4 14 12 5 14 10 1 17 11 5 17 12 9 17 12 1 19 11 4 19 7 5 19 13 9 19 9
77 275 4 4 2 4 14 13 0 18 9 8 18 14 9 18 10
78 276 10 1 10 3 10 12 3 11 9 3 12 13 3 13 13 3 14 13 3 15 10 3 16 9 3 17 7 3 18 9 3 19 7
79 277 2 2 1 2 13 10 6 13 14
80 282 2 2 1 4 17 10 7 17 13
81 288 2 2 1 0 14 11 4 14 10
82 291 3 3 1 0 16 9 7 16 10 8 16 10
83 298 60 6 10 0 10 9 2 10 13 4 10 11 7 10 10 8 10 10 9 10 12 0 11 8 2 11 14 4 11 9 7 11 9 8 11 16 9 11 7 0 12 12 2 12 13 4 12 10 7 12 9 8 12 9 9 12 10 0 13 9 2 13 11 4 13 14 7 13 12 8 13 9 9 13 9 0 14 11 2 14 15 4 14 9 7 14 10 8 14 9 9 14 8 0 15 8 2 15 9 4 15 11 7 15 11 8 15 8 9 15 12 0 16 11 2 16 8 4 16 9 7 16 10 8 16 10 9 16 15 0 17 10 2 17 11 4 17 7 7 17 11 8 17 9 9 17 9 0 18 13 2 18 10 4 18 9 7 18 7 8 18 9 9 18 13 0 19 8 2 19 9 4 19 13 7 19 9 8 19 11 9 19 10
84 299 1 1 1 9 17 8
85 305 6 6 2 5 11 13 6 11 12 7 11 15 0 14 11 3 14 9 4 14 11
86 306 8 4 3 6 10 10 8 10 8 3 16 9 4 16 11 8 16 14 3 19 13 4 19 12 6 19 9
87 312 3 3 1 1 15 10 3 15 9 8 15 15
88 313 2 2 1 5 15 13 9 15 13
89 314 60 6 10 0 10 11 1 10 9 6 10 10 7 10 9 8 10 11 9 10 15 0 11 8 1 11 9 6 11 13 7 11 8 8 11 12 9 11 15 0 12 12 1 12 11 6 12 10 7 12 10 8 12 8 9 12 14 0 13 12 1 13 11 6 13 10 7 13 10 8 13 10 9 13 12 0 14 8 1 14 11 6 14 10 7 14 13 8 14 11 9 14 6 0 15 11 1 15 10 6 15 10 7 15 10 8 15 9 9 15 11 0 16 13 1 16 11 6 16 13 7 16 11 8 16 11 9 16 7 0 17 11 1 17 10 6 17 10 7 17 9 8 17 12 9 17 12 0 18 13 1 18 11 6 18 11 7 18 13 8 18 9 9 18 12 0 19 12 1 19 14 6 19 11 7 19 14 8 19 7 9 19 8
90 319 24 6 7 1 10 12 3 10 13 5 10 12 6 10 12 2 13 11 3 13 8 4 13 12 5 13 9 6 13 9 2 14 13 3 14 14 1 15 10 2 15 11 5 15 11 2 16 11 3 16 7 4 16 6 6 16 11 1 18 11 4 18 11 6 18 9 1 19 8 4 19 9 5 19 10
91 325 3 3 1 0 19 10 4 19 11 9 19 10
92 334 1 1 1 1 18 13
93 337 3 3 1 2 11 9 4 11 10 9 11 9
94 342 4 4 1 2 14 10 3 14 10 8 14 10 9 14 10
95 343 6 6 2 0 12 12 1 12 11 4 12 11 2 19 10 3 19 9 9 19 7
96 344 2 2 1 2 14 12 9 14 10
97 354 6 6 2 8 10 13 1 16 9 3 16 11 5 16 12 7 16 13 9 16 6
98 356 3 3 1 4 15 9 8 15 12 9 15 11
99 359 4 4 1 1 10 10 4 10 10 5 10 7 6 10 11
