20 100
0 0 30 3 10 2 10 12 5 10 10 7 10 13 2 11 11 5 11 15 7 11 10 2 12 12 5 12 8 7 12 10 2 13 8 5 13 9 7 13 12 2 14 11 5 14 9 7 14 8 2 15 10 5 15 12 7 15 8 2 16 12 5 16 11 7 16 8 2 17 8 5 17 10 7 17 12 2 18 8 5 18 11 7 18 9 2 19 12 5 19 12 7 19 8
1 2 12 6 4 6 11 10 3 15 10 4 15 10 8 15 12 9 15 9 1 16 7 1 17 8 3 17 11 4 17 10 6 17 12 8 17 11 9 17 14
2 4 6 3 3 2 14 12 5 14 10 6 14 5 2 18 10 5 18 11 6 19 10
3 8 6 6 1 3 10 10 4 10 16 5 10 12 6 10 11 7 10 6 8 10 9
4 10 8 4 4 0 13 12 7 13 12 0 14 8 8 14 13 1 16 11 1 17 9 7 17 13 8 17 6
5 11 60 6 10 0 10 10 1 10 11 3 10 10 5 10 9 6 10 14 7 10 12 0 11 10 1 11 9 3 11 7 5 11 10 6 11 12 7 11 10 0 12 11 1 12 12 3 12 13 5 12 10 6 12 9 7 12 10 0 13 9 1 13 9 3 13 12 5 13 8 6 13 9 7 13 9 0 14 12 1 14 7 3 14 11 5 14 10 6 14 11 7 14 12 0 15 11 1 15 7 3 15 12 5 15 12 6 15 11 7 15 9 0 16 9 1 16 8 3 16 8 5 16 9 6 16 9 7 16 8 0 17 14 1 17 11 3 17 13 5 17 9 6 17 10 7 17 7 0 18 12 1 18 15 3 18 12 5 18 11 6 18 12 7 18 10 0 19 9 1 19 13 3 19 14 5 19 8 6 19 10 7 19 10
6 13 1 1 1 6 17 10
7 14 1 1 1 7 16 13
8 17 12 6 4 2 10 10 7 10 8 2 12 12 3 12 11 4 12 9 6 12 13 1 17 13 3 17 8 1 19 10 4 19 10 6 19 7 7 19 13
9 20 10 1 10 9 10 13 9 11 10 9 12 10 9 13 10 9 14 10 9 15 11 9 16 7 9 17 6 9 18 12 9 19 7
10 24 1 1 1 3 13 9
11 27 10 1 10 3 10 12 3 11 10 3 12 9 3 13 11 3 14 10 3 15 7 3 16 12 3 17 9 3 18 13 3 19 10
12 28 30 3 10 0 10 12 6 10 10 9 10 10 0 11 11 6 11 13 9 11 12 0 12 14 6 12 14 9 12 9 0 13 9 6 13 9 9 13 13 0 14 10 6 14 13 9 14 9 0 15 10 6 15 11 9 15 12 0 16 11 6 16 10 9 16 11 0 17 10 6 17 11 9 17 10 0 18 10 6 18 9 9 18 10 0 19 9 6 19 15 9 19 9
13 42 15 5 5 1 12 10 6 12 10 1 14 11 3 14 9 6 14 7 7 14 10 1 15 9 2 15 11 3 15 10 7 15 15 2 16 13 3 16 10 6 16 11 7 16 12 2 18 10
14 43 2 2 1 1 19 12 7 19 12
15 45 6 6 2 2 12 10 3 12 8 6 12 9 9 12 9 1 13 12 5 13 11
16 46 2 2 1 0 14 11 4 14 9
17 47 1 1 1 6 16 11
18 52 10 1 10 2 10 11 2 11 7 2 12 9 2 13 11 2 14 14 2 15 9 2 16 10 2 17 14 2 18 12 2 19 11
19 57 18 6 6 5 10 14 6 10 9 8 10 11 0 11 13 4 11 9 6 11 11 8 11 14 6 13 8 0 15 11 1 15 9 5 15 10 0 18 10 1 18 14 4 18 12 1 19 16 4 19 9 5 19 10 8 19 13
20 59 3 1 3 9 12 15 9 16 9 9 17 9
21 67 20 2 10 7 10 8 8 10 12 7 11 11 8 11 9 7 12 10 8 12 14 7 13 12 8 13 9 7 14 8 8 14 8 7 15 11 8 15 8 7 16 9 8 16 12 7 17 10 8 17 11 7 18 11 8 18 15 7 19 11 8 19 12
22 68 1 1 1 2 12 10
23 71 6 3 3 1 13 13 2 13 9 8 13 9 2 16 14 8 16 12 1 18 13
24 80 3 3 2 1 10 9 8 10 8 5 16 11
25 86 6 6 2 0 11 7 1 11 15 4 11 10 8 11 6 2 12 11 9 12 6
26 89 3 3 1 1 11 10 3 11 9 8 11 11
27 90 2 2 2 1 10 10 0 15 11
28 91 18 6 6 1 11 10 3 11 12 7 11 12 0 12 12 1 12 9 2 12 10 3 12 8 2 13 12 7 13 10 0 14 13 1 14 7 6 14 12 0 16 10 6 16 9 2 19 9 3 19 11 6 19 9 7 19 13
29 95 16 4 6 4 11 8 0 12 9 4 12 12 8 12 11 0 14 10 5 14 8 8 14 7 0 15 10 4 15 9 5 15 14 0 18 10 4 18 9 5 18 14 8 18 9 5 19 12 8 19 11
30 101 3 3 2 3 17 11 5 17 10 2 18 11
31 107 60 6 10 2 10 10 4 10 10 5 10 10 6 10 11 8 10 10 9 10 11 2 11 7 4 11 9 5 11 8 6 11 10 8 11 13 9 11 12 2 12 11 4 12 12 5 12 9 6 12 8 8 12 9 9 12 12 2 13 11 4 13 16 5 13 12 6 13 14 8 13 12 9 13 11 2 14 8 4 14 14 5 14 9 6 14 13 8 14 11 9 14 9 2 15 12 4 15 9 5 15 12 6 15 12 8 15 9 9 15 10 2 16 10 4 16 10 5 16 9 6 16 10 8 16 5 9 16 11 2 17 7 4 17 10 5 17 9 6 17 8 8 17 10 9 17 9 2 18 10 4 18 10 5 18 9 6 18 9 8 18 9 9 18 11 2 19 6 4 19 12 5 19 8 6 19 13 8 19 11 9 19 10
32 114 3 3 1 0 19 12 1 19 10 9 19 10
33 120 24 6 7 5 10 10 6 10 12 9 10 14 2 11 9 5 11 10 0 13 13 5 13 11 7 13 10 9 13 12 2 14 10 5 14 7 6 14 12 7 14 11 9 14 13 0 15 11 2 15 13 0 17 9 2 17 13 6 17 10 7 17 15 9 17 12 0 19 10 6 19 11 7 19 11
34 125 2 2 1 1 12 9 6 12 12
35 127 1 1 1 1 18 11
36 132 5 5 2 0 11 10 3 11 11 8 11 10 2 16 11 5 16 9
37 135 20 5 7 7 10 13 5 11 8 6 11 13 7 11 13 9 11 15 3 12 12 5 12 8 3 14 8 7 14 10 9 14 11 3 17 12 5 17 9 6 17 12 9 17 6 6 18 9 7 18 10 3 19 10 5 19 8 6 19 9 9 19 10
38 137 5 5 1 2 15 10 3 15 7 5 15 12 7 15 11 8 15 10
39 140 5 5 3 4 12 14 5 12 6 1 15 12 3 19 4 6 19 13
40 146 24 6 8 0 10 9 1 10 11 2 10 8 5 10 11 1 11 8 0 12 9 2 12 10 5 12 11 8 12 9 0 13 13 5 13 10 6 13 14 2 15 15 5 15 11 6 15 13 8 15 10 1 16 11 8 16 9 1 17 6 6 17 9 0 18 11 2 18 9 6 18 9 8 18 13
41 149 6 6 2 3 10 10 6 10 7 7 10 11 0 15 10 8 15 7 9 15 6
42 155 60 6 10 0 10 9 1 10 7 3 10 10 4 10 13 7 10 11 8 10 12 0 11 16 1 11 13 3 11 8 4 11 10 7 11 11 8 11 10 0 12 7 1 12 8 3 12 12 4 12 8 7 12 13 8 12 13 0 13 14 1 13 9 3 13 13 4 13 10 7 13 11 8 13 8 0 14 13 1 14 7 3 14 7 4 14 10 7 14 13 8 14 11 0 15 7 1 15 9 3 15 8 4 15 7 7 15 8 8 15 11 0 16 11 1 16 11 3 16 13 4 16 14 7 16 13 8 16 13 0 17 12 1 17 12 3 17 10 4 17 10 7 17 12 8 17 9 0 18 11 1 18 8 3 18 6 4 18 11 7 18 11 8 18 10 0 19 9 1 19 7 3 19 12 4 19 9 7 19 6 8 19 8
43 156 1 1 1 6 17 12
44 159 60 6 10 0 10 14 2 10 11 3 10 12 5 10 11 8 10 9 9 10 9 0 11 9 2 11 11 3 11 11 5 11 12 8 11 12 9 11 13 0 12 10 2 12 9 3 12 8 5 12 11 8 12 11 9 12 8 0 13 11 2 13 11 3 13 10 5 13 10 8 13 11 9 13 13 0 14 12 2 14 14 3 14 9 5 14 9 8 14 8 9 14 10 0 15 7 2 15 9 3 15 11 5 15 10 8 15 9 9 15 10 0 16 12 2 16 8 3 16 11 5 16 13 8 16 10 9 16 14 0 17 13 2 17 15 3 17 12 5 17 14 8 17 14 9 17 10 0 18 13 2 18 9 3 18 8 5 18 8 8 18 10 9 18 13 0 19 12 2 19 10 3 19 6 5 19 10 8 19 10 9 19 14
45 160 8 4 4 0 10 10 1 10 11 4 10 11 1 11 6 8 14 12 0 16 10 4 16 13 8 16 8
46 161 1 1 1 4 11 10
47 163 3 3 2 6 11 15 8 11 12 3 19 6
48 166 2 2 1 6 15 12 8 15 14
49 167 4 1 4 5 14 6 5 15 8 5 16 8 5 19 11
50 169 6 6 1 0 10 12 1 10 9 5 10 11 6 10 12 7 10 11 9 10 13
51 170 4 4 1 2 10 12 6 10 12 7 10 8 8 10 8
52 176 24 6 7 0 11 14 1 11 11 2 11 9 4 11 9 0 12 11 2 12 10 8 12 11 9 12 14 1 15 10 9 15 9 0 16 14 2 16 10 9 16 12 0 17 10 1 17 11 2 17 14 4 17 13 8 17 13 9 17 8 4 18 8 8 18 13 1 19 12 4 19 10 8 19 8
53 177 2 2 1 0 14 11 6 14 11
54 184 12 4 5 0 13 14 3 13 10 5 13 9 7 13 10 7 14 9 0 15 12 5 15 11 0 17 10 3 17 11 3 19 14 5 19 14 7 19 13
55 188 6 6 2 1 15 9 4 15 12 2 18 12 6 18 10 7 18 8 9 18 8
56 189 6 6 1 0 19 4 1 19 8 3 19 7 4 19 8 5 19 9 6 19 10
57 193 3 3 1 1 10 11 8 10 12 9 10 10
58 198 24 6 7 0 10 8 3 10 12 8 10 13 0 11 12 3 11 10 4 11 10 7 11 10 8 11 12 9 11 12 7 15 10 9 15 10 4 16 11 7 16 10 0 17 10 3 17 14 3 18 10 4 18 10 7 18 15 8 18 11 9 18 9 0 19 4 4 19 14 8 19 11 9 19 5
59 204 6 6 1 1 14 11 2 14 10 5 14 11 7 14 12 8 14 9 9 14 13
60 206 24 6 7 5 10 9 9 10 11 0 11 10 3 11 12 5 11 14 7 11 9 0 12 12 1 12 11 7 12 8 1 13 11 3 13 13 7 13 11 9 13 11 1 15 14 9 15 13 0 18 11 3 18 10 5 18 8 7 18 11 0 19 12 1 19 7 3 19 12 5 19 10 9 19 12
61 208 12 6 5 5 11 9 6 11 11 4 14 9 9 14 11 1 15 11 6 15 13 7 15 14 9 15 10 5 17 11 1 19 13 4 19 13 7 19 9
62 219 4 4 2 0 12 10 2 12 11 3 16 9 8 16 12
63 225 18 6 6 5 12 12 8 12 12 4 13 11 5 13 12 7 13 12 9 13 10 8 15 10 9 15 11 5 16 12 6 16 9 7 16 10 4 17 10 6 17 10 8 17 11 4 18 9 6 18 9 7 18 13 9 18 9
64 229 12 6 4 0 10 7 3 10 11 6 10 8 1 15 10 3 15 15 5 15 12 2 17 11 5 17 7 6 17 7 0 18 13 1 18 7 2 18 9
65 231 1 1 1 4 19 11
66 232 3 3 1 2 18 9 5 18 10 9 18 12
67 235 24 6 7 0 10 8 4 10 14 6 10 9 7 10 13 0 13 8 2 13 8 6 13 12 7 13 11 0 14 10 2 14 7 3 14 13 7 14 9 2 15 10 3 15 9 4 15 12 6 15 14 3 16 9 4 16 9 6 16 7 0 17 11 2 17 14 4 17 11 3 19 12 7 19 11
68 236 60 6 10 0 10 11 2 10 14 4 10 6 7 10 11 8 10 14 9 10 9 0 11 11 2 11 8 4 11 12 7 11 11 8 11 12 9 11 11 0 12 13 2 12 9 4 12 10 7 12 10 8 12 11 9 12 13 0 13 12 2 13 10 4 13 13 7 13 8 8 13 14 9 13 9 0 14 9 2 14 8 4 14 9 7 14 12 8 14 8 9 14 11 0 15 10 2 15 9 4 15 9 7 15 11 8 15 11 9 15 11 0 16 8 2 16 9 4 16 11 7 16 10 8 16 11 9 16 7 0 17 10 2 17 12 4 17 10 7 17 11 8 17 15 9 17 9 0 18 10 2 18 12 4 18 10 7 18 14 8 18 12 9 18 8 0 19 10 2 19 12 4 19 15 7 19 6 8 19 11 9 19 11
69 238 6 6 3 5 11 10 6 11 8 9 11 8 4 14 10 0 15 8 3 15 14
70 245 3 3 1 5 10 11 6 10 8 8 10 8
71 247 4 4 2 1 15 7 3 15 10 6 16 10 7 16 10
72 253 6 6 2 2 13 11 7 13 12 0 16 15 3 16 7 5 16 13 6 16 11
73 257 30 3 10 1 10 11 5 10 9 6 10 14 1 11 13 5 11 8 6 11 9 1 12 11 5 12 11 6 12 9 1 13 12 5 13 12 6 13 6 1 14 7 5 14 10 6 14 13 1 15 10 5 15 9 6 15 11 1 16 13 5 16 10 6 16 11 1 17 11 5 17 17 6 17 9 1 18 6 5 18 8 6 18 12 1 19 9 5 19 11 6 19 9
74 258 1 1 1 7 16 10
75 264 3 3 1 5 11 15 6 11 13 8 11 11
76 270 1 1 1 8 16 12
77 275 15 5 5 1 13 12 4 13 10 6 13 12 7 13 6 1 14 10 4 14 12 5 14 8 7 14 11 4 16 13 5 16 11 5 18 11 6 18 13 1 19 11 6 19 9 7 19 11
78 276 1 1 1 8 18 9
79 277 3 3 2 2 12 7 4 19 12 6 19 13
80 282 3 3 1 1 19 10 5 19 7 9 19 11
81 288 1 1 1 3 18 13
82 291 18 6 6 1 10 12 4 10 11 8 10 11 3 11 10 4 11 12 9 11 8 1 13 17 3 13 8 6 13 10 9 13 10 8 14 12 1 15 11 3 15 11 6 15 10 9 15 12 4 19 8 6 19 11 8 19 8
83 298 2 2 1 2 10 11 8 10 10
84 299 4 4 1 2 17 9 4 17 11 7 17 13 8 17 12
85 305 1 1 1 0 16 7
86 306 3 3 2 8 11 9 2 12 7 5 12 9
87 312 18 6 5 6 10 9 9 10 12 0 11 12 1 11 11 3 11 10 6 11 10 7 11 7 9 11 9 1 13 10 3 13 8 7 13 11 0 18 12 1 18 11 3 18 13 7 18 11 0 19 10 6 19 11 9 19 12
88 313 3 3 2 5 17 11 2 19 12 9 19 11
89 314 3 3 1 5 19 11 6 19 13 9 19 14
90 319 30 3 10 6 10 10 8 10 12 9 10 12 6 11 8 8 11 10 9 11 10 6 12 11 8 12 10 9 12 12 6 13 12 8 13 13 9 13 9 6 14 12 8 14 9 9 14 11 6 15 10 8 15 12 9 15 10 6 16 13 8 16 10 9 16 7 6 17 10 8 17 13 9 17 8 6 18 10 8 18 13 9 18 9 6 19 12 8 19 14 9 19 9
91 325 2 2 1 2 19 14 4 19 12
92 334 1 1 1 6 18 9
93 337 18 6 5 0 10 11 1 10 12 2 10 12 3 10 9 8 10 14 0 13 13 2 13 10 3 13 13 5 13 8 1 15 9 5 15 8 8 15 12 1 18 10 2 18 11 8 18 12 0 19 11 3 19 11 5 19 14
94 342 3 3 2 4 13 6 6 13 10 3 18 10
95 343 1 1 1 8 11 12
96 344 60 6 10 0 10 7 3 10 9 4 10 9 5 10 15 8 10 9 9 10 12 0 11 9 3 11 8 4 11 8 5 11 10 8 11 9 9 11 15 0 12 11 3 12 14 4 12 13 5 12 9 8 12 9 9 12 10 0 13 5 3 13 10 4 13 8 5 13 9 8 13 8 9 13 11 0 14 10 3 14 6 4 14 7 5 14 13 8 14 9 9 14 12 0 15 12 3 15 12 4 15 9 5 15 11 8 15 12 9 15 14 0 16 9 3 16 10 4 16 10 5 16 14 8 16 9 9 16 8 0 17 12 3 17 12 4 17 12 5 17 11 8 17 7 9 17 10 0 18 7 3 18 8 4 18 14 5 18 14 8 18 14 9 18 13 0 19 9 3 19 8 4 19 9 5 19 9 8 19 8 9 19 13
97 354 6 6 1 0 11 8 2 11 10 3 11 13 4 11 11 7 11 12 9 11 12
98 356 30 3 10 4 10 7 6 10 8 7 10 9 4 11 14 6 11 12 7 11 13 4 12 11 6 12 11 7 12 11 4 13 10 6 13 9 7 13 9 4 14 10 6 14 7 7 14 7 4 15 10 6 15 13 7 15 12 4 16 10 6 16 10 7 16 10 4 17 11 6 17 10 7 17 10 4 18 13 6 18 15 7 18 9 4 19 10 6 19 13 7 19 10
99 359 2 2 1 1 18 9 8 18 11
