20 100
0 0 3 3 2 6 16 9 9 16 15 7 17 8
1 2 6 3 3 0 16 11 3 16 12 5 16 8 0 17 9 3 19 6 5 19 11
2 4 6 6 1 0 11 14 2 11 8 4 11 10 5 11 12 7 11 8 8 11 10
3 8 2 2 1 5 15 9 6 15 11
4 10 60 6 10 2 10 13 4 10 12 5 10 9 6 10 11 8 10 10 9 10 12 2 11 11 4 11 9 5 11 9 6 11 8 8 11 12 9 11 9 2 12 9 4 12 10 5 12 10 6 12 11 8 12 10 9 12 9 2 13 10 4 13 10 5 13 12 6 13 10 8 13 10 9 13 10 2 14 13 4 14 8 5 14 7 6 14 10 8 14 5 9 14 13 2 15 9 4 15 9 5 15 13 6 15 11 8 15 13 9 15 10 2 16 10 4 16 11 5 16 8 6 16 11 8 16 7 9 16 14 2 17 14 4 17 13 5 17 11 6 17 10 8 17 12 9 17 10 2 18 12 4 18 14 5 18 13 6 18 11 8 18 13 9 18 16 2 19 11 4 19 10 5 19 13 6 19 12 8 19 8 9 19 9
5 11 6 6 1 0 19 10 1 19 10 2 19 9 3 19 12 5 19 14 7 19 10
6 13 24 6 7 1 12 12 3 12 14 4 12 12 7 12 10 0 13 13 1 13 9 3 13 11 0 14 8 4 14 13 5 14 10 7 14 11 1 15 9 3 15 12 4 15 11 5 15 14 0 16 8 0 17 11 1 17 11 5 17 11 7 17 8 3 18 10 4 18 10 5 18 8 7 18 9
7 14 12 6 3 2 10 10 3 10 10 5 10 11 9 10 11 1 14 9 2 14 9 3 14 10 5 14 8 6 14 9 9 14 10 1 15 11 6 15 9
8 17 4 4 2 8 12 12 3 14 14 5 14 13 7 14 6
9 20 6 6 2 2 11 8 8 11 6 9 11 10 0 12 7 3 12 8 4 12 7
10 24 6 6 3 5 14 10 7 14 13 0 15 11 8 15 14 1 16 10 2 16 15
11 27 6 6 1 0 16 12 3 16 13 5 16 9 7 16 9 8 16 9 9 16 14
12 28 3 3 1 4 12 9 5 12 12 6 12 8
13 42 1 1 1 9 19 12
14 43 30 6 8 4 10 7 5 10 13 9 10 11 2 11 13 9 11 11 2 12 10 5 12 13 8 12 10 4 14 8 5 14 6 7 14 10 9 14 11 4 16 12 5 16 12 7 16 11 8 16 13 9 16 10 2 17 11 4 17 12 5 17 8 7 17 12 8 17 11 2 18 8 7 18 13 8 18 7 9 18 9 2 19 14 4 19 8 7 19 12 8 19 10
15 45 12 4 5 3 12 13 9 14 11 1 16 7 7 16 12 9 16 7 1 17 9 3 17 9 7 17 13 9 17 10 1 19 12 3 19 9 7 19 13
16 46 2 2 1 6 11 13 7 11 11
17 47 1 1 1 9 12 9
18 52 1 1 1 8 19 11
19 57 2 2 1 5 19 11 8 19 13
20 59 6 3 3 9 13 9 1 14 10 7 14 9 1 17 11 7 17 10 9 17 7
21 67 24 6 7 0 12 9 1 12 10 2 12 10 3 12 11 4 12 8 6 12 7 0 13 11 1 13 9 2 13 13 4 13 16 0 14 11 4 14 15 6 14 9 0 15 12 3 15 11 6 15 12 2 16 12 3 16 12 4 16 10 1 17 10 2 17 11 6 17 8 1 18 11 3 18 8
22 68 18 6 6 0 10 8 3 10 12 6 10 8 1 11 10 0 12 12 2 12 8 2 14 10 3 14 13 5 14 12 6 14 11 0 15 7 1 15 9 5 15 12 6 15 8 1 19 11 2 19 12 3 19 9 5 19 10
23 71 18 6 5 4 11 12 5 11 10 9 11 13 3 12 9 6 12 6 4 17 13 5 17 10 8 17 10 3 18 10 6 18 14 8 18 11 9 18 12 3 19 11 4 19 11 5 19 16 6 19 9 8 19 10 9 19 10
24 80 2 2 1 2 18 13 5 18 11
25 86 1 1 1 8 11 11
26 89 60 6 10 3 10 10 4 10 11 5 10 12 6 10 13 7 10 12 8 10 9 3 11 9 4 11 8 5 11 9 6 11 13 7 11 8 8 11 11 3 12 10 4 12 7 5 12 12 6 12 4 7 12 9 8 12 10 3 13 12 4 13 9 5 13 11 6 13 10 7 13 13 8 13 8 3 14 7 4 14 8 5 14 9 6 14 9 7 14 14 8 14 10 3 15 13 4 15 8 5 15 10 6 15 13 7 15 13 8 15 14 3 16 12 4 16 9 5 16 6 6 16 13 7 16 12 8 16 11 3 17 13 4 17 12 5 17 12 6 17 12 7 17 9 8 17 6 3 18 14 4 18 12 5 18 10 6 18 10 7 18 9 8 18 12 3 19 9 4 19 12 5 19 7 6 19 8 7 19 15 8 19 9
27 90 5 5 1 1 13 9 3 13 7 6 13 9 7 13 10 9 13 13
28 91 10 5 4 2 10 10 5 10 11 2 12 12 3 12 9 7 12 11 8 12 11 8 13 11 3 19 14 5 19 11 7 19 13
29 95 4 4 1 3 16 14 4 16 11 6 16 10 8 16 8
30 101 4 4 2 4 11 12 6 11 10 8 11 14 0 13 9
31 107 1 1 1 4 14 10
32 114 24 6 7 1 11 11 3 11 9 6 11 12 7 11 13 8 11 9 1 12 12 3 12 12 9 12 13 1 14 11 3 14 10 8 14 9 9 14 13 3 15 9 6 15 8 8 15 11 7 16 12 1 18 10 6 18 10 7 18 10 9 18 12 6 19 12 7 19 10 8 19 12 9 19 12
33 120 24 6 7 0 10 10 6 10 8 9 10 9 4 12 8 6 12 13 9 12 17 0 14 9 2 14 9 5 14 8 9 14 9 0 16 11 2 16 11 4 16 13 5 16 9 2 17 9 4 17 11 5 17 11 6 17 10 0 18 6 2 18 9 4 18 6 6 18 15 9 18 11 5 19 15
34 125 10 5 4 2 11 10 5 11 11 6 11 10 2 14 14 3 14 11 5 14 10 6 14 9 8 15 10 3 17 8 8 17 13
35 127 24 6 7 1 10 13 0 11 11 3 11 14 6 11 10 8 11 9 9 11 10 1 12 9 8 12 11 0 16 9 1 16 12 3 16 7 6 16 12 9 16 11 1 17 9 3 17 8 6 17 10 9 17 11 0 18 12 3 18 9 8 18 11 9 18 9 0 19 13 6 19 14 8 19 11
36 132 3 1 3 9 12 12 9 13 11 9 15 12
37 135 1 1 1 6 15 11
38 137 1 1 1 4 16 12
39 140 6 6 1 1 18 11 2 18 10 3 18 11 4 18 11 5 18 9 9 18 9
40 146 12 6 3 6 17 11 8 17 9 9 17 10 0 18 6 4 18 12 7 18 11 9 18 8 0 19 10 4 19 9 6 19 14 7 19 13 8 19 11
41 149 20 2 10 5 10 12 7 10 13 5 11 12 7 11 10 5 12 9 7 12 14 5 13 11 7 13 9 5 14 14 7 14 10 5 15 12 7 15 9 5 16 14 7 16 8 5 17 9 7 17 10 5 18 11 7 18 13 5 19 14 7 19 9
42 155 1 1 1 6 18 10
43 156 6 6 1 0 10 12 2 10 9 5 10 11 6 10 11 7 10 10 8 10 13
44 159 4 4 1 0 11 11 3 11 13 8 11 12 9 11 10
45 160 6 6 2 1 11 11 4 11 9 7 11 9 0 13 11 3 13 10 9 13 8
46 161 18 6 5 0 14 12 3 14 11 1 16 11 3 16 11 6 16 15 7 16 9 8 16 11 0 17 12 7 17 6 8 17 10 0 18 9 1 18 11 6 18 12 1 19 11 3 19 11 6 19 14 7 19 11 8 19 14
47 163 1 1 1 6 19 11
48 166 12 4 4 4 13 9 7 13 8 9 13 11 2 14 14 4 14 7 7 14 11 2 16 10 4 16 12 7 16 11 9 16 13 2 18 10 9 18 8
49 167 1 1 1 5 18 13
50 169 4 4 1 0 10 12 1 10 10 3 10 6 8 10 7
51 170 6 6 1 0 18 10 2 18 10 4 18 9 5 18 12 8 18 9 9 18 10
52 176 1 1 1 0 10 10
53 177 1 1 1 8 15 11
54 184 6 3 3 0 11 9 3 11 11 0 13 12 3 13 11 4 13 12 4 14 10
55 188 6 3 3 6 11 10 8 11 12 7 15 14 6 16 11 7 16 12 8 16 10
56 189 1 1 1 8 17 8
57 193 2 2 2 7 14 14 5 18 11
58 198 6 6 2 1 10 10 3 10 10 7 10 9 9 10 12 2 11 8 5 11 8
59 204 3 3 2 0 11 11 9 11 10 6 18 11
60 206 12 6 3 0 10 11 3 10 13 4 10 11 5 10 10 7 10 11 9 10 10 4 14 9 7 14 9 9 14 12 0 17 13 3 17 9 5 17 14
61 208 2 2 1 4 11 13 7 11 10
62 219 60 6 10 0 10 11 1 10 12 3 10 15 5 10 10 8 10 11 9 10 7 0 11 9 1 11 11 3 11 12 5 11 10 8 11 11 9 11 9 0 12 11 1 12 7 3 12 10 5 12 8 8 12 10 9 12 10 0 13 8 1 13 7 3 13 11 5 13 11 8 13 10 9 13 12 0 14 13 1 14 9 3 14 13 5 14 8 8 14 12 9 14 10 0 15 12 1 15 11 3 15 11 5 15 10 8 15 11 9 15 9 0 16 14 1 16 15 3 16 13 5 16 12 8 16 11 9 16 10 0 17 11 1 17 10 3 17 7 5 17 11 8 17 10 9 17 10 0 18 10 1 18 10 3 18 13 5 18 12 8 18 12 9 18 8 0 19 14 1 19 10 3 19 9 5 19 12 8 19 8 9 19 8
63 225 6 3 3 0 10 12 6 12 13 7 12 10 0 19 6 6 19 10 7 19 11
64 229 6 6 3 0 16 10 3 16 10 8 16 7 2 18 11 5 19 12 6 19 10
65 231 12 6 4 4 12 11 0 17 11 1 17 6 2 17 11 4 17 8 7 17 11 0 18 8 3 18 10 1 19 14 2 19 15 3 19 14 7 19 14
66 232 30 3 10 2 10 13 3 10 6 7 10 12 2 11 10 3 11 9 7 11 11 2 12 12 3 12 11 7 12 11 2 13 9 3 13 15 7 13 12 2 14 10 3 14 13 7 14 7 2 15 10 3 15 8 7 15 11 2 16 12 3 16 11 7 16 8 2 17 14 3 17 11 7 17 12 2 18 12 3 18 9 7 18 15 2 19 6 3 19 13 7 19 13
67 235 24 6 7 3 10 9 4 10 11 5 10 11 7 10 13 8 10 10 9 10 8 3 12 10 5 12 8 3 13 11 4 13 11 7 13 10 4 15 7 7 15 11 8 15 13 9 15 9 7 16 9 8 16 8 9 16 12 3 18 10 4 18 10 5 18 12 9 18 9 5 19 10 8 19 9
68 236 6 6 1 0 15 13 2 15 12 4 15 7 6 15 11 8 15 10 9 15 10
69 238 2 2 1 5 18 10 7 18 11
70 245 3 3 1 2 18 7 3 18 12 8 18 13
71 247 2 2 1 7 19 8 9 19 11
72 253 24 6 7 0 10 14 2 10 10 4 10 8 7 10 10 0 12 8 2 12 10 6 12 10 7 12 9 8 12 11 4 13 13 6 13 9 7 13 11 8 13 10 4 14 14 6 14 13 8 14 9 8 16 7 0 17 9 2 17 9 4 17 11 6 17 13 7 17 11 0 18 13 2 18 10
73 257 10 5 4 0 13 11 3 13 8 6 13 8 1 14 11 1 15 9 2 15 9 6 15 10 0 16 5 2 16 11 3 16 14
74 258 18 6 6 0 10 12 2 10 12 6 10 15 8 10 10 0 11 11 2 11 10 7 11 11 0 12 10 2 12 12 6 12 15 7 12 9 8 12 10 9 12 13 8 13 12 9 13 6 6 18 12 7 18 12 9 19 7
75 264 3 3 2 8 10 12 6 15 11 7 15 8
76 270 6 6 2 4 15 8 8 15 11 2 18 8 5 18 9 6 18 7 7 18 14
77 275 1 1 1 0 10 9
78 276 24 6 7 2 12 11 3 12 8 4 12 9 9 12 14 0 13 9 2 13 8 4 13 11 1 15 13 2 15 9 3 15 8 0 16 10 1 16 10 2 16 9 3 16 16 4 16 11 0 17 11 1 17 10 3 17 11 9 17 10 1 18 9 4 18 12 9 18 8 0 19 8 9 19 12
79 277 6 6 3 3 12 13 4 12 12 5 12 12 1 13 10 8 13 14 2 15 11
80 282 6 3 3 5 15 7 8 15 7 3 16 9 5 16 11 3 17 10 8 17 14
81 288 18 6 5 0 10 14 1 10 12 3 10 10 4 10 11 6 10 12 0 11 16 4 11 11 6 11 7 0 15 12 6 15 10 9 15 11 1 16 10 3 16 11 9 16 11 1 19 10 3 19 11 4 19 9 9 19 8
82 291 2 2 1 5 18 8 9 18 12
83 298 2 2 1 6 14 12 9 14 7
84 299 5 5 2 0 16 11 7 16 10 9 16 12 3 17 14 6 17 9
85 305 3 3 1 2 17 8 6 17 9 7 17 12
86 306 6 3 3 4 15 10 7 15 10 4 16 12 5 16 13 7 16 13 5 18 13
87 312 4 4 1 2 15 13 4 15 9 6 15 10 8 15 11
88 313 24 6 6 0 12 10 3 12 10 5 12 10 0 13 10 3 13 11 4 13 10 5 13 8 7 13 11 8 13 10 0 15 7 3 15 10 4 15 11 7 15 10 8 15 11 4 16 13 7 16 13 8 16 8 5 18 11 7 18 10 0 19 9 3 19 11 4 19 10 5 19 9 8 19 11
89 314 15 5 5 1 10 8 8 10 8 4 14 11 6 14 9 9 14 10 4 15 8 8 15 12 1 16 10 6 16 11 9 16 5 1 19 13 4 19 12 6 19 11 8 19 8 9 19 11
90 319 3 3 2 9 11 10 0 14 11 7 14 12
91 325 1 1 1 3 12 11
92 334 20 2 10 1 10 15 7 10 10 1 11 11 7 11 7 1 12 8 7 12 9 1 13 8 7 13 12 1 14 11 7 14 12 1 15 11 7 15 8 1 16 10 7 16 10 1 17 9 7 17 12 1 18 10 7 18 7 1 19 9 7 19 14
93 337 5 5 2 2 15 10 8 15 11 0 17 7 1 17 7 3 17 12
94 342 2 2 1 0 11 11 2 11 12
95 343 1 1 1 3 12 8
96 344 1 1 1 5 17 12
97 354 60 6 10 0 10 9 1 10 8 3 10 12 4 10 12 8 10 8 9 10 13 0 11 11 1 11 14 3 11 8 4 11 12 8 11 6 9 11 8 0 12 13 1 12 13 3 12 10 4 12 9 8 12 9 9 12 12 0 13 9 1 13 11 3 13 13 4 13 8 8 13 11 9 13 10 0 14 8 1 14 10 3 14 12 4 14 9 8 14 11 9 14 11 0 15 11 1 15 11 3 15 13 4 15 13 8 15 14 9 15 6 0 16 12 1 16 9 3 16 10 4 16 11 8 16 14 9 16 12 0 17 11 1 17 10 3 17 15 4 17 9 8 17 11 9 17 10 0 18 8 1 18 11 3 18 12 4 18 8 8 18 12 9 18 8 0 19 12 1 19 14 3 19 9 4 19 12 8 19 8 9 19 7
98 356 2 2 1 2 10 10 8 10 11
99 359 18 6 6 7 10 11 9 10 8 0 11 9 2 11 12 4 11 10 6 11 11 2 13 12 7 13 10 0 14 10 4 14 10 6 14 6 7 14 12 0 15 10 4 15 7 6 15 14 9 15 12 2 18 10 9 18 11
