20 100
0 0 6 6 1 2 13 10 3 13 10 5 13 9 6 13 7 7 13 11 8 13 11
1 2 24 6 7 4 11 10 5 11 9 8 11 8 0 12 11 2 12 12 4 12 10 5 12 9 7 12 13 8 12 11 5 13 12 7 13 11 0 15 10 2 15 14 5 15 11 7 15 8 8 15 11 0 16 12 7 16 12 2 17 10 4 17 9 0 19 9 2 19 13 4 19 8 8 19 7
2 4 8 4 3 1 13 12 6 13 10 4 15 7 9 15 11 1 18 14 4 18 11 6 18 11 9 18 10
3 8 2 2 1 7 12 9 8 12 10
4 10 2 2 1 3 18 12 4 18 9
5 11 2 2 1 5 14 10 6 14 11
6 13 6 3 3 6 10 11 2 11 11 6 11 11 8 11 12 2 15 7 8 15 9
7 14 4 4 1 1 11 11 5 11 9 7 11 6 9 11 8
8 17 30 3 10 1 10 8 6 10 9 8 10 10 1 11 11 6 11 8 8 11 11 1 12 10 6 12 14 8 12 8 1 13 10 6 13 8 8 13 8 1 14 12 6 14 10 8 14 14 1 15 13 6 15 10 8 15 10 1 16 14 6 16 8 8 16 11 1 17 12 6 17 13 8 17 11 1 18 13 6 18 9 8 18 10 1 19 7 6 19 8 8 19 11
9 20 6 6 1 1 12 10 2 12 12 3 12 14 4 12 8 5 12 9 6 12 12
10 24 30 3 10 3 10 11 5 10 8 6 10 9 3 11 9 5 11 10 6 11 10 3 12 11 5 12 11 6 12 9 3 13 11 5 13 8 6 13 10 3 14 8 5 14 10 6 14 12 3 15 9 5 15 9 6 15 10 3 16 12 5 16 9 6 16 12 3 17 9 5 17 12 6 17 11 3 18 11 5 18 10 6 18 10 3 19 9 5 19 10 6 19 11
11 27 6 6 1 0 19 9 1 19 11 4 19 9 5 19 12 6 19 10 8 19 10
12 28 6 6 1 1 18 10 2 18 12 4 18 11 5 18 10 6 18 11 7 18 9
13 42 2 2 1 2 13 10 9 13 7
14 43 24 6 7 1 11 8 4 11 10 9 11 14 2 13 11 7 13 12 8 13 8 1 14 10 4 14 7 7 14 9 8 14 12 1 15 11 2 15 14 4 15 8 1 16 9 9 16 18 2 17 10 7 17 12 8 17 7 9 17 10 2 18 11 4 18 13 7 18 11 8 18 10 9 18 11
15 45 18 6 6 0 12 9 4 12 12 5 12 14 7 12 10 8 12 8 0 13 11 7 13 13 5 14 9 7 14 10 8 14 10 9 14 9 0 15 13 5 15 7 4 18 11 8 18 11 9 18 14 4 19 13 9 19 11
16 46 2 2 1 3 12 8 8 12 10
17 47 30 3 10 2 10 10 5 10 11 7 10 10 2 11 9 5 11 10 7 11 10 2 12 9 5 12 12 7 12 12 2 13 9 5 13 10 7 13 10 2 14 11 5 14 10 7 14 11 2 15 10 5 15 7 7 15 15 2 16 7 5 16 8 7 16 10 2 17 12 5 17 8 7 17 13 2 18 12 5 18 12 7 18 11 2 19 13 5 19 10 7 19 9
18 52 4 4 1 1 14 11 2 14 9 4 14 11 8 14 12
19 57 60 6 10 2 10 11 3 10 10 4 10 11 6 10 10 8 10 9 9 10 8 2 11 12 3 11 11 4 11 11 6 11 12 8 11 9 9 11 11 2 12 10 3 12 11 4 12 8 6 12 11 8 12 11 9 12 10 2 13 12 3 13 8 4 13 10 6 13 12 8 13 11 9 13 9 2 14 13 3 14 11 4 14 12 6 14 10 8 14 8 9 14 10 2 15 10 3 15 11 4 15 9 6 15 10 8 15 11 9 15 8 2 16 10 3 16 9 4 16 10 6 16 10 8 16 11 9 16 12 2 17 8 3 17 12 4 17 6 6 17 15 8 17 12 9 17 11 2 18 9 3 18 6 4 18 9 6 18 15 8 18 10 9 18 10 2 19 11 3 19 8 4 19 14 6 19 12 8 19 12 9 19 9
20 59 3 1 3 5 11 10 5 16 11 5 18 13
21 67 2 2 1 0 13 12 5 13 14
22 68 1 1 1 1 12 15
23 71 20 2 10 3 10 10 8 10 9 3 11 13 8 11 10 3 12 7 8 12 11 3 13 12 8 13 8 3 14 9 8 14 7 3 15 7 8 15 13 3 16 8 8 16 12 3 17 11 8 17 11 3 18 11 8 18 8 3 19 10 8 19 12
24 80 4 4 1 0 19 10 4 19 8 6 19 8 8 19 10
25 86 10 1 10 7 10 13 7 11 12 7 12 9 7 13 5 7 14 11 7 15 11 7 16 11 7 17 7 7 18 13 7 19 11
26 89 6 6 3 0 10 14 2 10 10 7 10 9 8 10 13 3 12 8 4 17 7
27 90 12 6 4 1 10 13 5 10 9 6 10 8 7 10 13 3 12 10 5 12 14 6 12 11 7 15 12 9 15 13 1 16 14 3 16 12 9 16 11
28 91 60 6 10 1 10 11 2 10 11 4 10 11 5 10 14 7 10 12 9 10 7 1 11 9 2 11 11 4 11 8 5 11 9 7 11 10 9 11 9 1 12 10 2 12 12 4 12 13 5 12 8 7 12 9 9 12 12 1 13 10 2 13 11 4 13 9 5 13 16 7 13 8 9 13 12 1 14 7 2 14 9 4 14 9 5 14 9 7 14 7 9 14 11 1 15 8 2 15 11 4 15 10 5 15 10 7 15 10 9 15 11 1 16 11 2 16 8 4 16 12 5 16 12 7 16 10 9 16 12 1 17 9 2 17 6 4 17 12 5 17 11 7 17 9 9 17 7 1 18 14 2 18 12 4 18 15 5 18 10 7 18 14 9 18 10 1 19 11 2 19 11 4 19 11 5 19 12 7 19 9 9 19 11
29 95 12 6 3 0 13 10 1 13 12 7 13 10 8 13 9 9 13 9 0 14 10 3 14 11 8 14 13 9 14 7 1 17 11 3 17 11 7 17 11
30 101 6 6 2 6 12 10 9 12 10 0 17 8 3 17 14 4 17 6 5 17 11
31 107 6 6 1 0 19 7 2 19 11 4 19 9 5 19 7 6 19 13 9 19 9
32 114 6 6 2 1 11 13 5 11 13 6 11 9 7 18 13 8 18 9 9 18 12
33 120 6 6 2 3 11 11 7 11 10 0 18 10 4 18 11 5 18 14 9 18 7
34 125 48 6 10 2 10 12 4 10 9 7 10 13 9 10 7 0 11 9 2 11 11 4 11 8 5 11 11 9 11 8 0 12 13 2 12 10 5 12 10 7 12 16 9 12 5 0 13 10 2 13 9 4 13 9 5 13 10 9 13 11 0 14 12 2 14 12 4 14 10 5 14 11 7 14 10 0 15 11 2 15 7 5 15 6 7 15 12 9 15 13 0 16 12 2 16 12 4 16 11 5 16 11 7 16 12 9 16 10 2 17 11 4 17 12 7 17 9 9 17 13 0 18 12 4 18 13 5 18 8 7 18 11 9 18 10 0 19 12 4 19 13 5 19 9 7 19 8
35 127 2 2 1 0 16 13 2 16 7
36 132 24 6 7 1 11 15 3 11 10 5 11 8 8 11 12 0 12 11 5 12 14 8 12 9 9 12 11 0 13 9 8 13 7 9 13 11 1 14 11 3 14 10 8 14 11 9 14 10 0 15 14 1 15 12 3 15 10 5 15 9 5 16 15 0 17 10 1 17 9 3 17 10 9 17 9
37 135 2 2 1 0 15 10 5 15 10
38 137 10 5 4 0 10 10 7 10 11 8 10 9 9 10 8 6 12 12 7 12 7 9 12 11 8 14 14 0 18 10 6 18 9
39 140 1 1 1 3 16 8
40 146 4 4 1 4 15 12 5 15 13 6 15 13 7 15 9
41 149 60 6 10 0 10 11 1 10 12 2 10 12 4 10 8 5 10 8 8 10 8 0 11 10 1 11 9 2 11 11 4 11 11 5 11 10 8 11 11 0 12 8 1 12 9 2 12 10 4 12 14 5 12 13 8 12 15 0 13 14 1 13 11 2 13 9 4 13 9 5 13 9 8 13 11 0 14 9 1 14 11 2 14 10 4 14 9 5 14 10 8 14 13 0 15 10 1 15 11 2 15 11 4 15 12 5 15 10 8 15 11 0 16 13 1 16 5 2 16 12 4 16 8 5 16 9 8 16 10 0 17 8 1 17 11 2 17 8 4 17 11 5 17 11 8 17 10 0 18 8 1 18 12 2 18 10 4 18 10 5 18 10 8 18 9 0 19 12 1 19 11 2 19 10 4 19 12 5 19 8 8 19 9
42 155 20 2 10 0 10 9 9 10 13 0 11 9 9 11 9 0 12 10 9 12 10 0 13 14 9 13 14 0 14 8 9 14 11 0 15 12 9 15 12 0 16 9 9 16 10 0 17 11 9 17 11 0 18 8 9 18 10 0 19 12 9 19 8
43 156 6 6 1 0 18 10 1 18 13 3 18 7 4 18 11 6 18 10 8 18 9
44 159 20 2 10 2 10 12 8 10 7 2 11 11 8 11 11 2 12 13 8 12 14 2 13 13 8 13 12 2 14 14 8 14 4 2 15 10 8 15 10 2 16 14 8 16 11 2 17 14 8 17 13 2 18 12 8 18 11 2 19 14 8 19 11
45 160 18 6 6 2 10 9 5 10 10 8 10 11 9 10 10 3 12 14 5 12 10 8 12 15 3 14 10 6 14 10 8 14 8 2 16 9 3 16 10 5 16 13 6 16 11 6 17 8 9 17 14 2 18 7 9 18 12
46 161 6 6 1 0 10 10 2 10 11 3 10 11 5 10 9 6 10 8 7 10 9
47 163 2 2 1 0 11 10 2 11 10
48 166 6 3 3 0 12 15 7 12 12 0 16 6 9 16 11 7 19 10 9 19 11
49 167 12 6 3 0 17 8 2 17 9 4 17 9 5 17 10 7 17 11 8 17 10 5 18 9 7 18 11 0 19 10 2 19 14 4 19 13 8 19 11
50 169 4 4 2 1 15 12 7 15 13 5 18 8 9 18 12
51 170 6 6 1 0 16 8 1 16 11 2 16 12 3 16 11 5 16 13 8 16 12
52 176 10 1 10 1 10 11 1 11 12 1 12 12 1 13 11 1 14 10 1 15 11 1 16 15 1 17 15 1 18 11 1 19 7
53 177 3 3 1 0 19 9 5 19 15 9 19 13
54 184 1 1 1 2 11 10
55 188 6 6 3 0 13 12 1 13 8 5 18 12 3 19 12 4 19 11 7 19 10
56 189 60 6 10 2 10 11 4 10 10 6 10 8 7 10 10 8 10 10 9 10 10 2 11 7 4 11 14 6 11 11 7 11 7 8 11 8 9 11 12 2 12 11 4 12 14 6 12 12 7 12 11 8 12 11 9 12 9 2 13 9 4 13 12 6 13 13 7 13 6 8 13 12 9 13 13 2 14 11 4 14 14 6 14 14 7 14 10 8 14 12 9 14 9 2 15 11 4 15 9 6 15 12 7 15 9 8 15 11 9 15 10 2 16 13 4 16 12 6 16 12 7 16 11 8 16 6 9 16 12 2 17 8 4 17 11 6 17 10 7 17 8 8 17 14 9 17 10 2 18 10 4 18 9 6 18 11 7 18 10 8 18 9 9 18 9 2 19 11 4 19 14 6 19 10 7 19 11 8 19 13 9 19 7
57 193 18 6 5 1 11 12 5 11 9 6 11 7 9 11 9 1 13 10 3 13 10 6 13 9 9 13 8 2 14 13 3 14 12 5 14 13 9 14 18 1 18 8 2 18 8 3 18 7 2 19 12 5 19 11 6 19 12
58 198 5 5 1 0 18 11 3 18 9 4 18 11 5 18 10 9 18 8
59 204 50 5 10 0 10 9 3 10 12 4 10 13 6 10 12 8 10 12 0 11 9 3 11 6 4 11 12 6 11 11 8 11 11 0 12 11 3 12 8 4 12 9 6 12 7 8 12 9 0 13 9 3 13 11 4 13 10 6 13 15 8 13 8 0 14 9 3 14 8 4 14 9 6 14 9 8 14 10 0 15 10 3 15 11 4 15 11 6 15 10 8 15 7 0 16 13 3 16 13 4 16 12 6 16 9 8 16 8 0 17 10 3 17 12 4 17 10 6 17 10 8 17 13 0 18 11 3 18 15 4 18 12 6 18 11 8 18 11 0 19 7 3 19 14 4 19 8 6 19 7 8 19 15
60 206 8 4 4 1 11 12 3 12 11 9 12 8 8 13 7 1 16 14 3 16 12 8 16 10 9 16 11
61 208 18 6 6 1 10 12 2 10 10 3 10 8 4 10 8 2 12 13 5 12 9 6 12 8 1 13 6 3 13 11 4 13 12 5 13 8 6 13 12 3 14 11 4 14 13 2 18 13 5 18 11 6 18 11 1 19 9
62 219 12 6 3 0 14 12 2 14 10 0 17 13 2 17 7 3 17 11 5 17 12 7 17 9 8 17 15 3 19 12 5 19 8 7 19 10 8 19 12
63 225 24 6 6 8 11 10 9 11 10 1 12 13 3 12 13 6 12 13 7 12 15 8 12 6 9 12 12 1 13 11 3 13 9 6 13 7 7 13 8 9 13 9 1 15 11 3 15 11 6 15 11 8 15 13 9 15 10 7 17 11 1 18 11 3 18 12 6 18 10 7 18 9 8 18 11
64 229 10 1 10 2 10 12 2 11 11 2 12 12 2 13 10 2 14 13 2 15 9 2 16 13 2 17 11 2 18 11 2 19 10
65 231 12 4 4 1 12 9 4 12 10 6 12 14 4 13 13 6 13 8 8 13 10 1 15 13 4 15 16 6 15 12 8 15 13 1 16 13 8 16 8
66 232 18 6 6 2 10 12 5 10 11 0 13 12 1 13 13 4 13 10 0 14 12 7 14 9 1 16 11 4 16 11 7 16 7 2 18 13 5 18 12 0 19 13 1 19 9 2 19 8 4 19 12 5 19 11 7 19 8
67 235 2 2 1 4 12 10 6 12 10
68 236 1 1 1 9 10 7
69 238 4 4 1 1 18 11 2 18 10 3 18 10 8 18 9
70 245 1 1 1 9 13 11
71 247 24 6 7 3 12 11 4 12 12 3 13 8 8 13 8 0 14 10 1 14 12 3 14 9 4 14 5 7 14 11 8 14 10 0 15 10 1 15 8 3 15 10 4 15 8 7 15 9 0 16 10 7 16 9 0 17 7 1 17 13 4 17 12 8 17 12 1 19 13 7 19 12 8 19 10
72 253 1 1 1 6 11 15
73 257 4 4 2 8 12 14 9 12 9 0 14 13 6 14 13
74 258 4 4 1 0 14 10 1 14 10 5 14 10 6 14 11
75 264 6 6 1 0 15 9 1 15 7 4 15 11 5 15 7 8 15 9 9 15 10
76 270 6 6 2 1 12 11 4 12 12 9 12 10 0 15 11 2 15 12 3 15 14
77 275 12 4 4 1 13 11 2 13 9 1 14 12 2 14 11 6 14 7 9 14 8 6 17 9 9 17 9 1 19 12 2 19 12 6 19 11 9 19 11
78 276 18 6 6 0 10 12 2 11 9 6 11 11 8 11 12 0 12 12 5 12 12 7 12 16 2 15 11 5 15 11 7 15 13 2 16 10 6 16 7 7 16 10 8 16 12 0 17 7 5 17 11 6 17 12 8 17 8
79 277 60 6 10 0 10 9 2 10 10 3 10 7 4 10 9 5 10 7 9 10 9 0 11 7 2 11 13 3 11 11 4 11 9 5 11 11 9 11 10 0 12 10 2 12 14 3 12 10 4 12 11 5 12 11 9 12 8 0 13 11 2 13 8 3 13 10 4 13 10 5 13 13 9 13 11 0 14 9 2 14 11 3 14 11 4 14 8 5 14 11 9 14 7 0 15 13 2 15 9 3 15 13 4 15 7 5 15 13 9 15 10 0 16 12 2 16 12 3 16 9 4 16 13 5 16 11 9 16 9 0 17 9 2 17 10 3 17 11 4 17 10 5 17 9 9 17 12 0 18 8 2 18 11 3 18 13 4 18 13 5 18 8 9 18 10 0 19 11 2 19 14 3 19 8 4 19 10 5 19 15 9 19 6
80 282 30 3 10 2 10 14 6 10 11 8 10 13 2 11 12 6 11 12 8 11 12 2 12 11 6 12 9 8 12 12 2 13 14 6 13 10 8 13 12 2 14 7 6 14 9 8 14 11 2 15 13 6 15 12 8 15 10 2 16 13 6 16 10 8 16 9 2 17 11 6 17 12 8 17 11 2 18 10 6 18 10 8 18 11 2 19 12 6 19 10 8 19 12
81 288 24 4 10 3 10 10 5 10 10 6 10 11 3 11 9 5 11 11 6 11 10 2 12 11 5 12 8 6 12 10 3 13 11 5 13 10 3 14 11 6 14 14 2 15 12 3 15 12 2 16 12 2 17 6 2 18 10 3 18 11 5 18 13 6 18 12 2 19 11 5 19 11 6 19 12
82 291 12 6 4 4 12 8 8 12 11 9 12 11 2 13 11 4 13 12 7 13 12 1 18 11 2 18 7 8 18 7 1 19 13 7 19 11 9 19 11
83 298 12 6 4 1 11 13 5 11 9 2 14 11 3 14 12 4 14 14 2 16 11 3 16 11 4 16 11 6 16 9 1 17 11 5 17 11 6 17 10
84 299 3 3 1 1 19 9 5 19 7 6 19 14
85 305 1 1 1 9 14 12
86 306 12 6 4 6 10 11 0 11 8 6 11 9 7 11 8 8 11 11 9 11 12 0 15 9 1 15 15 9 15 8 1 19 10 7 19 12 8 19 11
87 312 24 6 7 1 10 11 2 10 13 5 10 10 1 12 12 2 12 12 3 12 12 1 14 10 2 14 8 3 14 13 5 14 6 6 14 11 8 14 12 3 15 8 5 15 7 6 15 12 8 15 11 2 16 11 3 16 10 1 17 10 6 17 9 8 17 11 5 19 9 6 19 11 8 19 12
88 313 24 6 7 0 10 10 2 10 12 4 10 6 5 10 12 6 10 12 8 10 11 2 11 9 6 11 10 2 12 8 4 16 13 5 16 10 6 16 7 0 17 14 4 17 13 5 17 10 8 17 7 0 18 7 2 18 9 4 18 11 5 18 10 6 18 6 8 18 11 0 19 9 8 19 12
89 314 1 1 1 0 14 12
90 319 1 1 1 2 13 11
91 325 1 1 1 8 15 12
92 334 6 6 2 4 16 9 7 16 8 2 18 9 3 18 9 5 18 13 8 18 8
93 337 12 6 3 4 10 9 7 10 13 8 10 7 1 13 10 2 13 10 3 13 12 8 13 12 1 14 7 2 14 14 3 14 7 4 14 12 7 14 12
94 342 1 1 1 3 13 11
95 343 6 6 1 1 19 13 5 19 11 6 19 9 7 19 13 8 19 11 9 19 10
96 344 2 2 1 3 14 11 9 14 10
97 354 8 4 3 5 14 11 6 14 9 0 16 10 5 16 11 6 16 12 8 16 12 0 19 12 8 19 9
98 356 3 3 1 3 19 14 6 19 12 8 19 11
99 359 3 3 1 2 15 4 3 15 9 5 15 10
