20 100
0 0 1 1 1 5 13 14
1 2 2 2 1 4 11 12 5 11 9
2 4 6 6 1 1 15 12 2 15 10 3 15 9 4 15 10 7 15 9 8 15 9
3 8 12 6 4 0 10 11 2 10 11 6 10 10 7 10 8 7 13 9 8 13 6 2 15 12 4 15 8 6 15 9 0 17 8 4 17 12 8 17 11
4 10 6 3 3 3 10 10 8 10 10 4 15 11 8 15 13 3 16 9 4 16 9
5 11 6 6 1 0 11 13 3 11 7 4 11 9 5 11 8 6 11 10 9 11 8
6 13 6 6 1 2 12 8 3 12 9 4 12 13 5 12 12 6 12 10 7 12 10
7 14 10 5 4 2 11 10 4 11 10 5 11 10 2 14 12 4 14 8 9 14 12 1 17 12 5 17 7 9 17 12 1 18 13
8 17 2 2 1 1 19 11 6 19 9
9 20 3 3 1 0 18 10 1 18 10 9 18 10
10 24 60 6 10 0 10 6 1 10 6 2 10 12 4 10 11 5 10 11 9 10 13 0 11 8 1 11 10 2 11 10 4 11 10 5 11 14 9 11 11 0 12 12 1 12 9 2 12 12 4 12 14 5 12 10 9 12 11 0 13 11 1 13 11 2 13 10 4 13 12 5 13 10 9 13 8 0 14 14 1 14 11 2 14 12 4 14 9 5 14 13 9 14 13 0 15 6 1 15 7 2 15 13 4 15 11 5 15 7 9 15 10 0 16 9 1 16 9 2 16 11 4 16 13 5 16 9 9 16 8 0 17 10 1 17 13 2 17 10 4 17 9 5 17 11 9 17 10 0 18 12 1 18 12 2 18 12 4 18 13 5 18 7 9 18 7 0 19 10 1 19 11 2 19 11 4 19 12 5 19 5 9 19 11
11 27 2 2 1 0 14 9 2 14 7
12 28 18 6 5 2 10 13 6 10 11 7 10 9 9 10 9 3 13 13 6 13 12 8 13 12 2 14 13 6 14 8 7 14 15 8 14 9 2 16 10 3 16 5 8 16 11 9 16 14 3 19 13 7 19 9 9 19 13
13 42 3 3 1 6 16 14 7 16 12 8 16 9
14 43 1 1 1 6 17 6
15 45 1 1 1 0 13 12
16 46 1 1 1 9 18 8
17 47 60 6 10 1 10 9 4 10 12 5 10 10 6 10 11 7 10 10 8 10 12 1 11 9 4 11 10 5 11 11 6 11 7 7 11 9 8 11 11 1 12 11 4 12 11 5 12 11 6 12 4 7 12 13 8 12 10 1 13 8 4 13 13 5 13 12 6 13 13 7 13 12 8 13 14 1 14 8 4 14 11 5 14 10 6 14 10 7 14 15 8 14 12 1 15 10 4 15 10 5 15 11 6 15 12 7 15 9 8 15 11 1 16 10 4 16 11 5 16 7 6 16 10 7 16 12 8 16 9 1 17 11 4 17 8 5 17 11 6 17 9 7 17 8 8 17 9 1 18 11 4 18 10 5 18 15 6 18 10 7 18 12 8 18 14 1 19 11 4 19 11 5 19 11 6 19 8 7 19 11 8 19 6
18 52 6 6 2 1 10 13 6 10 7 0 12 11 2 12 11 7 12 10 9 12 8
19 57 18 6 6 4 10 5 6 10 11 9 10 8 6 12 11 3 14 11 4 14 12 5 14 8 9 14 6 6 15 11 7 15 14 3 18 10 5 18 11 7 18 10 3 19 8 4 19 9 5 19 10 7 19 12 9 19 11
20 59 12 6 3 3 13 8 8 13 11 0 14 10 2 14 9 3 14 10 6 14 14 7 14 12 0 18 9 2 18 10 6 18 12 7 18 9 8 18 14
21 67 6 3 3 3 13 10 4 13 11 3 15 10 4 15 9 5 15 8 5 19 9
22 68 12 6 5 5 10 11 6 10 10 9 10 12 1 11 10 7 11 13 9 12 11 5 18 13 6 18 15 8 18 10 1 19 12 7 19 8 8 19 8
23 71 1 1 1 9 11 11
24 80 10 1 10 7 10 9 7 11 10 7 12 5 7 13 11 7 14 10 7 15 10 7 16 9 7 17 8 7 18 8 7 19 10
25 86 6 3 3 4 12 13 1 13 13 4 13 11 6 13 12 1 19 12 6 19 9
26 89 6 6 2 6 11 9 7 11 9 8 11 12 9 11 9 3 18 12 4 18 11
27 90 18 6 6 2 10 7 8 10 10 9 10 12 3 11 8 6 11 10 8 11 10 4 13 10 8 13 7 9 13 11 2 14 13 9 14 9 3 15 9 4 15 8 6 15 8 2 19 9 3 19 11 4 19 8 6 19 16
28 91 1 1 1 0 19 13
29 95 1 1 1 2 17 12
30 101 12 6 3 1 10 15 2 10 8 4 10 11 5 10 9 7 10 10 2 17 9 3 17 10 4 17 12 1 18 12 3 18 10 5 18 16 7 18 10
31 107 2 2 1 0 14 11 6 14 10
32 114 3 3 1 0 19 12 2 19 12 4 19 10
33 120 4 4 2 3 15 7 0 18 11 1 18 13 8 18 12
34 125 2 2 1 3 11 14 5 11 11
35 127 2 2 1 2 14 12 5 14 13
36 132 60 6 10 0 10 8 1 10 11 2 10 14 3 10 14 5 10 8 7 10 9 0 11 10 1 11 11 2 11 11 3 11 10 5 11 9 7 11 10 0 12 15 1 12 13 2 12 13 3 12 14 5 12 14 7 12 14 0 13 11 1 13 12 2 13 11 3 13 10 5 13 11 7 13 11 0 14 9 1 14 9 2 14 18 3 14 11 5 14 11 7 14 10 0 15 11 1 15 10 2 15 10 3 15 11 5 15 12 7 15 7 0 16 9 1 16 11 2 16 11 3 16 12 5 16 10 7 16 14 0 17 11 1 17 8 2 17 11 3 17 9 5 17 7 7 17 11 0 18 10 1 18 9 2 18 8 3 18 8 5 18 10 7 18 8 0 19 11 1 19 10 2 19 10 3 19 9 5 19 12 7 19 9
37 135 24 6 7 1 10 9 8 10 12 1 11 13 7 11 8 8 11 10 0 12 8 1 12 13 6 12 11 7 12 13 9 12 11 1 13 11 6 13 10 7 13 12 9 13 12 0 15 11 7 15 14 8 15 10 9 15 11 0 18 12 6 18 14 8 18 9 0 19 10 6 19 12 9 19 10
38 137 6 6 2 3 15 9 5 15 10 0 17 9 1 17 12 2 17 11 7 17 9
39 140 6 6 1 1 17 12 2 17 13 3 17 8 4 17 9 5 17 10 6 17 10
40 146 1 1 1 1 16 9
41 149 18 6 6 5 11 11 8 11 14 0 12 9 2 12 10 5 12 13 8 12 8 0 13 11 2 13 9 5 13 10 7 13 11 7 15 12 9 15 6 0 17 11 9 17 10 2 19 11 7 19 14 8 19 10 9 19 11
42 155 6 6 1 0 11 10 3 11 8 4 11 11 5 11 11 7 11 10 8 11 11
43 156 6 6 1 0 13 11 2 13 7 5 13 12 6 13 12 8 13 12 9 13 10
44 159 3 3 1 0 16 9 6 16 12 7 16 8
45 160 8 4 4 3 12 9 1 13 12 8 13 11 0 16 11 1 16 10 8 16 9 0 18 11 3 18 10
46 161 6 6 2 3 16 4 7 16 12 1 18 8 2 18 12 4 18 9 6 18 10
47 163 18 6 5 0 11 8 2 11 8 5 11 11 6 11 7 8 11 9 9 11 13 0 14 11 2 14 9 5 14 11 8 14 11 9 14 12 2 16 13 5 16 7 6 16 6 0 17 11 6 17 12 8 18 12 9 18 9
48 166 5 5 1 0 17 8 1 17 9 3 17 12 5 17 10 8 17 9
49 167 3 3 1 0 11 9 3 11 12 5 11 8
50 169 1 1 1 3 11 12
51 170 8 4 4 2 11 7 3 11 11 7 11 11 3 15 9 2 17 9 8 17 8 7 18 10 8 18 14
52 176 12 6 4 3 10 11 1 15 11 2 15 9 1 17 10 2 17 9 3 17 12 4 17 8 5 17 10 7 17 9 4 18 7 5 18 9 7 18 8
53 177 2 2 1 0 17 7 2 17 10
54 184 2 2 1 0 11 12 8 11 10
55 188 42 6 10 0 10 10 2 10 11 4 10 12 6 10 8 7 10 10 0 11 11 2 11 13 3 11 7 4 11 10 6 11 12 0 12 11 3 12 13 4 12 12 6 12 9 0 13 12 2 13 7 4 13 11 7 13 10 0 14 10 2 14 12 3 14 13 4 14 10 6 14 9 7 14 11 0 15 7 2 15 8 3 15 9 4 15 8 6 15 6 7 15 12 6 16 9 7 16 9 0 17 14 2 17 13 3 17 12 6 17 9 2 18 11 3 18 9 7 18 12 3 19 11 4 19 10 7 19 9
56 189 12 4 4 1 10 12 7 10 12 1 13 10 5 13 6 9 13 13 1 16 15 5 16 8 7 16 9 9 16 10 5 19 13 7 19 13 9 19 11
57 193 1 1 1 6 19 10
58 198 1 1 1 8 17 12
59 204 60 6 10 0 10 12 3 10 9 4 10 12 6 10 9 7 10 12 8 10 11 0 11 13 3 11 10 4 11 7 6 11 6 7 11 11 8 11 8 0 12 10 3 12 10 4 12 16 6 12 11 7 12 10 8 12 9 0 13 9 3 13 6 4 13 10 6 13 11 7 13 13 8 13 10 0 14 10 3 14 10 4 14 13 6 14 9 7 14 10 8 14 13 0 15 12 3 15 8 4 15 11 6 15 9 7 15 9 8 15 10 0 16 11 3 16 11 4 16 10 6 16 16 7 16 13 8 16 13 0 17 13 3 17 11 4 17 9 6 17 13 7 17 12 8 17 9 0 18 11 3 18 8 4 18 11 6 18 7 7 18 12 8 18 10 0 19 12 3 19 12 4 19 11 6 19 12 7 19 14 8 19 8
60 206 6 6 2 6 13 10 7 13 9 9 13 11 0 16 9 1 16 9 4 16 10
61 208 10 1 10 8 10 9 8 11 12 8 12 8 8 13 9 8 14 11 8 15 14 8 16 13 8 17 12 8 18 9 8 19 10
62 219 24 6 8 2 10 12 3 10 9 4 10 10 2 12 10 6 12 7 9 12 7 4 13 11 5 13 8 6 13 8 2 14 10 3 14 11 6 14 11 3 15 11 9 15 11 2 16 14 3 16 13 4 16 11 5 16 11 4 17 8 5 17 9 6 17 8 9 17 10 5 19 13 9 19 12
63 225 30 3 10 1 10 10 2 10 11 6 10 8 1 11 7 2 11 10 6 11 13 1 12 12 2 12 9 6 12 12 1 13 7 2 13 9 6 13 9 1 14 11 2 14 9 6 14 11 1 15 8 2 15 10 6 15 12 1 16 13 2 16 12 6 16 9 1 17 10 2 17 10 6 17 14 1 18 12 2 18 13 6 18 9 1 19 14 2 19 13 6 19 11
64 229 2 2 1 0 16 12 1 16 11
65 231 30 6 9 0 10 12 1 10 13 5 10 7 6 10 14 1 11 11 2 11 8 5 11 13 0 12 13 8 12 13 0 13 13 5 13 10 6 13 6 8 13 12 2 14 16 8 14 8 1 16 12 5 16 9 6 16 11 8 16 10 2 17 10 5 17 10 6 17 13 8 17 11 0 18 12 1 18 12 2 18 9 0 19 9 1 19 9 2 19 11 6 19 12
66 232 6 6 1 0 13 9 1 13 12 4 13 13 6 13 9 7 13 11 9 13 11
67 235 10 5 2 2 10 13 3 10 13 4 10 12 5 10 9 7 10 9 2 13 11 3 13 10 4 13 9 5 13 16 7 13 10
68 236 1 1 1 6 14 13
69 238 60 6 10 0 10 10 1 10 6 3 10 12 4 10 9 5 10 7 9 10 14 0 11 11 1 11 11 3 11 8 4 11 12 5 11 10 9 11 13 0 12 14 1 12 14 3 12 10 4 12 13 5 12 11 9 12 12 0 13 14 1 13 12 3 13 11 4 13 7 5 13 11 9 13 12 0 14 13 1 14 11 3 14 11 4 14 13 5 14 5 9 14 7 0 15 14 1 15 12 3 15 8 4 15 13 5 15 11 9 15 11 0 16 13 1 16 11 3 16 13 4 16 8 5 16 9 9 16 7 0 17 12 1 17 10 3 17 11 4 17 7 5 17 9 9 17 11 0 18 7 1 18 10 3 18 10 4 18 11 5 18 9 9 18 13 0 19 10 1 19 8 3 19 9 4 19 12 5 19 8 9 19 10
70 245 20 2 10 2 10 11 4 10 10 2 11 11 4 11 9 2 12 11 4 12 10 2 13 9 4 13 14 2 14 8 4 14 15 2 15 9 4 15 9 2 16 11 4 16 11 2 17 9 4 17 11 2 18 8 4 18 11 2 19 7 4 19 9
71 247 18 6 5 2 10 11 3 10 7 6 10 8 7 10 12 8 10 13 0 12 9 0 16 11 2 16 10 6 16 9 7 16 11 8 16 14 0 18 13 3 18 8 6 18 14 2 19 7 3 19 12 7 19 10 8 19 8
72 253 2 2 1 3 16 11 5 16 12
73 257 2 2 1 0 11 9 6 11 11
74 258 2 2 1 4 18 12 7 18 13
75 264 6 6 1 2 18 8 3 18 12 4 18 9 5 18 11 6 18 9 7 18 14
76 270 18 6 5 2 10 8 6 10 8 8 10 12 2 11 9 3 11 9 4 11 7 7 11 11 2 12 12 3 12 11 4 12 7 6 12 9 7 12 10 8 12 7 4 13 7 7 13 6 8 13 10 3 15 12 6 15 10
77 275 24 6 6 2 10 11 4 10 6 5 10 12 6 10 9 9 10 13 2 11 9 3 11 10 4 11 7 5 11 9 6 11 12 2 12 9 3 12 9 4 12 12 5 12 9 6 12 12 2 14 13 3 14 12 4 14 11 9 14 11 3 17 8 5 17 13 9 17 10 6 19 12 9 19 9
78 276 60 6 10 0 10 11 2 10 11 4 10 12 6 10 9 7 10 12 9 10 11 0 11 11 2 11 15 4 11 9 6 11 16 7 11 11 9 11 13 0 12 13 2 12 13 4 12 11 6 12 12 7 12 14 9 12 6 0 13 11 2 13 11 4 13 9 6 13 8 7 13 9 9 13 9 0 14 9 2 14 13 4 14 12 6 14 7 7 14 9 9 14 10 0 15 12 2 15 11 4 15 10 6 15 8 7 15 9 9 15 11 0 16 11 2 16 10 4 16 8 6 16 13 7 16 11 9 16 11 0 17 8 2 17 15 4 17 12 6 17 9 7 17 10 9 17 12 0 18 11 2 18 6 4 18 8 6 18 15 7 18 10 9 18 10 0 19 11 2 19 11 4 19 8 6 19 10 7 19 11 9 19 10
79 277 20 2 10 3 10 10 5 10 11 3 11 9 5 11 9 3 12 10 5 12 13 3 13 9 5 13 7 3 14 7 5 14 12 3 15 10 5 15 13 3 16 9 5 16 12 3 17 11 5 17 11 3 18 9 5 18 9 3 19 8 5 19 10
80 282 4 4 1 1 10 10 3 10 10 4 10 14 6 10 8
81 288 18 6 6 0 10 11 6 10 11 7 10 9 9 10 16 0 12 9 4 12 12 8 12 9 9 13 10 4 14 9 6 14 10 7 14 11 4 18 11 6 18 12 7 18 8 8 18 12 9 18 11 0 19 12 8 19 11
82 291 10 5 4 1 11 13 5 11 7 9 11 6 0 12 11 1 12 9 8 12 9 9 12 11 5 16 11 0 18 14 8 18 11
83 298 2 2 1 3 11 13 8 11 10
84 299 10 1 10 7 10 11 7 11 8 7 12 7 7 13 9 7 14 11 7 15 13 7 16 12 7 17 14 7 18 11 7 19 13
85 305 60 6 10 1 10 10 4 10 12 5 10 13 6 10 14 8 10 12 9 10 4 1 11 9 4 11 9 5 11 13 6 11 10 8 11 9 9 11 8 1 12 8 4 12 9 5 12 9 6 12 11 8 12 10 9 12 7 1 13 11 4 13 6 5 13 10 6 13 8 8 13 11 9 13 8 1 14 7 4 14 13 5 14 13 6 14 11 8 14 10 9 14 9 1 15 7 4 15 8 5 15 9 6 15 10 8 15 11 9 15 10 1 16 9 4 16 8 5 16 8 6 16 10 8 16 11 9 16 10 1 17 11 4 17 10 5 17 13 6 17 11 8 17 10 9 17 10 1 18 10 4 18 9 5 18 9 6 18 9 8 18 11 9 18 9 1 19 14 4 19 12 5 19 10 6 19 9 8 19 11 9 19 11
86 306 24 6 7 2 10 10 4 10 11 6 10 10 8 10 9 9 10 10 1 11 13 2 11 12 6 11 7 4 12 9 6 12 9 8 12 8 9 12 10 1 13 12 1 15 11 6 15 8 9 15 9 1 17 10 2 17 10 4 17 10 8 17 16 2 18 10 4 18 10 8 18 11 9 18 12
87 312 2 2 1 5 19 9 9 19 9
88 313 6 6 2 1 12 10 2 12 12 4 12 10 9 12 9 3 16 9 5 16 13
89 314 4 4 2 6 11 8 8 11 10 9 11 10 7 14 8
90 319 9 3 5 4 11 11 5 11 12 4 12 11 5 12 10 2 14 11 2 17 8 5 17 10 2 19 15 4 19 10
91 325 4 4 2 9 12 10 0 15 9 3 15 11 7 15 13
92 334 12 6 4 5 10 9 7 10 8 1 12 12 6 12 9 2 17 10 3 17 10 5 17 7 6 17 10 7 17 12 1 18 9 2 18 8 3 18 12
93 337 2 2 1 1 17 11 9 17 10
94 342 1 1 1 9 17 11
95 343 60 6 10 0 10 11 3 10 8 4 10 10 5 10 8 6 10 9 7 10 11 0 11 11 3 11 10 4 11 13 5 11 9 6 11 12 7 11 8 0 12 7 3 12 14 4 12 11 5 12 9 6 12 8 7 12 12 0 13 8 3 13 12 4 13 12 5 13 15 6 13 11 7 13 13 0 14 16 3 14 14 4 14 11 5 14 8 6 14 12 7 14 12 0 15 11 3 15 9 4 15 8 5 15 11 6 15 9 7 15 9 0 16 8 3 16 6 4 16 9 5 16 9 6 16 9 7 16 9 0 17 8 3 17 8 4 17 11 5 17 14 6 17 16 7 17 7 0 18 12 3 18 10 4 18 11 5 18 10 6 18 16 7 18 13 0 19 9 3 19 12 4 19 10 5 19 9 6 19 10 7 19 12
96 344 30 3 10 0 10 14 6 10 7 8 10 9 0 11 12 6 11 8 8 11 9 0 12 12 6 12 12 8 12 12 0 13 8 6 13 5 8 13 11 0 14 13 6 14 11 8 14 13 0 15 6 6 15 11 8 15 10 0 16 8 6 16 9 8 16 11 0 17 9 6 17 13 8 17 12 0 18 13 6 18 8 8 18 12 0 19 8 6 19 10 8 19 11
97 354 10 1 10 2 10 12 2 11 10 2 12 9 2 13 8 2 14 13 2 15 9 2 16 9 2 17 15 2 18 8 2 19 13
98 356 6 6 1 1 17 10 3 17 10 4 17 6 5 17 9 8 17 9 9 17 13
99 359 10 1 10 7 10 12 7 11 15 7 12 12 7 13 10 7 14 8 7 15 14 7 16 9 7 17 12 7 18 12 7 19 11
