20 100
0 0 6 6 1 0 10 6 3 10 10 4 10 15 7 10 11 8 10 11 9 10 9
1 2 1 1 1 5 14 11
2 4 20 2 10 3 10 8 4 10 11 3 11 8 4 11 11 3 12 14 4 12 5 3 13 10 4 13 9 3 14 9 4 14 15 3 15 12 4 15 12 3 16 10 4 16 13 3 17 15 4 17 12 3 18 10 4 18 12 3 19 11 4 19 8
3 8 60 6 10 0 10 10 1 10 9 3 10 8 4 10 13 6 10 9 9 10 9 0 11 11 1 11 12 3 11 11 4 11 10 6 11 8 9 11 9 0 12 9 1 12 8 3 12 11 4 12 8 6 12 12 9 12 9 0 13 11 1 13 12 3 13 12 4 13 6 6 13 6 9 13 11 0 14 12 1 14 8 3 14 9 4 14 13 6 14 12 9 14 9 0 15 15 1 15 10 3 15 12 4 15 8 6 15 13 9 15 9 0 16 12 1 16 12 3 16 10 4 16 11 6 16 10 9 16 11 0 17 12 1 17 12 3 17 13 4 17 14 6 17 10 9 17 9 0 18 9 1 18 10 3 18 12 4 18 12 6 18 10 9 18 11 0 19 11 1 19 10 3 19 7 4 19 10 6 19 8 9 19 12
4 10 2 2 1 3 15 12 8 15 9
5 11 30 3 10 5 10 12 6 10 10 8 10 10 5 11 10 6 11 13 8 11 10 5 12 10 6 12 11 8 12 8 5 13 10 6 13 10 8 13 12 5 14 8 6 14 8 8 14 13 5 15 11 6 15 12 8 15 10 5 16 6 6 16 11 8 16 14 5 17 10 6 17 8 8 17 13 5 18 6 6 18 9 8 18 10 5 19 8 6 19 6 8 19 10
6 13 2 2 1 0 18 9 6 18 11
7 14 24 6 6 0 10 11 4 10 13 7 10 9 0 12 8 2 12 14 3 12 11 4 12 10 7 12 12 8 12 13 0 13 12 4 13 9 7 13 12 8 13 12 2 14 13 3 14 9 8 14 8 2 18 13 3 18 12 7 18 10 8 18 11 0 19 14 2 19 11 3 19 12 4 19 10
8 17 1 1 1 1 18 10
9 20 6 6 3 6 13 11 0 17 10 1 17 10 4 18 10 5 18 12 7 18 6
10 24 10 1 10 6 10 10 6 11 10 6 12 10 6 13 9 6 14 13 6 15 14 6 16 11 6 17 12 6 18 10 6 19 10
11 27 10 2 6 1 11 7 9 11 10 1 12 7 9 12 11 1 14 8 9 14 14 1 16 10 9 17 9 1 18 9 9 18 10
12 28 6 6 1 1 18 13 2 18 11 3 18 7 5 18 12 6 18 13 9 18 12
13 42 3 3 1 2 16 10 4 16 8 8 16 6
14 43 1 1 1 8 11 12
15 45 1 1 1 4 18 12
16 46 1 1 1 8 12 8
17 47 6 6 3 2 11 12 4 11 6 8 11 14 9 11 14 3 14 11 7 18 13
18 52 24 6 7 9 10 13 0 12 12 2 12 9 9 12 10 0 13 9 2 13 10 3 13 13 4 13 11 8 13 9 0 14 10 3 14 13 8 14 12 0 15 9 2 15 9 4 15 8 8 15 13 9 15 8 3 18 12 4 18 12 8 18 11 2 19 9 3 19 11 4 19 10 9 19 10
19 57 10 1 10 3 10 10 3 11 9 3 12 12 3 13 12 3 14 12 3 15 12 3 16 11 3 17 10 3 18 10 3 19 11
20 59 5 5 1 0 16 8 1 16 12 2 16 9 7 16 11 9 16 12
21 67 50 5 10 2 10 10 3 10 15 5 10 11 8 10 12 9 10 7 2 11 11 3 11 14 5 11 11 8 11 13 9 11 10 2 12 12 3 12 11 5 12 11 8 12 11 9 12 11 2 13 12 3 13 14 5 13 12 8 13 11 9 13 10 2 14 11 3 14 11 5 14 11 8 14 11 9 14 10 2 15 13 3 15 11 5 15 12 8 15 12 9 15 11 2 16 11 3 16 8 5 16 11 8 16 10 9 16 8 2 17 12 3 17 10 5 17 12 8 17 14 9 17 11 2 18 9 3 18 12 5 18 13 8 18 12 9 18 12 2 19 15 3 19 9 5 19 11 8 19 13 9 19 10
22 68 2 1 2 5 10 12 5 11 12
23 71 24 6 7 1 11 8 2 11 8 3 11 10 4 11 11 5 11 14 9 11 12 1 12 11 2 12 9 9 12 11 1 13 11 2 13 10 3 13 11 4 13 13 5 13 12 2 14 10 4 14 13 5 15 12 9 15 13 1 17 9 3 17 14 4 17 9 9 17 10 3 18 12 5 18 9
24 80 6 6 1 0 15 9 1 15 8 4 15 8 5 15 10 6 15 12 8 15 13
25 86 1 1 1 5 19 12
26 89 1 1 1 0 11 7
27 90 2 2 2 5 10 11 4 15 10
28 91 6 6 2 0 17 10 1 17 9 3 17 10 5 17 13 8 18 11 9 18 10
29 95 54 6 10 0 10 13 2 10 8 4 10 12 5 10 9 6 10 10 9 10 13 4 11 6 5 11 10 6 11 13 9 11 10 0 12 10 2 12 9 4 12 12 5 12 11 6 12 10 9 12 12 0 13 10 2 13 12 4 13 11 5 13 7 6 13 12 9 13 11 0 14 9 2 14 13 9 14 11 0 15 12 2 15 11 4 15 9 5 15 14 6 15 11 9 15 10 0 16 9 2 16 14 4 16 10 5 16 16 6 16 9 9 16 9 0 17 11 2 17 14 4 17 13 5 17 10 6 17 10 0 18 6 2 18 9 4 18 8 5 18 14 6 18 10 9 18 11 0 19 10 2 19 10 4 19 8 5 19 11 6 19 12 9 19 9
30 101 6 6 1 2 18 9 3 18 12 4 18 12 7 18 6 8 18 12 9 18 8
31 107 15 5 4 5 10 9 6 10 9 9 10 10 2 12 12 3 12 12 5 12 11 6 12 8 2 17 11 3 17 12 5 17 11 9 17 9 2 18 9 3 18 10 6 18 12 9 18 11
32 114 30 3 10 0 10 11 3 10 11 8 10 12 0 11 6 3 11 10 8 11 10 0 12 10 3 12 12 8 12 8 0 13 11 3 13 10 8 13 12 0 14 8 3 14 10 8 14 11 0 15 10 3 15 13 8 15 11 0 16 10 3 16 10 8 16 9 0 17 11 3 17 9 8 17 8 0 18 9 3 18 7 8 18 12 0 19 10 3 19 10 8 19 10
33 120 6 6 1 0 12 11 2 12 9 4 12 13 6 12 13 8 12 11 9 12 10
34 125 2 2 2 9 12 11 2 16 12
35 127 2 2 1 3 18 11 7 18 11
36 132 2 2 1 1 11 11 6 11 8
37 135 1 1 1 0 13 13
38 137 10 1 10 6 10 11 6 11 13 6 12 11 6 13 10 6 14 8 6 15 12 6 16 8 6 17 10 6 18 13 6 19 9
39 140 18 6 6 1 10 12 4 10 12 6 10 8 7 10 5 1 14 12 4 14 12 6 14 5 7 14 12 8 14 12 8 15 9 9 15 8 4 16 10 7 16 11 9 16 10 6 17 10 9 17 9 1 18 13 8 18 11
40 146 12 6 4 1 10 8 4 10 10 6 10 9 7 10 9 8 10 8 4 11 11 7 11 14 9 11 11 8 15 7 9 15 10 1 16 9 6 16 7
41 149 10 1 10 9 10 13 9 11 10 9 12 8 9 13 9 9 14 9 9 15 7 9 16 11 9 17 10 9 18 10 9 19 12
42 155 2 2 1 1 11 14 3 11 6
43 156 24 6 7 4 11 9 6 11 8 1 12 10 5 12 10 8 12 12 1 13 11 3 13 9 4 13 11 5 13 12 8 13 11 3 15 13 4 15 9 6 15 7 3 16 10 4 16 9 5 16 11 1 18 12 3 18 10 5 18 9 6 18 13 8 18 8 1 19 9 6 19 9 8 19 11
44 159 2 2 2 6 15 10 9 16 8
45 160 6 6 1 1 13 9 2 13 14 3 13 13 4 13 7 6 13 12 8 13 9
46 161 60 6 10 2 10 8 4 10 10 6 10 13 7 10 12 8 10 9 9 10 15 2 11 9 4 11 12 6 11 8 7 11 9 8 11 11 9 11 8 2 12 10 4 12 11 6 12 7 7 12 9 8 12 14 9 12 11 2 13 12 4 13 9 6 13 11 7 13 10 8 13 11 9 13 7 2 14 11 4 14 12 6 14 11 7 14 11 8 14 11 9 14 10 2 15 9 4 15 11 6 15 9 7 15 13 8 15 9 9 15 11 2 16 10 4 16 11 6 16 9 7 16 10 8 16 13 9 16 12 2 17 10 4 17 12 6 17 12 7 17 10 8 17 9 9 17 9 2 18 11 4 18 13 6 18 10 7 18 8 8 18 9 9 18 11 2 19 11 4 19 8 6 19 10 7 19 10 8 19 8 9 19 7
47 163 24 6 7 0 10 8 3 10 11 7 10 11 5 13 10 7 13 12 8 13 9 0 14 9 4 14 8 7 14 10 4 16 12 5 16 10 8 16 12 0 17 9 3 17 11 4 17 9 5 17 16 8 17 8 0 18 13 3 18 15 4 18 9 5 18 11 7 18 7 8 18 10 3 19 11
48 166 3 3 1 0 15 11 4 15 9 7 15 10
49 167 60 6 10 0 10 7 4 10 11 5 10 6 7 10 12 8 10 11 9 10 8 0 11 12 4 11 14 5 11 12 7 11 12 8 11 11 9 11 8 0 12 14 4 12 11 5 12 11 7 12 13 8 12 8 9 12 9 0 13 10 4 13 8 5 13 10 7 13 11 8 13 11 9 13 7 0 14 9 4 14 10 5 14 9 7 14 7 8 14 7 9 14 11 0 15 8 4 15 9 5 15 11 7 15 7 8 15 11 9 15 7 0 16 11 4 16 12 5 16 14 7 16 13 8 16 13 9 16 12 0 17 10 4 17 12 5 17 10 7 17 10 8 17 12 9 17 9 0 18 11 4 18 13 5 18 11 7 18 11 8 18 10 9 18 12 0 19 10 4 19 10 5 19 10 7 19 11 8 19 10 9 19 12
50 169 12 6 4 0 10 13 7 10 12 1 11 10 4 11 10 9 11 10 0 14 13 2 14 11 4 14 11 9 14 12 1 19 6 2 19 14 7 19 12
51 170 24 6 7 1 10 12 3 11 8 4 11 9 5 11 13 7 11 14 2 12 9 3 12 11 4 12 11 5 12 10 1 13 15 3 13 12 4 13 12 7 13 11 1 14 10 2 14 12 3 14 15 4 14 12 5 14 14 7 14 14 2 15 9 7 15 8 1 16 9 2 16 8 5 16 10
52 176 10 1 10 4 10 13 4 11 11 4 12 9 4 13 9 4 14 9 4 15 9 4 16 15 4 17 13 4 18 13 4 19 10
53 177 3 3 2 4 11 13 1 14 11 3 14 10
54 184 3 3 1 5 12 9 6 12 11 8 12 12
55 188 6 6 1 0 18 12 2 18 10 5 18 14 6 18 11 7 18 12 8 18 11
56 189 1 1 1 8 16 15
57 193 1 1 1 8 14 11
58 198 4 4 1 1 16 8 2 16 7 5 16 8 7 16 11
59 204 1 1 1 9 14 10
60 206 12 6 3 1 13 12 2 13 12 4 13 5 7 13 10 8 13 9 9 13 11 1 15 7 8 15 9 9 15 15 2 17 10 4 17 11 7 17 10
61 208 2 2 1 0 13 9 4 13 9
62 219 1 1 1 9 13 12
63 225 3 3 1 1 16 12 3 16 11 6 16 13
64 229 1 1 1 0 16 10
65 231 2 2 1 2 11 12 7 11 13
66 232 1 1 1 9 11 10
67 235 5 5 2 0 11 10 3 11 10 6 11 12 1 13 9 4 13 9
68 236 18 6 5 2 12 9 3 12 9 9 12 13 4 14 10 7 14 11 9 14 12 2 15 12 3 15 13 5 15 12 7 15 10 2 16 13 4 16 12 5 16 11 9 16 9 3 19 12 4 19 8 5 19 10 7 19 9
69 238 12 6 4 0 13 9 6 13 12 7 13 9 8 13 11 2 15 7 3 15 10 8 15 10 0 16 11 6 16 9 7 16 12 2 18 13 3 18 9
70 245 12 6 4 2 13 9 7 13 10 2 14 13 5 14 14 8 14 12 9 14 13 6 17 12 9 17 13 5 19 13 6 19 13 7 19 13 8 19 10
71 247 1 1 1 9 11 9
72 253 6 6 2 6 12 13 8 12 11 1 14 11 2 14 12 3 14 10 4 14 11
73 257 18 6 6 0 11 7 7 11 12 2 13 13 3 13 8 7 13 11 0 16 10 2 16 9 3 16 9 4 16 10 6 16 11 0 17 15 2 17 9 6 17 7 3 18 9 4 18 8 6 18 9 7 18 12 4 19 10
74 258 60 6 10 0 10 5 1 10 9 2 10 13 3 10 9 4 10 12 6 10 11 0 11 12 1 11 13 2 11 9 3 11 8 4 11 11 6 11 8 0 12 11 1 12 10 2 12 13 3 12 11 4 12 10 6 12 11 0 13 9 1 13 12 2 13 10 3 13 13 4 13 13 6 13 10 0 14 13 1 14 8 2 14 11 3 14 10 4 14 10 6 14 7 0 15 11 1 15 12 2 15 10 3 15 14 4 15 13 6 15 9 0 16 12 1 16 14 2 16 11 3 16 8 4 16 12 6 16 9 0 17 13 1 17 7 2 17 14 3 17 9 4 17 9 6 17 10 0 18 12 1 18 11 2 18 11 3 18 14 4 18 12 6 18 16 0 19 10 1 19 7 2 19 13 3 19 8 4 19 10 6 19 13
75 264 60 6 10 0 10 5 2 10 8 6 10 7 7 10 9 8 10 12 9 10 11 0 11 12 2 11 14 6 11 5 7 11 11 8 11 10 9 11 9 0 12 10 2 12 11 6 12 9 7 12 12 8 12 8 9 12 12 0 13 12 2 13 9 6 13 13 7 13 12 8 13 12 9 13 14 0 14 11 2 14 13 6 14 9 7 14 10 8 14 7 9 14 7 0 15 12 2 15 8 6 15 8 7 15 10 8 15 11 9 15 9 0 16 15 2 16 13 6 16 12 7 16 10 8 16 9 9 16 10 0 17 10 2 17 14 6 17 11 7 17 7 8 17 10 9 17 11 0 18 10 2 18 12 6 18 10 7 18 14 8 18 12 9 18 10 0 19 11 2 19 11 6 19 12 7 19 8 8 19 13 9 19 11
76 270 1 1 1 5 13 10
77 275 60 6 10 2 10 10 4 10 11 5 10 7 7 10 11 8 10 14 9 10 10 2 11 8 4 11 12 5 11 13 7 11 10 8 11 11 9 11 8 2 12 11 4 12 12 5 12 12 7 12 12 8 12 14 9 12 15 2 13 13 4 13 13 5 13 8 7 13 11 8 13 11 9 13 13 2 14 10 4 14 8 5 14 11 7 14 9 8 14 11 9 14 10 2 15 11 4 15 9 5 15 6 7 15 13 8 15 10 9 15 15 2 16 11 4 16 10 5 16 12 7 16 6 8 16 11 9 16 12 2 17 10 4 17 10 5 17 11 7 17 12 8 17 13 9 17 9 2 18 7 4 18 8 5 18 15 7 18 11 8 18 12 9 18 9 2 19 7 4 19 10 5 19 10 7 19 9 8 19 10 9 19 12
78 276 6 6 1 0 15 10 1 15 10 2 15 8 4 15 11 5 15 12 6 15 7
79 277 8 4 3 3 13 6 4 13 12 0 15 8 2 15 9 3 15 9 4 15 9 0 16 6 2 16 11
80 282 42 6 10 0 10 10 1 10 9 8 10 11 9 10 12 0 11 9 1 11 10 4 11 15 5 11 12 8 11 7 1 12 9 4 12 9 5 12 12 8 12 10 9 12 11 0 13 14 1 13 13 4 13 14 5 13 7 8 13 8 4 14 10 9 14 10 0 15 12 1 15 9 4 15 13 5 15 11 8 15 8 9 15 10 0 16 10 1 16 12 4 16 10 5 16 8 9 16 12 0 17 9 4 17 7 5 17 12 8 17 10 5 18 10 8 18 8 9 18 12 0 19 11 1 19 12 9 19 12
81 288 10 2 7 4 10 16 4 11 13 4 12 10 8 12 7 8 14 10 4 17 12 8 17 12 8 18 7 4 19 11 8 19 14
82 291 18 6 5 0 12 9 2 12 9 6 12 10 7 12 13 5 13 11 7 13 9 0 15 13 6 15 4 8 15 13 2 18 6 5 18 14 7 18 11 8 18 11 0 19 10 2 19 13 5 19 7 6 19 11 8 19 8
83 298 6 6 1 0 19 13 1 19 10 2 19 9 3 19 11 5 19 12 9 19 10
84 299 6 3 3 3 16 12 5 16 9 6 16 7 5 17 18 3 19 8 6 19 11
85 305 6 6 1 0 12 11 2 12 10 4 12 9 6 12 8 8 12 8 9 12 12
86 306 6 6 2 5 12 11 6 12 7 9 12 12 2 14 12 7 14 8 8 14 11
87 312 6 6 1 0 11 9 1 11 12 4 11 10 6 11 10 8 11 10 9 11 11
88 313 18 6 6 8 10 9 1 11 8 2 11 14 4 11 8 9 11 12 1 13 14 3 13 10 8 13 9 1 14 10 2 14 11 3 14 13 4 14 7 9 14 14 3 17 7 2 19 12 4 19 12 8 19 9 9 19 8
89 314 2 2 2 9 10 10 4 13 12
90 319 6 6 3 3 11 13 1 15 8 5 15 14 4 18 9 6 18 10 7 18 10
91 325 1 1 1 5 18 11
92 334 6 6 2 1 11 10 8 11 12 9 11 11 0 12 15 3 12 9 4 12 13
93 337 2 2 1 2 18 9 3 18 12
94 342 1 1 1 7 18 9
95 343 3 3 1 0 15 9 3 15 9 5 15 9
96 344 4 4 1 3 15 7 4 15 10 7 15 13 9 15 7
97 354 1 1 1 1 12 12
98 356 30 3 10 3 10 12 4 10 10 7 10 11 3 11 9 4 11 9 7 11 12 3 12 9 4 12 6 7 12 6 3 13 10 4 13 10 7 13 10 3 14 14 4 14 8 7 14 8 3 15 12 4 15 14 7 15 12 3 16 10 4 16 11 7 16 12 3 17 8 4 17 13 7 17 9 3 18 9 4 18 10 7 18 10 3 19 7 4 19 9 7 19 12
99 359 12 4 4 3 11 11 4 11 12 9 11 10 1 15 11 3 15 7 4 15 19 1 17 7 4 17 13 9 17 12 1 19 14 3 19 10 9 19 11
