20 100
0 0 1 1 1 3 14 15
1 2 20 2 10 1 10 11 4 10 11 1 11 10 4 11 12 1 12 8 4 12 10 1 13 10 4 13 11 1 14 9 4 14 8 1 15 11 4 15 11 1 16 9 4 16 9 1 17 11 4 17 10 1 18 6 4 18 10 1 19 9 4 19 10
2 4 1 1 1 0 13 9
3 8 4 4 1 2 10 9 4 10 14 5 10 12 6 10 7
4 10 5 5 1 0 14 10 5 14 6 6 14 11 7 14 12 8 14 9
5 11 6 6 2 4 15 11 5 15 11 6 15 11 1 18 9 7 18 8 8 18 14
6 13 20 2 10 6 10 10 7 10 12 6 11 11 7 11 13 6 12 12 7 12 12 6 13 10 7 13 12 6 14 11 7 14 13 6 15 7 7 15 11 6 16 11 7 16 11 6 17 9 7 17 13 6 18 12 7 18 11 6 19 11 7 19 10
7 14 2 2 2 1 15 10 6 18 13
8 17 12 6 4 2 11 9 3 11 10 4 11 13 3 12 8 6 12 10 8 12 9 2 15 12 9 15 9 4 19 10 6 19 10 8 19 11 9 19 10
9 20 5 5 2 5 17 13 1 18 10 2 18 12 6 18 11 8 18 9
10 24 24 6 7 4 10 12 5 10 7 9 10 11 1 11 13 4 11 10 9 11 10 1 13 13 8 13 12 1 14 12 4 14 12 5 14 11 6 14 12 9 14 9 4 16 9 5 16 13 6 16 12 8 16 12 1 17 10 5 17 11 6 17 10 8 17 13 9 17 9 6 18 12 8 18 6
11 27 1 1 1 4 16 10
12 28 36 6 10 0 10 11 2 10 7 6 10 9 0 11 12 5 11 11 6 11 9 7 12 13 8 12 5 0 13 9 8 13 8 0 14 12 5 14 12 6 14 12 7 14 11 8 14 10 2 15 6 5 15 6 6 15 12 7 15 10 8 15 12 0 16 7 2 16 13 6 16 11 7 16 10 8 16 10 2 17 10 5 17 12 7 17 7 8 17 10 0 18 12 2 18 12 5 18 13 6 18 8 7 18 13 2 19 9 5 19 10
13 42 24 6 7 1 11 15 8 11 12 1 12 12 3 12 12 4 12 14 5 12 11 4 13 13 5 13 13 8 13 10 1 14 11 4 14 8 8 14 13 9 14 9 3 16 12 4 16 12 5 16 7 8 16 11 9 16 10 3 17 10 5 17 7 9 17 13 1 18 8 3 18 9 9 18 10
14 43 48 6 10 0 10 10 3 10 14 4 10 12 9 10 10 0 11 12 1 11 10 3 11 10 6 11 10 9 11 13 1 12 8 3 12 13 4 12 15 6 12 8 9 12 10 0 13 10 4 13 13 6 13 9 1 14 7 3 14 9 9 14 10 0 15 8 1 15 10 3 15 10 4 15 8 6 15 12 9 15 12 0 16 11 1 16 11 4 16 6 6 16 13 9 16 10 0 17 9 1 17 12 3 17 8 4 17 11 6 17 10 9 17 10 0 18 10 1 18 14 3 18 11 4 18 12 6 18 15 0 19 6 1 19 12 3 19 13 4 19 11 6 19 8 9 19 12
15 45 2 2 1 2 15 8 4 15 12
16 46 1 1 1 3 14 10
17 47 60 6 10 0 10 9 1 10 12 2 10 12 3 10 11 5 10 11 8 10 9 0 11 10 1 11 9 2 11 11 3 11 12 5 11 9 8 11 9 0 12 11 1 12 11 2 12 12 3 12 10 5 12 8 8 12 10 0 13 14 1 13 10 2 13 11 3 13 11 5 13 8 8 13 10 0 14 10 1 14 13 2 14 15 3 14 11 5 14 13 8 14 11 0 15 9 1 15 9 2 15 11 3 15 15 5 15 9 8 15 11 0 16 12 1 16 11 2 16 11 3 16 14 5 16 9 8 16 9 0 17 10 1 17 11 2 17 9 3 17 10 5 17 11 8 17 11 0 18 9 1 18 9 2 18 12 3 18 10 5 18 11 8 18 12 0 19 11 1 19 15 2 19 10 3 19 12 5 19 12 8 19 12
18 52 4 4 1 0 18 10 5 18 13 6 18 12 9 18 7
19 57 1 1 1 6 10 9
20 59 3 3 2 2 11 11 8 11 14 7 18 10
21 67 18 6 6 1 11 14 6 11 12 1 12 10 3 12 9 8 12 9 1 14 8 3 14 10 6 15 9 7 15 10 8 15 12 9 15 8 3 16 10 7 16 9 8 16 9 9 16 7 6 17 7 7 17 7 9 17 11
22 68 1 1 1 9 18 13
23 71 1 1 1 5 12 14
24 80 5 5 1 4 14 7 5 14 9 6 14 9 8 14 5 9 14 12
25 86 3 3 1 3 18 12 4 18 14 9 18 11
26 89 18 6 5 0 10 14 1 10 9 8 10 10 6 13 12 0 16 11 1 16 10 2 16 8 4 16 11 6 16 11 8 16 10 2 17 10 4 17 10 6 17 7 0 18 11 1 18 10 2 18 9 4 18 11 8 18 13
27 90 2 2 1 3 10 7 6 10 12
28 91 60 6 10 2 10 11 3 10 10 4 10 16 6 10 9 7 10 10 9 10 15 2 11 9 3 11 10 4 11 12 6 11 6 7 11 12 9 11 13 2 12 11 3 12 13 4 12 11 6 12 10 7 12 12 9 12 12 2 13 11 3 13 12 4 13 9 6 13 14 7 13 9 9 13 11 2 14 12 3 14 11 4 14 10 6 14 12 7 14 10 9 14 13 2 15 11 3 15 12 4 15 8 6 15 10 7 15 10 9 15 8 2 16 10 3 16 13 4 16 12 6 16 11 7 16 7 9 16 11 2 17 5 3 17 11 4 17 10 6 17 13 7 17 12 9 17 11 2 18 11 3 18 9 4 18 14 6 18 10 7 18 7 9 18 9 2 19 7 3 19 12 4 19 13 6 19 10 7 19 8 9 19 12
29 95 30 3 10 1 10 11 3 10 13 9 10 9 1 11 9 3 11 12 9 11 8 1 12 13 3 12 12 9 12 11 1 13 9 3 13 10 9 13 9 1 14 10 3 14 11 9 14 9 1 15 8 3 15 10 9 15 10 1 16 9 3 16 7 9 16 10 1 17 9 3 17 10 9 17 12 1 18 14 3 18 7 9 18 8 1 19 11 3 19 9 9 19 15
30 101 3 3 1 1 15 11 2 15 11 6 15 14
31 107 18 6 6 1 10 6 2 10 10 5 10 12 7 10 8 3 11 11 3 12 15 5 12 11 9 12 9 3 14 11 5 14 11 7 14 12 1 15 12 2 15 9 7 15 10 9 15 11 1 17 10 2 17 11 9 17 11
32 114 1 1 1 7 15 13
33 120 6 6 2 8 16 11 9 16 9 0 17 13 3 17 12 6 17 9 7 17 11
34 125 60 6 10 3 10 11 4 10 12 5 10 10 6 10 8 7 10 10 8 10 8 3 11 10 4 11 12 5 11 9 6 11 10 7 11 13 8 11 13 3 12 14 4 12 11 5 12 11 6 12 12 7 12 12 8 12 8 3 13 16 4 13 11 5 13 6 6 13 11 7 13 14 8 13 14 3 14 9 4 14 12 5 14 11 6 14 9 7 14 10 8 14 10 3 15 9 4 15 12 5 15 11 6 15 10 7 15 10 8 15 12 3 16 9 4 16 9 5 16 13 6 16 11 7 16 11 8 16 11 3 17 9 4 17 13 5 17 11 6 17 13 7 17 9 8 17 7 3 18 8 4 18 9 5 18 11 6 18 9 7 18 12 8 18 11 3 19 10 4 19 10 5 19 13 6 19 11 7 19 15 8 19 8
35 127 6 6 2 2 11 12 8 11 9 1 19 8 4 19 10 7 19 10 9 19 12
36 132 60 6 10 2 10 7 3 10 12 6 10 11 7 10 14 8 10 15 9 10 11 2 11 11 3 11 10 6 11 10 7 11 11 8 11 10 9 11 11 2 12 14 3 12 12 6 12 13 7 12 10 8 12 14 9 12 11 2 13 10 3 13 10 6 13 13 7 13 10 8 13 11 9 13 11 2 14 11 3 14 9 6 14 10 7 14 11 8 14 8 9 14 9 2 15 8 3 15 8 6 15 13 7 15 9 8 15 12 9 15 14 2 16 11 3 16 10 6 16 8 7 16 8 8 16 7 9 16 10 2 17 13 3 17 8 6 17 10 7 17 12 8 17 8 9 17 14 2 18 13 3 18 12 6 18 11 7 18 12 8 18 12 9 18 10 2 19 8 3 19 7 6 19 12 7 19 10 8 19 11 9 19 12
37 135 1 1 1 0 10 8
38 137 12 6 4 0 10 12 6 10 11 8 10 9 5 15 8 9 15 11 2 17 12 9 17 14 0 18 13 2 18 10 5 18 11 6 18 12 8 18 6
39 140 6 6 3 2 10 11 1 12 13 3 12 9 6 19 11 7 19 10 9 19 13
40 146 6 3 3 5 11 12 8 11 12 6 12 12 5 19 12 6 19 13 8 19 6
41 149 24 6 6 2 10 6 3 10 11 5 10 11 7 10 12 0 12 12 2 12 9 3 12 8 5 12 12 6 12 12 0 13 10 2 13 10 6 13 10 3 15 8 5 15 10 7 15 8 0 16 12 6 16 5 7 16 11 0 18 13 2 18 12 3 18 10 5 18 11 6 18 12 7 18 9
42 155 2 2 1 1 13 12 4 13 12
43 156 6 6 2 7 10 9 9 10 10 0 14 11 1 14 11 4 14 9 8 14 8
44 159 1 1 1 9 16 10
45 160 6 6 1 3 11 11 4 11 12 5 11 8 6 11 8 7 11 14 9 11 10
46 161 60 6 10 1 10 12 2 10 12 3 10 8 4 10 11 6 10 11 9 10 14 1 11 11 2 11 14 3 11 8 4 11 11 6 11 8 9 11 10 1 12 13 2 12 12 3 12 13 4 12 9 6 12 5 9 12 11 1 13 9 2 13 9 3 13 9 4 13 8 6 13 8 9 13 14 1 14 14 2 14 10 3 14 10 4 14 13 6 14 9 9 14 12 1 15 10 2 15 12 3 15 10 4 15 14 6 15 6 9 15 9 1 16 14 2 16 9 3 16 11 4 16 8 6 16 13 9 16 9 1 17 15 2 17 10 3 17 11 4 17 11 6 17 11 9 17 11 1 18 12 2 18 12 3 18 9 4 18 13 6 18 11 9 18 10 1 19 8 2 19 12 3 19 6 4 19 12 6 19 13 9 19 13
47 163 2 2 1 1 17 10 2 17 12
48 166 12 6 5 2 12 11 5 12 11 8 12 10 7 16 12 9 16 10 0 17 6 8 17 11 0 18 12 2 18 12 7 18 13 5 19 13 9 19 13
49 167 6 6 1 0 19 12 1 19 12 2 19 10 4 19 11 6 19 10 7 19 13
50 169 18 6 6 2 11 8 6 11 10 8 11 14 9 11 10 1 14 13 2 14 11 6 14 9 8 14 10 1 15 13 2 15 15 5 15 14 1 17 11 5 17 10 8 17 11 9 17 10 6 18 11 9 18 10 5 19 11
51 170 8 4 3 2 10 12 3 10 11 7 10 10 7 14 7 9 14 7 2 16 11 3 16 12 9 16 14
52 176 12 6 3 1 13 9 4 13 13 5 13 11 7 13 10 9 13 11 5 14 10 8 14 8 1 18 11 4 18 13 7 18 11 8 18 9 9 18 11
53 177 18 6 5 6 12 8 1 15 9 2 15 11 4 15 11 5 15 11 8 15 10 2 17 12 6 17 13 1 18 14 4 18 14 5 18 10 6 18 10 8 18 10 1 19 11 2 19 11 4 19 8 5 19 13 8 19 8
54 184 1 1 1 4 14 15
55 188 10 5 4 9 13 13 3 16 14 4 16 12 0 17 11 1 17 8 3 17 13 4 17 8 0 19 11 1 19 10 9 19 12
56 189 24 6 7 2 11 11 4 11 13 6 11 7 7 11 12 2 13 13 4 13 7 6 13 11 7 13 10 1 14 8 3 14 10 4 14 10 6 14 13 3 15 10 7 15 10 1 16 13 2 16 13 3 16 8 4 16 12 7 16 9 1 17 10 2 17 12 1 19 13 3 19 14 6 19 12
57 193 18 6 5 0 10 9 5 10 6 6 10 12 1 11 5 5 11 10 7 11 8 9 11 11 6 12 10 7 12 11 9 12 12 0 14 9 1 14 13 0 15 9 1 15 10 5 15 11 6 15 10 7 15 10 9 15 12
58 198 1 1 1 4 11 8
59 204 12 6 4 2 14 11 8 14 7 3 15 9 4 15 10 8 15 10 9 15 7 5 18 12 2 19 12 3 19 11 4 19 10 5 19 8 9 19 14
60 206 2 2 1 2 17 16 5 17 11
61 208 6 6 2 1 16 9 4 16 10 9 16 9 0 19 9 3 19 11 7 19 10
62 219 3 3 1 0 11 11 1 11 9 3 11 10
63 225 6 6 1 0 12 13 2 12 8 4 12 12 6 12 12 7 12 8 9 12 12
64 229 3 3 1 2 17 12 6 17 11 9 17 10
65 231 8 4 4 2 10 8 6 10 10 5 12 10 6 12 11 2 17 14 3 17 6 5 17 11 3 18 13
66 232 6 6 2 2 17 11 3 17 7 8 17 13 9 17 12 0 18 15 5 18 12
67 235 2 2 2 4 11 8 5 19 12
68 236 10 1 10 2 10 10 2 11 8 2 12 9 2 13 13 2 14 7 2 15 6 2 16 12 2 17 12 2 18 11 2 19 11
69 238 1 1 1 7 16 11
70 245 2 2 1 1 11 13 7 11 14
71 247 3 3 1 6 13 7 8 13 12 9 13 12
72 253 5 5 1 0 14 11 4 14 11 5 14 11 8 14 7 9 14 10
73 257 60 6 10 0 10 10 4 10 9 5 10 8 7 10 7 8 10 8 9 10 10 0 11 9 4 11 11 5 11 9 7 11 15 8 11 9 9 11 11 0 12 11 4 12 8 5 12 11 7 12 8 8 12 15 9 12 9 0 13 11 4 13 11 5 13 9 7 13 11 8 13 11 9 13 9 0 14 11 4 14 9 5 14 11 7 14 10 8 14 9 9 14 16 0 15 7 4 15 11 5 15 13 7 15 5 8 15 11 9 15 8 0 16 7 4 16 5 5 16 10 7 16 5 8 16 12 9 16 11 0 17 13 4 17 10 5 17 12 7 17 11 8 17 12 9 17 4 0 18 11 4 18 9 5 18 10 7 18 11 8 18 12 9 18 11 0 19 8 4 19 11 5 19 11 7 19 9 8 19 9 9 19 9
74 258 12 6 3 0 12 11 2 12 8 3 12 11 5 12 8 7 12 8 8 12 11 2 13 11 3 13 9 5 13 12 7 13 9 0 14 11 8 14 11
75 264 18 6 5 1 11 10 2 11 9 5 11 14 0 13 7 2 13 8 7 13 13 5 14 11 6 14 15 7 14 13 0 17 8 1 17 8 5 17 10 6 17 6 0 19 11 1 19 12 2 19 13 6 19 10 7 19 11
76 270 6 6 3 3 14 12 5 14 11 7 14 12 0 15 10 9 15 15 2 16 10
77 275 4 4 1 0 12 12 3 12 13 4 12 12 7 12 11
78 276 6 6 2 0 13 14 7 13 14 9 13 11 1 16 9 4 16 14 6 16 14
79 277 2 2 1 2 18 11 4 18 8
80 282 50 5 10 3 10 5 5 10 7 6 10 9 8 10 7 9 10 11 3 11 12 5 11 12 6 11 13 8 11 10 9 11 12 3 12 10 5 12 7 6 12 11 8 12 10 9 12 10 3 13 8 5 13 11 6 13 7 8 13 16 9 13 10 3 14 7 5 14 9 6 14 9 8 14 13 9 14 13 3 15 15 5 15 8 6 15 10 8 15 9 9 15 9 3 16 10 5 16 7 6 16 9 8 16 11 9 16 13 3 17 10 5 17 8 6 17 13 8 17 9 9 17 9 3 18 8 5 18 8 6 18 8 8 18 9 9 18 12 3 19 8 5 19 12 6 19 11 8 19 15 9 19 12
81 288 4 4 2 0 13 12 2 13 9 8 13 9 1 18 12
82 291 2 2 1 1 19 13 2 19 12
83 298 2 2 1 5 16 12 9 16 9
84 299 1 1 1 4 16 11
85 305 18 6 5 0 10 8 1 10 12 5 10 7 7 10 8 9 10 11 1 11 11 4 11 9 0 16 11 4 16 10 5 16 13 7 16 10 9 16 9 0 18 9 7 18 7 9 18 11 1 19 9 4 19 10 5 19 10
86 306 1 1 1 9 10 9
87 312 6 6 1 1 17 13 3 17 13 4 17 8 5 17 6 8 17 9 9 17 7
88 313 6 6 1 0 17 9 1 17 10 2 17 12 6 17 9 7 17 11 8 17 8
89 314 60 6 10 2 10 10 3 10 8 5 10 7 6 10 9 8 10 12 9 10 11 2 11 9 3 11 12 5 11 11 6 11 12 8 11 9 9 11 14 2 12 13 3 12 17 5 12 8 6 12 13 8 12 9 9 12 9 2 13 9 3 13 10 5 13 12 6 13 13 8 13 9 9 13 13 2 14 8 3 14 10 5 14 13 6 14 14 8 14 12 9 14 9 2 15 12 3 15 10 5 15 6 6 15 11 8 15 8 9 15 12 2 16 13 3 16 12 5 16 11 6 16 12 8 16 10 9 16 10 2 17 8 3 17 13 5 17 9 6 17 12 8 17 12 9 17 10 2 18 10 3 18 12 5 18 14 6 18 10 8 18 8 9 18 10 2 19 11 3 19 12 5 19 9 6 19 10 8 19 11 9 19 12
90 319 20 2 10 4 10 13 7 10 7 4 11 16 7 11 11 4 12 11 7 12 10 4 13 10 7 13 12 4 14 9 7 14 9 4 15 13 7 15 8 4 16 10 7 16 10 4 17 13 7 17 10 4 18 11 7 18 12 4 19 10 7 19 11
91 325 3 3 1 0 17 13 4 17 9 6 17 14
92 334 2 2 1 0 12 10 9 12 11
93 337 6 3 3 3 10 14 6 10 8 8 10 11 8 17 15 3 19 12 6 19 13
94 342 12 6 4 1 12 10 1 14 9 2 14 13 6 14 11 9 14 12 0 15 9 7 15 10 9 15 10 0 17 10 2 17 13 6 17 10 7 17 14
95 343 3 3 1 2 19 14 5 19 10 6 19 9
96 344 30 3 10 3 10 11 4 10 7 6 10 13 3 11 14 4 11 10 6 11 10 3 12 11 4 12 9 6 12 10 3 13 10 4 13 8 6 13 12 3 14 12 4 14 8 6 14 11 3 15 6 4 15 10 6 15 15 3 16 7 4 16 8 6 16 10 3 17 13 4 17 9 6 17 10 3 18 13 4 18 9 6 18 11 3 19 7 4 19 10 6 19 14
97 354 12 6 4 1 10 10 9 10 13 0 14 5 3 14 12 4 14 6 3 15 9 4 15 10 5 15 10 0 19 11 1 19 12 5 19 11 9 19 12
98 356 3 3 2 5 11 9 2 19 10 8 19 11
99 359 6 6 1 1 11 11 2 11 11 5 11 11 6 11 12 7 11 8 9 11 17
