20 100
0 0 1 1 1 5 15 8
1 2 10 1 10 1 10 8 1 11 12 1 12 11 1 13 11 1 14 11 1 15 10 1 16 11 1 17 11 1 18 9 1 19 9
2 4 3 3 1 2 11 14 4 11 12 9 11 8
3 8 18 6 5 2 13 11 6 13 10 7 13 8 8 13 10 9 13 13 3 14 13 6 14 10 8 14 13 9 14 12 2 15 15 3 15 11 2 16 10 3 16 10 7 16 10 6 19 10 7 19 7 8 19 9 9 19 12
4 10 24 6 6 0 10 10 1 10 12 5 10 11 6 10 12 7 10 8 9 10 12 0 12 8 5 12 10 6 12 12 9 12 8 1 13 11 5 13 13 6 13 11 7 13 10 0 15 12 5 15 11 7 15 11 9 15 14 0 16 9 1 16 9 6 16 7 9 16 7 1 18 7 7 18 13
5 11 18 6 6 6 10 10 8 10 12 1 12 8 2 12 11 3 12 11 6 12 10 0 14 9 3 14 11 6 14 10 2 16 10 8 16 10 0 17 11 1 17 13 3 17 9 8 17 10 0 18 10 1 18 8 2 18 10
6 13 18 6 5 1 11 13 4 11 11 6 11 11 0 12 7 1 12 12 2 12 10 4 12 10 5 14 12 6 14 13 0 15 7 1 15 11 2 15 13 5 15 9 6 15 11 0 19 9 2 19 6 4 19 12 5 19 11
7 14 36 6 10 0 10 8 5 10 11 9 10 10 3 11 9 5 11 10 8 11 15 9 11 12 0 12 12 3 12 14 7 12 13 8 12 5 9 12 8 0 13 13 8 13 10 9 13 12 3 14 8 7 14 9 3 15 13 5 15 12 9 15 12 0 16 10 3 16 12 7 16 14 3 17 13 5 17 10 7 17 15 8 17 13 9 17 8 0 18 12 5 18 11 7 18 9 8 18 11 0 19 12 5 19 11 7 19 10 8 19 13
8 17 10 1 10 9 10 12 9 11 9 9 12 8 9 13 10 9 14 11 9 15 12 9 16 13 9 17 10 9 18 7 9 19 7
9 20 12 6 3 2 11 13 4 11 9 5 11 11 8 11 13 0 12 10 1 12 8 2 12 9 0 17 7 1 17 15 4 17 11 5 17 13 8 17 15
10 24 36 6 10 5 10 9 6 10 9 9 10 10 2 11 11 3 11 9 6 11 11 9 11 9 0 12 8 5 12 10 6 12 11 9 12 11 0 13 15 3 13 7 5 13 12 6 13 12 0 14 10 2 14 9 3 14 8 0 15 13 5 15 7 9 15 11 2 16 10 3 16 11 5 16 8 2 17 9 9 17 11 0 18 11 2 18 9 3 18 10 5 18 11 6 18 9 0 19 11 2 19 15 3 19 9 6 19 11 9 19 11
11 27 4 4 2 2 11 13 3 11 10 8 11 8 9 19 12
12 28 30 3 10 0 10 9 4 10 8 5 10 9 0 11 11 4 11 10 5 11 10 0 12 14 4 12 13 5 12 9 0 13 13 4 13 13 5 13 11 0 14 12 4 14 11 5 14 9 0 15 9 4 15 9 5 15 7 0 16 6 4 16 10 5 16 12 0 17 8 4 17 9 5 17 12 0 18 8 4 18 11 5 18 11 0 19 9 4 19 11 5 19 8
13 42 2 2 1 0 15 10 4 15 7
14 43 5 5 1 2 15 10 5 15 11 7 15 11 8 15 15 9 15 11
15 45 10 5 4 0 10 13 2 10 15 6 10 11 9 10 14 6 15 12 9 15 10 2 16 12 7 16 10 0 19 10 7 19 10
16 46 12 6 3 0 12 11 2 12 7 4 12 12 5 12 7 0 16 12 2 16 11 3 16 11 5 16 9 7 16 12 3 18 6 4 18 12 7 18 9
17 47 1 1 1 0 15 11
18 52 12 6 3 1 14 10 2 14 10 3 14 13 6 14 11 8 14 11 0 16 11 1 16 11 2 16 8 8 16 9 0 18 10 3 18 8 6 18 10
19 57 20 2 10 2 10 12 5 10 15 2 11 14 5 11 12 2 12 13 5 12 10 2 13 9 5 13 10 2 14 12 5 14 13 2 15 13 5 15 11 2 16 10 5 16 12 2 17 10 5 17 11 2 18 9 5 18 10 2 19 9 5 19 9
20 59 50 5 10 2 10 11 3 10 10 4 10 12 5 10 9 8 10 12 2 11 12 3 11 13 4 11 12 5 11 12 8 11 13 2 12 9 3 12 13 4 12 12 5 12 10 8 12 13 2 13 9 3 13 12 4 13 11 5 13 10 8 13 8 2 14 10 3 14 10 4 14 10 5 14 11 8 14 5 2 15 11 3 15 11 4 15 10 5 15 13 8 15 14 2 16 12 3 16 7 4 16 6 5 16 15 8 16 11 2 17 9 3 17 9 4 17 10 5 17 10 8 17 11 2 18 9 3 18 7 4 18 10 5 18 11 8 18 10 2 19 11 3 19 9 4 19 8 5 19 8 8 19 10
21 67 2 2 1 6 13 11 8 13 13
22 68 30 3 10 4 10 12 6 10 13 9 10 13 4 11 11 6 11 14 9 11 12 4 12 11 6 12 13 9 12 11 4 13 12 6 13 12 9 13 8 4 14 6 6 14 11 9 14 14 4 15 12 6 15 12 9 15 12 4 16 10 6 16 14 9 16 11 4 17 8 6 17 10 9 17 9 4 18 12 6 18 13 9 18 10 4 19 11 6 19 14 9 19 8
23 71 18 6 5 1 13 5 8 13 10 1 14 10 5 14 9 6 14 9 1 16 12 2 16 10 5 16 11 6 16 13 7 16 10 2 18 13 6 18 9 7 18 9 8 18 11 2 19 11 5 19 10 7 19 9 8 19 10
24 80 6 6 1 1 18 9 2 18 14 5 18 12 7 18 12 8 18 9 9 18 10
25 86 12 6 3 3 10 8 4 10 13 5 10 9 6 10 10 8 10 11 3 12 14 7 12 11 8 12 11 4 13 10 5 13 14 6 13 10 7 13 8
26 89 3 3 1 0 16 13 2 16 12 4 16 11
27 90 18 6 5 0 10 8 2 10 10 5 10 9 6 10 14 5 13 10 6 13 10 9 13 12 0 16 9 2 16 11 4 16 11 4 17 11 5 17 11 6 17 11 9 17 10 0 18 13 2 18 11 4 18 9 9 18 11
28 91 6 6 1 1 10 9 2 10 9 5 10 11 6 10 12 7 10 10 9 10 13
29 95 1 1 1 3 18 8
30 101 24 6 6 1 10 9 2 10 8 5 10 11 1 14 9 2 14 11 3 14 11 4 14 12 5 14 14 8 14 9 1 15 10 3 15 9 4 15 7 8 15 12 1 16 13 2 16 13 4 16 8 5 16 13 2 18 11 3 18 8 4 18 13 5 18 11 8 18 11 3 19 12 8 19 14
31 107 8 4 3 0 11 15 5 11 12 1 15 10 2 15 14 5 15 9 0 17 8 1 17 11 2 17 7
32 114 1 1 1 9 17 10
33 120 4 4 1 0 13 11 2 13 10 3 13 12 6 13 11
34 125 6 6 1 2 17 9 4 17 10 5 17 12 6 17 11 7 17 12 8 17 10
35 127 6 6 1 0 15 8 1 15 13 3 15 10 4 15 11 7 15 11 8 15 13
36 132 6 3 3 2 11 11 3 11 13 5 17 11 2 18 11 3 18 10 5 18 13
37 135 50 5 10 0 10 11 4 10 11 6 10 10 7 10 10 8 10 11 0 11 11 4 11 9 6 11 11 7 11 8 8 11 12 0 12 15 4 12 11 6 12 11 7 12 9 8 12 10 0 13 11 4 13 7 6 13 12 7 13 11 8 13 9 0 14 13 4 14 13 6 14 8 7 14 9 8 14 8 0 15 11 4 15 13 6 15 11 7 15 11 8 15 11 0 16 11 4 16 11 6 16 15 7 16 12 8 16 9 0 17 10 4 17 13 6 17 9 7 17 10 8 17 10 0 18 8 4 18 11 6 18 9 7 18 10 8 18 12 0 19 12 4 19 11 6 19 10 7 19 12 8 19 9
38 137 1 1 1 6 10 11
39 140 6 6 1 0 16 9 1 16 11 2 16 10 3 16 7 5 16 11 7 16 10
40 146 18 6 6 3 10 8 6 10 12 8 10 8 0 12 11 2 12 10 3 12 7 0 13 11 2 13 15 3 14 8 6 14 12 7 14 10 0 17 12 7 17 11 8 17 11 2 18 10 6 18 10 7 18 11 8 18 11
41 149 2 2 1 0 19 12 3 19 11
42 155 1 1 1 5 17 9
43 156 6 3 3 3 16 15 9 16 12 0 18 10 3 18 12 9 18 12 0 19 12
44 159 3 3 1 1 14 7 7 14 10 8 14 10
45 160 24 6 7 0 10 9 6 10 12 8 10 11 0 11 10 6 11 14 0 12 11 2 12 10 5 12 7 6 12 10 0 14 10 3 14 11 5 14 13 6 14 11 2 15 10 3 15 9 5 15 10 8 15 10 2 16 10 3 16 10 5 16 10 8 16 9 2 17 7 3 17 12 8 17 9
46 161 2 2 1 0 11 10 4 11 13
47 163 10 2 7 6 10 11 1 11 11 6 12 11 1 15 8 6 15 12 1 16 9 6 16 12 1 18 12 1 19 14 6 19 11
48 166 20 2 10 0 10 11 3 10 12 0 11 12 3 11 11 0 12 11 3 12 9 0 13 10 3 13 10 0 14 13 3 14 12 0 15 9 3 15 9 0 16 9 3 16 16 0 17 13 3 17 11 0 18 11 3 18 6 0 19 14 3 19 13
49 167 18 6 5 2 11 10 9 11 6 0 12 11 3 12 8 6 12 11 0 15 11 2 15 10 3 15 11 4 15 10 9 15 14 0 16 10 4 16 13 6 16 11 9 16 15 2 18 13 3 18 12 4 18 11 6 18 10
50 169 2 2 1 3 10 13 7 10 11
51 170 6 6 1 0 10 11 1 10 11 2 10 15 3 10 10 4 10 7 9 10 12
52 176 18 6 5 2 10 13 4 10 10 8 10 15 0 11 11 1 11 11 0 16 12 1 16 12 2 16 10 4 16 8 8 16 11 9 16 10 0 18 12 1 18 10 2 18 10 4 18 9 8 18 8 9 18 13 9 19 14
53 177 1 1 1 3 10 10
54 184 3 3 1 2 10 12 8 10 15 9 10 11
55 188 24 6 7 0 10 9 3 10 7 4 10 9 7 10 8 2 11 8 3 11 13 6 11 10 7 11 11 2 12 9 4 12 11 6 12 10 2 13 8 4 13 9 7 13 8 0 16 12 3 16 7 6 16 11 7 16 13 0 18 15 3 18 14 6 18 14 0 19 10 2 19 10 4 19 9
56 189 12 6 4 8 10 10 0 12 12 3 12 13 4 12 11 5 12 9 6 12 9 8 12 11 0 16 8 3 16 7 6 16 12 4 17 11 5 17 8
57 193 12 6 4 3 10 12 4 10 12 7 11 10 1 16 10 3 16 9 4 16 11 6 16 12 8 16 13 1 17 9 6 17 11 7 17 11 8 17 11
58 198 30 3 10 4 10 10 7 10 11 8 10 15 4 11 11 7 11 13 8 11 10 4 12 8 7 12 9 8 12 9 4 13 9 7 13 11 8 13 11 4 14 9 7 14 10 8 14 13 4 15 11 7 15 10 8 15 12 4 16 9 7 16 10 8 16 10 4 17 12 7 17 12 8 17 13 4 18 8 7 18 11 8 18 9 4 19 13 7 19 9 8 19 12
59 204 6 6 1 0 15 12 1 15 11 2 15 11 6 15 7 7 15 8 9 15 10
60 206 6 6 1 0 15 10 2 15 11 3 15 11 5 15 14 8 15 8 9 15 11
61 208 1 1 1 5 14 9
62 219 6 6 1 2 13 13 3 13 10 4 13 10 6 13 8 8 13 11 9 13 8
63 225 3 3 1 0 16 10 1 16 15 2 16 10
64 229 2 2 1 3 11 11 9 11 6
65 231 10 1 10 9 10 8 9 11 8 9 12 7 9 13 9 9 14 11 9 15 13 9 16 12 9 17 9 9 18 8 9 19 8
66 232 12 6 3 1 10 9 4 10 13 6 10 9 8 10 12 0 13 13 1 13 9 4 13 10 6 13 11 7 13 9 8 13 11 0 17 11 7 17 13
67 235 4 4 1 0 16 9 3 16 8 6 16 9 8 16 12
68 236 2 2 1 2 13 10 6 13 11
69 238 2 2 1 1 17 9 2 17 8
70 245 12 6 4 0 10 11 7 10 13 9 10 9 0 11 11 3 11 12 7 11 8 9 11 10 5 16 13 6 16 10 3 18 13 5 18 12 6 18 10
71 247 2 2 2 1 15 10 5 18 12
72 253 2 2 1 1 14 11 7 14 12
73 257 1 1 1 3 11 8
74 258 12 6 4 2 14 7 8 14 11 9 14 7 3 17 12 5 17 10 9 17 11 3 18 10 4 18 11 5 18 11 2 19 8 4 19 10 8 19 12
75 264 1 1 1 7 16 13
76 270 2 2 1 7 18 11 9 18 10
77 275 15 5 6 1 11 9 2 11 14 6 11 12 0 12 13 2 12 13 7 12 10 6 13 11 7 13 11 1 15 8 7 15 11 0 16 13 2 16 7 6 16 12 0 19 8 1 19 18
78 276 24 6 7 1 10 9 3 10 10 4 10 10 6 10 8 7 10 8 2 11 6 4 11 11 7 11 10 1 12 13 2 12 16 4 13 9 6 13 11 7 13 13 2 14 11 3 14 11 1 17 13 3 17 8 6 17 10 1 18 10 2 18 9 3 18 11 4 18 10 6 18 8 7 18 10
79 277 2 2 2 6 15 8 7 16 12
80 282 2 2 2 9 15 14 5 16 10
81 288 60 6 10 0 10 6 2 10 7 3 10 9 5 10 11 8 10 9 9 10 11 0 11 11 2 11 11 3 11 11 5 11 10 8 11 8 9 11 11 0 12 7 2 12 9 3 12 11 5 12 8 8 12 13 9 12 8 0 13 7 2 13 14 3 13 8 5 13 11 8 13 12 9 13 9 0 14 12 2 14 8 3 14 11 5 14 11 8 14 12 9 14 8 0 15 9 2 15 8 3 15 11 5 15 10 8 15 7 9 15 13 0 16 7 2 16 11 3 16 11 5 16 11 8 16 11 9 16 12 0 17 10 2 17 10 3 17 14 5 17 9 8 17 12 9 17 10 0 18 9 2 18 8 3 18 9 5 18 11 8 18 8 9 18 8 0 19 9 2 19 8 3 19 11 5 19 12 8 19 10 9 19 7
82 291 12 6 4 0 13 8 2 13 15 8 13 12 9 13 6 0 17 12 2 17 10 3 17 10 6 17 13 8 17 8 3 18 7 6 18 13 9 19 12
83 298 4 4 1 3 19 9 5 19 10 7 19 8 8 19 13
84 299 6 3 3 4 14 10 6 14 11 7 14 5 6 15 11 4 18 9 7 18 13
85 305 60 6 10 0 10 10 1 10 8 3 10 13 4 10 11 6 10 10 9 10 14 0 11 12 1 11 11 3 11 9 4 11 11 6 11 9 9 11 10 0 12 12 1 12 11 3 12 9 4 12 13 6 12 7 9 12 10 0 13 11 1 13 8 3 13 10 4 13 12 6 13 10 9 13 5 0 14 12 1 14 7 3 14 10 4 14 14 6 14 10 9 14 11 0 15 8 1 15 11 3 15 9 4 15 11 6 15 11 9 15 12 0 16 7 1 16 12 3 16 12 4 16 10 6 16 11 9 16 14 0 17 10 1 17 10 3 17 12 4 17 11 6 17 10 9 17 9 0 18 11 1 18 14 3 18 12 4 18 15 6 18 12 9 18 8 0 19 10 1 19 10 3 19 9 4 19 8 6 19 11 9 19 11
86 306 60 6 10 0 10 7 1 10 10 2 10 10 3 10 8 5 10 10 7 10 9 0 11 12 1 11 9 2 11 12 3 11 13 5 11 12 7 11 13 0 12 10 1 12 11 2 12 9 3 12 11 5 12 11 7 12 14 0 13 8 1 13 8 2 13 13 3 13 12 5 13 9 7 13 12 0 14 10 1 14 10 2 14 10 3 14 12 5 14 11 7 14 12 0 15 13 1 15 9 2 15 11 3 15 9 5 15 11 7 15 7 0 16 10 1 16 9 2 16 12 3 16 10 5 16 9 7 16 9 0 17 10 1 17 8 2 17 11 3 17 10 5 17 8 7 17 8 0 18 8 1 18 10 2 18 11 3 18 8 5 18 10 7 18 10 0 19 11 1 19 9 2 19 8 3 19 11 5 19 12 7 19 12
87 312 1 1 1 6 15 9
88 313 24 6 7 4 10 7 5 10 11 5 11 13 6 11 14 7 11 13 9 11 9 6 12 11 8 12 12 9 12 7 6 14 9 8 14 9 9 14 10 4 15 11 7 15 7 8 15 8 9 15 9 4 18 11 5 18 10 7 18 12 4 19 13 5 19 8 6 19 8 7 19 11 8 19 8
89 314 1 1 1 4 17 11
90 319 1 1 1 5 10 14
91 325 4 4 1 0 12 12 4 12 12 8 12 9 9 12 9
92 334 4 4 1 1 15 13 2 15 11 4 15 8 7 15 14
93 337 1 1 1 0 15 9
94 342 18 6 6 2 12 11 4 12 10 6 12 10 1 13 12 2 13 10 4 15 13 6 15 14 7 15 10 7 16 13 8 16 13 1 17 12 2 17 10 6 17 12 7 17 9 8 17 12 1 18 12 4 18 9 8 18 11
95 343 1 1 1 8 19 12
96 344 3 3 1 0 14 8 4 14 13 7 14 8
97 354 6 6 1 0 10 8 2 10 12 4 10 8 6 10 10 8 10 9 9 10 8
98 356 5 5 1 0 15 9 3 15 13 5 15 7 7 15 12 9 15 11
99 359 1 1 1 9 13 9
