20 100
0 0 6 6 1 0 11 10 1 11 7 2 11 10 3 11 12 8 11 12 9 11 11
1 2 6 6 2 3 14 11 4 14 7 1 15 11 2 15 10 6 15 9 9 15 9
2 4 6 6 3 0 13 11 6 13 12 3 15 8 5 15 7 7 18 9 9 18 9
3 8 18 6 6 0 10 10 2 10 9 5 10 11 6 10 12 9 10 11 0 11 14 6 11 11 9 11 13 2 15 7 7 15 7 9 15 10 0 16 7 5 16 9 5 17 11 7 17 12 2 18 9 6 18 14 7 18 15
4 10 4 4 1 3 18 11 6 18 14 7 18 7 9 18 14
5 11 6 6 1 0 11 14 1 11 8 2 11 12 4 11 13 5 11 12 6 11 13
6 13 60 6 10 0 10 9 2 10 11 3 10 12 4 10 9 7 10 14 8 10 10 0 11 10 2 11 11 3 11 11 4 11 10 7 11 10 8 11 10 0 12 8 2 12 14 3 12 10 4 12 12 7 12 10 8 12 11 0 13 12 2 13 14 3 13 13 4 13 13 7 13 10 8 13 11 0 14 10 2 14 10 3 14 12 4 14 10 7 14 14 8 14 11 0 15 9 2 15 12 3 15 11 4 15 9 7 15 11 8 15 8 0 16 11 2 16 12 3 16 13 4 16 10 7 16 11 8 16 11 0 17 8 2 17 9 3 17 11 4 17 8 7 17 17 8 17 11 0 18 12 2 18 11 3 18 11 4 18 9 7 18 8 8 18 11 0 19 9 2 19 11 3 19 10 4 19 11 7 19 13 8 19 10
7 14 3 3 2 7 14 13 0 18 10 4 18 12
8 17 3 3 1 1 17 12 2 17 14 8 17 13
9 20 6 3 3 3 11 8 3 18 14 4 18 12 7 18 12 4 19 15 7 19 9
10 24 6 6 1 0 12 8 2 12 9 3 12 10 5 12 9 8 12 11 9 12 11
11 27 30 6 10 0 10 8 1 10 11 2 10 13 6 10 12 0 11 12 1 11 13 7 11 14 0 12 11 5 12 8 6 12 7 1 13 10 6 13 9 7 14 9 0 15 10 2 15 10 7 15 8 1 16 12 2 16 10 5 16 13 6 16 10 7 16 10 1 17 9 5 17 8 6 17 11 7 17 11 2 18 6 5 18 11 0 19 11 2 19 12 5 19 15
12 28 4 4 1 0 19 8 1 19 9 7 19 12 8 19 13
13 42 18 6 5 1 11 6 2 11 13 3 11 9 4 11 7 1 12 4 3 12 12 4 12 6 6 12 12 2 14 11 3 14 13 5 14 10 2 15 8 5 15 11 6 15 13 1 17 9 4 17 10 5 17 12 6 17 11
14 43 12 6 4 0 10 11 1 10 11 3 10 10 6 10 12 9 10 8 9 13 10 0 15 11 4 15 9 6 15 11 1 18 7 3 18 9 4 18 11
15 45 18 3 9 5 10 7 0 11 9 5 11 12 9 11 12 0 12 8 5 12 9 9 12 12 5 13 11 9 13 8 5 14 13 9 14 11 0 15 11 9 15 10 0 16 9 0 17 9 5 17 8 9 17 8 0 19 10
16 46 6 6 2 0 10 10 3 10 11 5 10 11 2 19 12 6 19 10 8 19 10
17 47 2 2 1 6 12 9 9 12 12
18 52 6 6 1 0 16 12 1 16 12 3 16 11 4 16 10 5 16 11 9 16 12
19 57 60 6 10 0 10 7 2 10 9 4 10 10 5 10 9 6 10 12 9 10 12 0 11 10 2 11 12 4 11 14 5 11 8 6 11 10 9 11 10 0 12 7 2 12 15 4 12 9 5 12 11 6 12 11 9 12 8 0 13 9 2 13 11 4 13 13 5 13 10 6 13 8 9 13 12 0 14 11 2 14 12 4 14 7 5 14 13 6 14 5 9 14 11 0 15 13 2 15 11 4 15 9 5 15 8 6 15 9 9 15 12 0 16 9 2 16 9 4 16 10 5 16 13 6 16 10 9 16 9 0 17 11 2 17 11 4 17 11 5 17 9 6 17 10 9 17 11 0 18 8 2 18 11 4 18 11 5 18 11 6 18 12 9 18 9 0 19 6 2 19 8 4 19 10 5 19 12 6 19 12 9 19 9
20 59 2 2 2 9 10 8 0 14 9
21 67 60 6 10 1 10 9 2 10 10 3 10 11 4 10 10 6 10 12 9 10 13 1 11 12 2 11 12 3 11 14 4 11 9 6 11 11 9 11 10 1 12 11 2 12 8 3 12 9 4 12 13 6 12 9 9 12 11 1 13 10 2 13 6 3 13 8 4 13 11 6 13 10 9 13 12 1 14 9 2 14 9 3 14 11 4 14 13 6 14 10 9 14 9 1 15 12 2 15 8 3 15 8 4 15 12 6 15 12 9 15 11 1 16 12 2 16 11 3 16 10 4 16 10 6 16 11 9 16 13 1 17 15 2 17 7 3 17 9 4 17 12 6 17 14 9 17 8 1 18 10 2 18 11 3 18 12 4 18 11 6 18 14 9 18 11 1 19 7 2 19 11 3 19 11 4 19 10 6 19 11 9 19 9
22 68 18 6 5 0 10 7 4 10 13 8 10 9 9 11 11 0 13 11 3 13 10 5 13 12 9 13 13 0 14 10 3 14 12 4 14 12 5 14 10 8 14 11 3 17 13 4 17 11 5 17 8 8 17 13 9 17 9
23 71 18 6 6 0 10 12 5 10 13 2 12 10 7 12 10 9 12 7 2 14 10 6 14 8 7 14 8 0 16 10 6 16 8 9 16 14 5 17 12 0 18 9 2 18 13 5 18 10 6 18 10 7 18 8 9 18 9
24 80 1 1 1 7 19 10
25 86 1 1 1 6 10 8
26 89 24 6 7 0 11 12 8 11 8 9 11 10 0 12 8 2 12 12 5 12 9 7 12 13 8 12 9 9 12 7 2 13 12 5 13 8 8 13 10 5 15 12 7 15 10 0 16 13 2 16 7 7 16 11 8 18 8 9 18 11 0 19 12 2 19 15 5 19 8 7 19 12 9 19 7
27 90 3 3 2 1 12 12 2 15 12 3 15 9
28 91 6 6 2 4 10 13 6 10 12 8 10 11 0 12 9 5 12 11 9 12 7
29 95 6 2 5 4 12 14 1 14 11 4 14 12 1 15 10 1 16 10 4 19 10
30 101 2 2 1 1 14 9 3 14 12
31 107 1 1 1 0 14 10
32 114 1 1 1 6 14 16
33 120 24 6 7 0 11 9 1 11 5 4 11 10 5 11 6 6 11 13 0 12 10 1 12 10 4 12 10 7 12 10 4 13 11 5 13 11 1 14 13 4 14 11 5 14 14 0 16 12 5 16 10 6 16 11 7 16 8 0 17 8 6 17 8 7 17 10 1 19 12 6 19 9 7 19 11
34 125 12 6 4 0 10 12 2 10 9 4 10 14 5 10 13 8 10 12 9 10 9 2 16 11 4 16 9 9 16 14 0 17 11 5 19 12 8 19 12
35 127 1 1 1 6 12 9
36 132 6 6 2 0 10 10 1 10 11 4 10 10 5 10 9 6 10 9 9 14 12
37 135 6 6 1 0 11 12 1 11 7 3 11 14 4 11 14 7 11 13 9 11 10
38 137 24 3 10 5 10 10 8 10 12 5 11 14 8 11 10 9 11 9 5 12 10 8 12 9 9 12 10 5 13 9 8 13 10 9 13 16 5 14 14 8 14 9 9 14 10 9 15 11 8 16 9 9 16 11 5 17 8 9 17 10 5 18 9 8 18 11 5 19 13 8 19 7 9 19 12
39 140 6 6 2 1 17 8 6 17 12 0 19 10 2 19 15 7 19 11 8 19 9
40 146 18 6 6 2 10 12 3 10 9 4 10 7 7 13 11 1 14 11 3 14 9 4 14 12 2 15 9 4 15 5 5 15 11 7 15 11 1 17 11 2 17 11 3 17 11 5 17 8 1 19 11 5 19 8 7 19 13
41 149 2 2 2 1 13 11 9 17 10
42 155 2 2 2 6 15 11 8 18 11
43 156 8 4 3 4 10 10 2 18 10 5 18 15 9 18 9 2 19 11 4 19 11 5 19 12 9 19 12
44 159 6 6 2 1 10 14 4 10 11 5 10 8 8 10 14 7 15 9 9 15 12
45 160 4 4 1 1 14 6 2 14 13 6 14 8 9 14 12
46 161 3 3 1 4 18 13 6 18 12 8 18 9
47 163 6 3 3 1 10 10 7 10 9 0 14 12 1 14 9 7 14 11 0 16 13
48 166 1 1 1 1 16 10
49 167 8 4 3 0 13 12 1 13 9 4 13 11 9 13 14 1 16 9 9 16 12 0 19 10 4 19 9
50 169 6 3 2 1 15 12 4 15 14 8 15 9 1 17 12 4 17 8 8 17 12
51 170 6 6 1 0 15 7 1 15 13 2 15 11 3 15 10 5 15 10 7 15 9
52 176 3 3 1 2 18 11 4 18 10 6 18 11
53 177 12 6 4 0 10 8 8 10 12 1 12 7 4 12 7 7 12 13 8 12 11 9 16 14 0 17 11 1 17 11 4 17 11 7 17 11 9 17 11
54 184 18 6 6 1 10 9 7 10 10 8 10 12 0 11 9 8 11 7 9 11 11 1 14 11 2 14 13 7 14 12 2 17 10 9 17 9 0 18 14 7 18 8 8 18 8 0 19 9 1 19 14 2 19 10 9 19 8
55 188 3 3 1 1 10 10 2 10 8 5 10 8
56 189 24 6 7 2 10 10 3 10 7 0 11 14 3 11 11 4 11 10 8 11 12 9 11 10 0 12 11 2 12 15 3 12 10 4 12 11 8 12 9 0 14 12 2 14 14 9 14 12 8 15 10 9 15 8 0 17 6 4 17 9 9 17 8 2 18 13 3 18 9 4 18 10 8 18 13
57 193 3 3 1 0 13 11 3 13 11 6 13 12
58 198 6 6 1 0 13 12 2 13 9 3 13 11 6 13 8 7 13 11 9 13 11
59 204 8 4 4 4 10 10 8 10 10 3 13 7 8 13 11 1 16 12 1 19 11 3 19 13 4 19 9
60 206 2 2 1 1 12 11 3 12 9
61 208 12 6 5 3 10 8 5 10 9 6 10 10 9 10 11 3 11 9 6 11 11 8 11 15 9 11 10 4 13 11 4 15 11 8 15 14 5 16 10
62 219 2 2 2 1 13 10 9 15 12
63 225 6 3 3 0 10 10 6 10 5 1 13 11 6 13 11 0 18 14 1 18 10
64 229 2 2 1 1 15 7 8 15 10
65 231 1 1 1 7 12 11
66 232 1 1 1 0 17 10
67 235 1 1 1 8 17 11
68 236 40 4 10 4 10 10 5 10 11 8 10 9 9 10 12 4 11 15 5 11 11 8 11 11 9 11 10 4 12 11 5 12 10 8 12 10 9 12 10 4 13 13 5 13 10 8 13 12 9 13 11 4 14 11 5 14 9 8 14 10 9 14 10 4 15 10 5 15 10 8 15 6 9 15 5 4 16 13 5 16 10 8 16 12 9 16 12 4 17 13 5 17 9 8 17 13 9 17 10 4 18 13 5 18 10 8 18 8 9 18 9 4 19 11 5 19 11 8 19 9 9 19 10
69 238 3 3 2 1 10 13 9 10 10 7 14 11
70 245 6 6 1 1 13 11 2 13 10 3 13 11 6 13 11 7 13 6 9 13 9
71 247 2 2 1 0 18 7 9 18 10
72 253 2 2 1 1 10 9 9 10 11
73 257 2 2 1 2 19 9 9 19 10
74 258 24 6 7 3 10 10 5 10 15 6 10 10 9 10 11 3 11 7 5 11 11 9 11 9 2 12 9 5 12 9 6 12 10 0 13 9 2 13 9 3 13 10 6 13 11 0 14 8 2 14 7 3 14 10 9 14 9 0 18 11 2 18 13 0 19 12 5 19 11 6 19 13 9 19 13
75 264 6 6 1 0 11 12 2 11 8 3 11 9 4 11 10 7 11 12 9 11 10
76 270 6 6 1 0 10 8 4 10 9 5 10 10 6 10 9 7 10 11 9 10 10
77 275 6 6 1 0 15 12 1 15 12 2 15 9 3 15 15 7 15 8 9 15 9
78 276 12 6 4 3 11 12 6 11 13 1 15 14 5 15 10 0 17 9 2 17 12 5 17 10 0 19 15 1 19 8 2 19 9 3 19 13 6 19 13
79 277 2 2 1 6 10 12 7 10 6
80 282 6 6 1 2 12 10 4 12 13 6 12 8 7 12 10 8 12 8 9 12 10
81 288 1 1 1 4 17 12
82 291 6 6 1 1 12 10 2 12 10 3 12 12 4 12 13 6 12 12 7 12 10
83 298 6 3 2 0 14 11 6 14 11 8 14 11 0 16 9 6 16 9 8 16 13
84 299 60 6 10 1 10 12 2 10 12 4 10 10 5 10 12 7 10 13 8 10 11 1 11 6 2 11 12 4 11 9 5 11 9 7 11 5 8 11 7 1 12 10 2 12 9 4 12 10 5 12 12 7 12 16 8 12 11 1 13 11 2 13 11 4 13 9 5 13 15 7 13 9 8 13 11 1 14 9 2 14 13 4 14 12 5 14 9 7 14 11 8 14 11 1 15 11 2 15 8 4 15 11 5 15 8 7 15 10 8 15 12 1 16 13 2 16 10 4 16 13 5 16 12 7 16 6 8 16 12 1 17 10 2 17 9 4 17 11 5 17 8 7 17 11 8 17 12 1 18 13 2 18 11 4 18 13 5 18 10 7 18 8 8 18 12 1 19 11 2 19 10 4 19 9 5 19 10 7 19 9 8 19 14
85 305 10 1 10 6 10 9 6 11 7 6 12 11 6 13 8 6 14 10 6 15 11 6 16 11 6 17 11 6 18 16 6 19 12
86 306 12 6 3 1 12 8 4 12 12 8 12 14 0 14 10 5 14 18 7 14 8 0 17 11 1 17 15 4 17 9 5 17 9 7 17 13 8 17 7
87 312 18 6 6 3 10 12 4 10 9 6 10 12 7 10 13 1 12 15 4 12 11 9 12 10 3 13 14 6 13 12 9 13 9 7 15 8 1 16 12 3 16 10 4 16 9 7 16 7 9 16 13 1 19 12 6 19 13
88 313 3 3 1 0 12 9 4 12 13 7 12 9
89 314 1 1 1 2 10 8
90 319 1 1 1 8 14 8
91 325 4 4 1 1 11 13 3 11 14 5 11 12 8 11 10
92 334 6 6 1 0 18 10 2 18 11 3 18 12 4 18 7 6 18 9 7 18 10
93 337 4 4 1 1 17 9 3 17 15 4 17 11 8 17 8
94 342 9 1 9 7 10 13 7 11 11 7 12 12 7 13 12 7 14 10 7 15 11 7 17 13 7 18 6 7 19 6
95 343 4 4 1 0 19 9 2 19 12 4 19 9 6 19 11
96 344 60 6 10 1 10 12 2 10 11 5 10 10 6 10 9 8 10 10 9 10 11 1 11 13 2 11 11 5 11 8 6 11 11 8 11 12 9 11 10 1 12 10 2 12 7 5 12 8 6 12 12 8 12 8 9 12 9 1 13 13 2 13 9 5 13 9 6 13 12 8 13 10 9 13 12 1 14 10 2 14 11 5 14 9 6 14 11 8 14 9 9 14 11 1 15 11 2 15 11 5 15 9 6 15 6 8 15 9 9 15 11 1 16 10 2 16 8 5 16 13 6 16 12 8 16 11 9 16 11 1 17 12 2 17 8 5 17 12 6 17 14 8 17 8 9 17 13 1 18 12 2 18 13 5 18 10 6 18 9 8 18 12 9 18 13 1 19 10 2 19 10 5 19 14 6 19 12 8 19 13 9 19 7
97 354 20 2 10 5 10 15 7 10 10 5 11 14 7 11 13 5 12 8 7 12 9 5 13 11 7 13 10 5 14 8 7 14 14 5 15 13 7 15 8 5 16 9 7 16 9 5 17 11 7 17 9 5 18 12 7 18 9 5 19 14 7 19 12
98 356 18 6 6 0 10 10 2 10 9 4 10 12 1 11 8 6 11 11 8 11 12 4 14 8 1 16 7 2 16 11 6 16 9 0 17 10 2 17 10 4 17 11 8 17 12 0 19 11 1 19 11 6 19 12 8 19 10
99 359 6 6 1 3 18 10 4 18 14 5 18 11 6 18 11 8 18 11 9 18 10
