20 100
0 0 12 6 3 4 10 9 9 10 9 1 12 13 5 12 12 7 12 10 8 12 12 9 12 9 1 14 10 4 14 8 5 14 11 7 14 10 8 14 12
1 2 24 6 6 1 12 10 4 12 11 5 12 10 6 12 13 9 12 9 0 13 11 1 13 11 4 13 10 5 13 8 6 13 9 0 14 9 4 14 9 9 14 12 0 15 11 1 15 9 4 15 8 5 15 10 6 15 12 9 15 11 1 17 12 9 17 8 0 19 12 5 19 10 6 19 13
2 4 20 2 10 4 10 8 7 10 11 4 11 9 7 11 10 4 12 9 7 12 12 4 13 11 7 13 9 4 14 9 7 14 9 4 15 10 7 15 11 4 16 11 7 16 13 4 17 13 7 17 15 4 18 12 7 18 11 4 19 10 7 19 11
3 8 4 4 1 1 17 11 2 17 6 3 17 11 8 17 7
4 10 4 4 2 3 15 12 2 17 9 6 17 8 9 17 11
5 11 12 6 4 1 12 8 2 12 11 4 12 10 5 12 11 9 12 9 1 13 12 9 13 10 0 17 12 2 17 8 0 18 13 4 18 11 5 18 11
6 13 1 1 1 2 17 12
7 14 1 1 1 4 19 10
8 17 18 6 5 1 10 12 8 10 9 1 11 10 2 11 10 3 11 13 9 11 12 6 13 10 8 13 12 9 13 12 2 15 10 3 15 13 6 15 13 9 15 8 1 19 13 2 19 10 3 19 12 6 19 13 8 19 13
9 20 6 6 1 0 11 14 4 11 14 5 11 13 6 11 13 7 11 10 8 11 12
10 24 6 6 2 8 12 8 0 19 10 1 19 10 2 19 12 4 19 9 9 19 12
11 27 8 4 3 3 10 11 4 10 11 7 10 10 0 11 8 3 11 12 4 11 8 7 11 6 0 12 10
12 28 30 3 10 1 10 11 2 10 10 7 10 8 1 11 11 2 11 10 7 11 11 1 12 10 2 12 9 7 12 12 1 13 10 2 13 7 7 13 8 1 14 10 2 14 12 7 14 12 1 15 10 2 15 12 7 15 12 1 16 11 2 16 9 7 16 12 1 17 9 2 17 14 7 17 10 1 18 12 2 18 9 7 18 12 1 19 10 2 19 11 7 19 8
13 42 1 1 1 4 12 10
14 43 40 4 10 0 10 10 4 10 11 7 10 12 9 10 11 0 11 13 4 11 8 7 11 10 9 11 11 0 12 12 4 12 10 7 12 10 9 12 12 0 13 11 4 13 12 7 13 11 9 13 14 0 14 11 4 14 14 7 14 10 9 14 9 0 15 10 4 15 5 7 15 9 9 15 10 0 16 16 4 16 11 7 16 8 9 16 7 0 17 10 4 17 7 7 17 12 9 17 13 0 18 11 4 18 7 7 18 17 9 18 14 0 19 11 4 19 12 7 19 9 9 19 14
15 45 6 3 3 0 12 7 8 12 12 2 14 6 8 14 11 0 15 10 2 15 13
16 46 12 6 4 1 12 10 3 12 11 5 12 10 8 12 11 5 13 9 8 13 12 1 17 12 6 17 8 9 17 8 3 18 14 6 18 11 9 18 9
17 47 18 6 5 0 11 8 3 11 12 4 11 11 0 12 11 5 12 10 7 12 11 9 12 11 3 15 9 4 15 9 5 15 15 7 15 12 9 15 10 0 18 12 3 18 11 4 18 11 7 18 8 9 18 11 5 19 14
18 52 4 4 1 2 13 10 4 13 11 5 13 9 9 13 10
19 57 2 2 1 2 19 12 3 19 11
20 59 18 6 5 0 10 9 2 10 13 0 11 11 2 11 15 3 11 11 4 11 9 7 11 8 9 11 11 4 16 7 7 16 8 3 18 11 4 18 9 7 18 14 9 18 5 0 19 12 2 19 9 3 19 10 9 19 8
21 67 6 6 3 1 15 11 6 15 13 8 15 12 4 17 12 7 19 10 9 19 11
22 68 1 1 1 9 12 8
23 71 6 6 3 3 10 12 9 10 12 0 11 12 6 11 12 7 11 11 4 17 9
24 80 2 2 1 3 10 11 7 10 12
25 86 50 5 10 0 10 10 2 10 7 4 10 11 7 10 10 8 10 8 0 11 12 2 11 7 4 11 9 7 11 10 8 11 12 0 12 13 2 12 12 4 12 8 7 12 9 8 12 16 0 13 11 2 13 10 4 13 11 7 13 14 8 13 10 0 14 12 2 14 10 4 14 8 7 14 10 8 14 10 0 15 10 2 15 12 4 15 11 7 15 10 8 15 9 0 16 9 2 16 11 4 16 10 7 16 14 8 16 12 0 17 10 2 17 12 4 17 10 7 17 11 8 17 6 0 18 10 2 18 10 4 18 11 7 18 10 8 18 13 0 19 13 2 19 9 4 19 10 7 19 9 8 19 9
26 89 4 2 3 6 12 8 0 13 9 6 13 11 0 19 12
27 90 6 6 1 0 16 9 1 16 10 5 16 11 6 16 10 8 16 9 9 16 7
28 91 18 6 5 0 11 10 4 11 12 6 11 9 7 11 11 0 13 11 1 13 12 4 13 10 5 13 11 7 13 12 0 14 10 1 14 10 5 14 10 6 14 11 7 14 13 1 16 10 6 16 14 4 17 9 5 17 12
29 95 30 3 10 3 10 12 6 10 6 8 10 9 3 11 11 6 11 12 8 11 10 3 12 14 6 12 12 8 12 11 3 13 9 6 13 9 8 13 11 3 14 10 6 14 11 8 14 11 3 15 11 6 15 10 8 15 11 3 16 10 6 16 10 8 16 11 3 17 10 6 17 11 8 17 10 3 18 11 6 18 11 8 18 11 3 19 12 6 19 12 8 19 9
30 101 12 6 3 2 13 8 4 13 11 6 13 16 8 13 10 9 13 14 7 16 13 2 17 9 4 17 13 6 17 12 7 17 10 8 17 14 9 17 9
31 107 1 1 1 0 18 14
32 114 12 6 4 2 10 10 4 10 8 7 10 13 8 10 11 2 11 14 4 11 11 0 12 13 1 12 8 0 19 13 1 19 13 7 19 12 8 19 6
33 120 3 3 1 0 16 11 2 16 11 7 16 11
34 125 60 6 10 0 10 8 1 10 6 3 10 12 4 10 6 7 10 12 9 10 12 0 11 12 1 11 6 3 11 11 4 11 11 7 11 8 9 11 11 0 12 11 1 12 11 3 12 9 4 12 11 7 12 12 9 12 9 0 13 12 1 13 13 3 13 11 4 13 10 7 13 12 9 13 9 0 14 10 1 14 8 3 14 10 4 14 15 7 14 12 9 14 11 0 15 14 1 15 10 3 15 14 4 15 6 7 15 13 9 15 12 0 16 16 1 16 12 3 16 11 4 16 11 7 16 8 9 16 6 0 17 10 1 17 8 3 17 14 4 17 9 7 17 9 9 17 7 0 18 12 1 18 9 3 18 12 4 18 10 7 18 8 9 18 8 0 19 9 1 19 11 3 19 9 4 19 11 7 19 10 9 19 9
35 127 3 3 2 1 12 10 7 12 15 2 18 9
36 132 12 6 4 1 13 14 3 13 13 1 14 15 9 14 10 0 15 10 3 15 11 4 15 11 5 15 15 0 19 8 4 19 10 5 19 10 9 19 11
37 135 5 5 1 0 16 11 3 16 11 4 16 10 6 16 12 7 16 9
38 137 2 1 2 8 11 9 8 19 13
39 140 6 6 1 0 15 11 2 15 9 3 15 13 7 15 9 8 15 6 9 15 11
40 146 1 1 1 5 11 12
41 149 2 2 1 5 14 10 7 14 14
42 155 4 4 1 1 15 8 3 15 11 6 15 9 9 15 12
43 156 6 6 1 0 18 12 1 18 10 2 18 9 4 18 12 6 18 13 9 18 13
44 159 2 2 1 4 11 15 7 11 9
45 160 60 6 10 1 10 9 2 10 14 4 10 11 7 10 14 8 10 14 9 10 10 1 11 9 2 11 13 4 11 11 7 11 8 8 11 11 9 11 11 1 12 14 2 12 13 4 12 10 7 12 11 8 12 9 9 12 9 1 13 10 2 13 15 4 13 12 7 13 10 8 13 14 9 13 10 1 14 10 2 14 10 4 14 7 7 14 10 8 14 8 9 14 12 1 15 12 2 15 10 4 15 13 7 15 10 8 15 13 9 15 9 1 16 11 2 16 12 4 16 11 7 16 11 8 16 5 9 16 12 1 17 7 2 17 10 4 17 9 7 17 9 8 17 12 9 17 11 1 18 12 2 18 9 4 18 11 7 18 7 8 18 10 9 18 14 1 19 7 2 19 10 4 19 12 7 19 9 8 19 9 9 19 10
46 161 6 6 2 7 15 12 9 15 12 3 18 14 5 18 11 6 18 12 8 18 11
47 163 6 3 3 2 12 12 5 12 12 2 13 10 5 13 9 6 13 9 6 17 12
48 166 2 2 1 2 18 15 5 18 13
49 167 6 6 1 0 19 8 1 19 11 4 19 6 6 19 11 7 19 11 9 19 9
50 169 18 6 6 0 10 7 2 10 12 4 10 14 5 10 10 8 10 13 3 11 10 5 11 8 0 12 8 2 12 10 8 12 5 3 16 12 8 16 12 4 17 12 0 18 9 2 18 11 3 18 8 4 18 11 5 18 10
51 170 1 1 1 9 10 8
52 176 18 6 5 0 11 5 4 11 8 6 11 5 0 13 11 3 13 11 6 13 5 7 13 12 3 16 8 4 16 11 6 16 10 9 16 15 0 17 11 4 17 9 7 17 12 9 17 9 3 18 11 7 18 11 9 18 11
53 177 6 3 3 4 10 12 2 12 10 4 12 9 7 12 12 2 15 6 7 15 13
54 184 4 2 2 0 11 11 8 11 7 0 12 13 8 12 10
55 188 1 1 1 0 18 11
56 189 18 6 5 0 12 12 5 12 14 3 14 9 4 14 10 6 14 9 0 15 9 3 15 11 5 15 7 6 15 14 8 15 9 3 17 12 4 17 13 5 17 12 8 17 10 0 19 10 4 19 7 6 19 12 8 19 9
57 193 1 1 1 7 13 12
58 198 60 6 10 0 10 12 2 10 7 5 10 13 6 10 10 7 10 10 8 10 9 0 11 11 2 11 12 5 11 10 6 11 11 7 11 9 8 11 13 0 12 13 2 12 11 5 12 11 6 12 9 7 12 12 8 12 10 0 13 10 2 13 11 5 13 8 6 13 13 7 13 7 8 13 10 0 14 9 2 14 8 5 14 7 6 14 7 7 14 6 8 14 9 0 15 10 2 15 10 5 15 11 6 15 10 7 15 9 8 15 9 0 16 9 2 16 13 5 16 8 6 16 9 7 16 9 8 16 8 0 17 8 2 17 10 5 17 10 6 17 12 7 17 11 8 17 12 0 18 14 2 18 8 5 18 9 6 18 9 7 18 11 8 18 13 0 19 10 2 19 13 5 19 11 6 19 8 7 19 7 8 19 8
59 204 1 1 1 8 13 13
60 206 3 3 1 5 13 10 6 13 12 8 13 8
61 208 6 6 2 0 10 9 4 10 13 8 10 8 1 13 15 7 13 12 9 13 8
62 219 6 3 3 7 10 10 8 10 10 3 11 12 8 11 13 3 15 10 7 15 14
63 225 1 1 1 1 13 9
64 229 60 6 10 0 10 11 1 10 12 3 10 10 6 10 12 7 10 10 9 10 12 0 11 9 1 11 9 3 11 11 6 11 10 7 11 11 9 11 11 0 12 8 1 12 9 3 12 8 6 12 13 7 12 12 9 12 9 0 13 11 1 13 7 3 13 13 6 13 11 7 13 11 9 13 10 0 14 10 1 14 6 3 14 8 6 14 8 7 14 8 9 14 12 0 15 9 1 15 8 3 15 11 6 15 10 7 15 12 9 15 11 0 16 9 1 16 10 3 16 11 6 16 10 7 16 10 9 16 13 0 17 14 1 17 9 3 17 9 6 17 12 7 17 13 9 17 8 0 18 10 1 18 14 3 18 6 6 18 6 7 18 10 9 18 11 0 19 11 1 19 8 3 19 10 6 19 11 7 19 13 9 19 13
65 231 1 1 1 9 14 8
66 232 1 1 1 0 15 11
67 235 2 2 1 2 17 12 7 17 9
68 236 4 4 1 0 17 12 2 17 14 6 17 8 9 17 10
69 238 2 2 1 7 10 15 8 10 9
70 245 60 6 10 0 10 10 1 10 11 2 10 11 3 10 15 5 10 9 8 10 14 0 11 10 1 11 8 2 11 12 3 11 9 5 11 11 8 11 11 0 12 8 1 12 9 2 12 9 3 12 10 5 12 11 8 12 11 0 13 7 1 13 10 2 13 11 3 13 10 5 13 13 8 13 14 0 14 13 1 14 8 2 14 13 3 14 11 5 14 9 8 14 8 0 15 12 1 15 12 2 15 7 3 15 11 5 15 14 8 15 11 0 16 12 1 16 10 2 16 10 3 16 10 5 16 13 8 16 10 0 17 14 1 17 11 2 17 8 3 17 13 5 17 9 8 17 13 0 18 9 1 18 10 2 18 11 3 18 15 5 18 13 8 18 11 0 19 11 1 19 11 2 19 10 3 19 11 5 19 7 8 19 11
71 247 4 4 1 2 15 12 4 15 11 5 15 9 6 15 11
72 253 18 6 6 0 10 7 6 10 10 9 10 9 6 12 13 8 14 11 3 16 16 4 16 11 6 16 11 8 16 14 9 16 8 0 18 8 3 18 9 4 18 10 8 18 8 9 18 11 0 19 9 3 19 12 4 19 12
73 257 18 6 6 2 10 8 4 10 10 4 12 10 7 12 8 8 12 9 9 12 11 2 14 10 7 14 8 9 14 9 6 15 14 8 15 12 6 16 13 8 16 8 2 17 10 4 17 14 6 17 6 7 17 12 9 17 9
74 258 40 4 10 1 10 10 3 10 9 6 10 11 7 10 7 1 11 9 3 11 11 6 11 9 7 11 11 1 12 11 3 12 11 6 12 12 7 12 14 1 13 5 3 13 7 6 13 11 7 13 8 1 14 13 3 14 9 6 14 9 7 14 7 1 15 12 3 15 7 6 15 12 7 15 10 1 16 7 3 16 13 6 16 10 7 16 12 1 17 13 3 17 11 6 17 9 7 17 13 1 18 7 3 18 10 6 18 13 7 18 15 1 19 8 3 19 11 6 19 15 7 19 10
75 264 30 3 10 3 10 10 6 10 12 9 10 11 3 11 8 6 11 10 9 11 14 3 12 11 6 12 14 9 12 12 3 13 11 6 13 12 9 13 9 3 14 7 6 14 7 9 14 11 3 15 12 6 15 14 9 15 10 3 16 11 6 16 10 9 16 11 3 17 13 6 17 10 9 17 10 3 18 8 6 18 8 9 18 13 3 19 14 6 19 9 9 19 11
76 270 18 6 5 0 12 10 2 12 8 7 12 9 9 12 9 0 13 10 1 13 6 3 13 10 9 13 11 2 15 9 3 15 13 7 15 14 0 16 8 1 16 9 2 16 10 7 16 9 1 18 12 3 18 11 9 18 13
77 275 40 4 10 0 10 13 1 10 9 2 10 10 5 10 11 0 11 7 1 11 8 2 11 11 5 11 9 0 12 11 1 12 11 2 12 11 5 12 12 0 13 13 1 13 11 2 13 7 5 13 11 0 14 8 1 14 10 2 14 8 5 14 9 0 15 9 1 15 14 2 15 15 5 15 13 0 16 11 1 16 12 2 16 9 5 16 10 0 17 10 1 17 10 2 17 8 5 17 8 0 18 13 1 18 9 2 18 10 5 18 10 0 19 6 1 19 12 2 19 13 5 19 10
78 276 5 5 2 2 16 12 6 16 10 7 16 10 3 17 13 9 17 9
79 277 40 4 10 1 10 9 7 10 11 8 10 7 9 10 12 1 11 8 7 11 9 8 11 9 9 11 8 1 12 9 7 12 13 8 12 12 9 12 10 1 13 9 7 13 11 8 13 12 9 13 12 1 14 7 7 14 10 8 14 12 9 14 12 1 15 10 7 15 10 8 15 8 9 15 9 1 16 6 7 16 11 8 16 8 9 16 14 1 17 9 7 17 10 8 17 11 9 17 8 1 18 13 7 18 11 8 18 10 9 18 13 1 19 10 7 19 11 8 19 10 9 19 11
80 282 3 3 1 0 13 7 1 13 12 7 13 13
81 288 10 1 10 6 10 14 6 11 12 6 12 9 6 13 9 6 14 11 6 15 11 6 16 10 6 17 9 6 18 12 6 19 7
82 291 18 6 5 3 11 14 5 11 11 8 11 12 3 12 4 5 12 11 6 12 14 9 12 11 0 14 8 3 14 11 6 14 12 0 15 12 8 15 9 9 15 10 0 18 10 5 18 12 6 18 8 8 18 9 9 18 14
83 298 1 1 1 7 12 15
84 299 6 6 2 1 11 14 4 11 8 5 11 11 0 16 9 2 16 11 7 16 9
85 305 42 6 10 4 10 10 0 11 8 2 11 12 4 11 5 6 11 10 7 11 11 0 12 11 3 12 11 4 12 10 6 12 9 0 13 12 2 13 10 3 13 9 6 13 10 7 13 9 0 14 13 3 14 14 4 14 11 7 14 11 2 15 13 3 15 13 4 15 16 6 15 13 0 16 10 2 16 10 3 16 11 6 16 12 7 16 10 2 17 9 3 17 10 4 17 11 7 17 11 0 18 14 2 18 9 3 18 15 6 18 11 7 18 10 0 19 10 2 19 8 4 19 12 6 19 9 7 19 12
86 306 30 3 10 2 10 8 8 10 15 9 10 8 2 11 10 8 11 10 9 11 9 2 12 9 8 12 10 9 12 8 2 13 11 8 13 12 9 13 8 2 14 12 8 14 9 9 14 12 2 15 12 8 15 13 9 15 10 2 16 12 8 16 13 9 16 9 2 17 14 8 17 10 9 17 12 2 18 5 8 18 11 9 18 9 2 19 10 8 19 8 9 19 12
87 312 3 3 1 1 11 12 3 11 9 7 11 9
88 313 4 4 1 1 12 9 2 12 12 5 12 11 8 12 12
89 314 6 6 1 3 17 8 5 17 13 6 17 12 7 17 10 8 17 10 9 17 11
90 319 1 1 1 1 16 12
91 325 6 6 3 0 10 6 5 10 9 1 11 11 6 11 7 9 11 11 2 18 8
92 334 1 1 1 8 11 10
93 337 1 1 1 2 14 11
94 342 20 2 10 0 10 12 1 10 9 0 11 11 1 11 10 0 12 11 1 12 13 0 13 14 1 13 10 0 14 11 1 14 10 0 15 10 1 15 13 0 16 10 1 16 9 0 17 7 1 17 12 0 18 10 1 18 9 0 19 10 1 19 14
95 343 18 6 4 0 13 9 3 13 9 8 13 11 2 15 13 3 15 11 5 15 10 6 15 12 8 15 11 0 16 17 2 16 10 5 16 10 6 16 11 0 17 8 2 17 11 3 17 12 5 17 10 6 17 11 8 17 7
96 344 3 3 2 1 16 9 7 18 10 9 18 11
97 354 2 2 1 3 11 11 6 11 10
98 356 2 2 1 0 19 13 8 19 13
99 359 2 2 1 2 13 7 8 13 13
