20 100
0 0 3 3 2 4 13 12 5 17 7 7 17 12
1 2 12 6 4 2 14 9 0 15 13 1 15 11 5 15 11 6 15 7 7 15 11 0 17 11 2 17 11 6 17 10 7 17 10 1 19 7 5 19 14
2 4 1 1 1 2 14 12
3 8 2 2 1 3 18 11 7 18 11
4 10 2 2 1 7 14 11 8 14 11
5 11 6 6 2 5 10 13 6 10 8 8 10 9 1 12 10 4 12 11 7 12 11
6 13 10 1 10 3 10 8 3 11 13 3 12 8 3 13 11 3 14 10 3 15 14 3 16 12 3 17 13 3 18 11 3 19 11
7 14 24 6 7 0 10 14 2 10 10 6 10 9 2 11 11 3 11 9 6 11 7 7 11 12 3 12 11 7 12 6 9 12 10 0 13 12 2 13 12 3 13 8 0 15 8 7 15 10 9 15 11 0 17 12 6 17 10 9 17 14 2 19 10 3 19 11 6 19 9 7 19 13 9 19 9
8 17 2 2 1 5 13 9 7 13 10
9 20 60 6 10 1 10 11 2 10 14 3 10 12 5 10 11 7 10 11 9 10 8 1 11 11 2 11 12 3 11 12 5 11 8 7 11 12 9 11 9 1 12 10 2 12 11 3 12 10 5 12 11 7 12 9 9 12 10 1 13 10 2 13 13 3 13 12 5 13 9 7 13 10 9 13 12 1 14 11 2 14 12 3 14 13 5 14 10 7 14 6 9 14 12 1 15 10 2 15 10 3 15 13 5 15 11 7 15 13 9 15 9 1 16 13 2 16 11 3 16 11 5 16 10 7 16 10 9 16 9 1 17 11 2 17 11 3 17 10 5 17 9 7 17 11 9 17 15 1 18 10 2 18 12 3 18 10 5 18 13 7 18 10 9 18 8 1 19 7 2 19 7 3 19 7 5 19 9 7 19 11 9 19 8
10 24 18 6 6 2 11 12 4 11 11 7 11 12 2 12 9 6 12 12 8 12 9 0 13 15 4 13 12 6 13 9 8 14 9 0 17 11 4 17 11 7 17 9 0 18 11 2 18 9 6 18 9 7 18 16 8 18 12
11 27 6 6 2 2 14 10 3 14 7 7 14 12 0 18 11 1 18 13 6 18 8
12 28 2 2 1 2 15 15 6 15 11
13 42 60 6 10 1 10 6 4 10 9 5 10 11 6 10 12 7 10 9 8 10 7 1 11 13 4 11 13 5 11 11 6 11 10 7 11 12 8 11 12 1 12 14 4 12 7 5 12 8 6 12 10 7 12 7 8 12 9 1 13 10 4 13 12 5 13 9 6 13 7 7 13 12 8 13 10 1 14 10 4 14 8 5 14 11 6 14 10 7 14 10 8 14 7 1 15 12 4 15 13 5 15 14 6 15 5 7 15 12 8 15 10 1 16 12 4 16 12 5 16 10 6 16 10 7 16 12 8 16 11 1 17 10 4 17 11 5 17 10 6 17 12 7 17 9 8 17 13 1 18 11 4 18 11 5 18 9 6 18 10 7 18 10 8 18 10 1 19 12 4 19 10 5 19 9 6 19 7 7 19 9 8 19 11
14 43 10 5 4 1 12 9 2 12 12 3 12 9 0 13 13 2 13 9 3 13 12 4 13 10 0 14 11 4 14 11 1 17 11
15 45 3 3 2 8 14 6 0 16 10 3 16 16
16 46 30 3 10 2 10 14 3 10 13 5 10 12 2 11 7 3 11 6 5 11 10 2 12 10 3 12 12 5 12 10 2 13 11 3 13 11 5 13 11 2 14 9 3 14 9 5 14 10 2 15 12 3 15 12 5 15 8 2 16 10 3 16 8 5 16 12 2 17 10 3 17 7 5 17 9 2 18 11 3 18 6 5 18 9 2 19 12 3 19 7 5 19 11
17 47 6 6 2 4 10 10 7 10 11 0 17 13 2 17 10 5 17 9 9 17 14
18 52 6 6 2 2 12 8 3 12 11 4 12 11 1 19 7 5 19 8 9 19 12
19 57 60 6 10 2 10 12 3 10 11 5 10 10 7 10 11 8 10 13 9 10 12 2 11 8 3 11 10 5 11 9 7 11 14 8 11 12 9 11 11 2 12 9 3 12 10 5 12 12 7 12 10 8 12 11 9 12 12 2 13 9 3 13 11 5 13 9 7 13 11 8 13 9 9 13 12 2 14 10 3 14 13 5 14 13 7 14 12 8 14 7 9 14 11 2 15 8 3 15 6 5 15 11 7 15 11 8 15 8 9 15 15 2 16 11 3 16 13 5 16 10 7 16 14 8 16 11 9 16 8 2 17 10 3 17 9 5 17 10 7 17 10 8 17 9 9 17 10 2 18 8 3 18 13 5 18 8 7 18 8 8 18 12 9 18 7 2 19 8 3 19 9 5 19 11 7 19 11 8 19 11 9 19 11
20 59 6 6 1 0 10 11 4 10 10 5 10 12 6 10 13 8 10 11 9 10 14
21 67 8 4 3 0 12 10 1 12 11 2 12 13 9 12 10 2 16 9 9 16 11 0 18 12 1 18 17
22 68 9 3 5 3 10 12 7 10 13 3 14 13 7 14 9 9 14 10 9 16 11 7 18 10 9 18 11 3 19 13
23 71 18 6 5 2 10 11 7 10 9 9 10 9 0 11 11 7 11 9 9 11 12 1 16 10 2 16 10 3 16 7 9 16 13 0 17 10 1 17 9 2 17 9 3 17 10 0 18 8 1 18 10 3 18 11 7 18 7
24 80 4 4 1 3 18 12 5 18 11 6 18 12 8 18 9
25 86 6 6 2 7 17 13 1 19 12 2 19 12 3 19 13 5 19 12 6 19 14
26 89 18 6 5 0 14 7 3 14 10 5 14 9 7 14 9 0 16 6 1 16 8 3 16 11 5 16 9 6 16 10 0 17 11 5 17 8 6 17 10 7 17 9 1 18 9 3 18 9 1 19 11 6 19 14 7 19 13
27 90 6 6 1 0 19 12 3 19 8 5 19 12 6 19 11 7 19 12 8 19 8
28 91 6 6 1 0 10 12 1 10 12 2 10 11 3 10 9 6 10 11 9 10 9
29 95 6 6 2 0 14 11 2 14 10 4 14 10 5 17 11 6 17 9 8 17 7
30 101 2 2 1 1 14 14 8 14 11
31 107 6 6 1 0 11 8 3 11 13 4 11 11 6 11 12 7 11 8 9 11 8
32 114 15 5 6 4 12 11 9 12 8 2 13 9 3 13 7 6 13 9 2 14 11 3 14 8 9 14 13 2 15 9 3 15 9 6 15 12 9 15 7 4 18 10 6 18 9 4 19 7
33 120 2 2 1 1 17 11 9 17 14
34 125 5 5 2 0 10 12 2 10 14 3 10 11 5 10 11 9 19 11
35 127 2 2 1 5 18 12 7 18 12
36 132 12 6 3 0 11 6 4 11 13 5 11 13 8 11 8 2 13 11 6 13 9 8 13 9 0 18 8 2 18 9 4 18 10 5 18 7 6 18 11
37 135 3 3 1 3 12 7 4 12 13 7 12 12
38 137 12 6 4 0 10 12 2 10 11 4 10 6 7 10 12 2 11 10 6 11 10 4 14 11 5 14 9 0 16 14 5 16 8 6 16 10 7 16 11
39 140 24 6 6 3 12 8 4 12 13 8 12 10 9 12 11 0 13 11 3 13 11 4 13 12 5 13 10 8 13 10 0 14 9 3 14 10 4 14 6 5 14 9 0 15 9 5 15 12 8 15 13 9 15 8 3 17 11 4 17 12 5 17 12 9 17 10 0 19 15 8 19 9 9 19 8
40 146 3 3 1 0 12 11 3 12 11 7 12 13
41 149 3 3 1 0 14 14 5 14 12 8 14 10
42 155 1 1 1 4 19 13
43 156 2 2 1 8 10 11 9 10 12
44 159 18 6 5 1 10 13 5 10 9 6 10 13 7 10 10 8 10 11 0 15 12 6 15 9 7 15 11 8 15 12 5 16 11 8 16 9 0 18 12 1 18 12 0 19 12 1 19 11 5 19 13 6 19 13 7 19 14
45 160 12 6 4 0 14 10 1 14 14 4 14 13 9 14 11 0 15 12 8 15 14 1 17 13 6 17 7 4 19 9 6 19 9 8 19 14 9 19 11
46 161 6 6 1 1 10 8 2 10 12 3 10 6 5 10 13 7 10 12 9 10 11
47 163 18 6 6 2 10 7 3 10 12 6 10 15 9 10 12 3 12 12 6 12 9 9 12 9 1 14 12 2 14 13 1 15 8 6 15 12 8 15 9 9 15 9 3 16 8 8 16 11 1 19 10 2 19 12 8 19 11
48 166 6 6 1 2 18 8 4 18 11 5 18 12 6 18 13 7 18 13 8 18 11
49 167 2 2 1 6 14 10 9 14 8
50 169 10 1 10 5 10 10 5 11 12 5 12 14 5 13 11 5 14 9 5 15 9 5 16 13 5 17 9 5 18 14 5 19 12
51 170 18 6 6 1 10 12 8 10 11 1 11 12 4 11 15 6 11 11 7 11 14 4 13 12 6 13 10 9 13 9 4 16 14 6 16 11 7 16 10 8 16 9 1 17 10 8 17 9 9 17 9 7 19 13 9 19 9
52 176 1 1 1 4 18 7
53 177 6 6 1 0 10 8 3 10 9 5 10 13 6 10 14 8 10 14 9 10 10
54 184 12 6 4 6 11 9 1 15 12 3 15 9 4 15 12 5 15 9 8 15 7 3 18 13 8 18 11 1 19 9 4 19 12 5 19 10 6 19 8
55 188 1 1 1 1 16 10
56 189 6 6 2 3 15 8 5 15 14 9 15 12 2 17 9 7 17 11 8 17 9
57 193 1 1 1 4 13 12
58 198 2 2 1 4 19 9 8 19 12
59 204 2 2 1 2 19 12 4 19 10
60 206 3 3 1 4 12 10 5 12 8 9 12 14
61 208 3 3 1 3 10 12 5 10 14 6 10 10
62 219 12 6 4 4 13 10 5 13 9 6 13 12 7 13 8 1 16 10 5 17 9 9 17 13 1 19 12 4 19 14 6 19 10 7 19 11 9 19 9
63 225 4 4 2 1 13 12 4 13 9 3 17 7 7 17 14
64 229 3 3 2 3 11 10 5 11 12 7 16 11
65 231 1 1 1 0 10 11
66 232 60 6 10 1 10 12 5 10 11 6 10 10 7 10 11 8 10 13 9 10 7 1 11 10 5 11 11 6 11 11 7 11 13 8 11 10 9 11 11 1 12 10 5 12 14 6 12 10 7 12 11 8 12 13 9 12 10 1 13 6 5 13 14 6 13 11 7 13 9 8 13 10 9 13 13 1 14 13 5 14 8 6 14 9 7 14 8 8 14 7 9 14 13 1 15 12 5 15 11 6 15 9 7 15 11 8 15 9 9 15 13 1 16 13 5 16 10 6 16 12 7 16 12 8 16 14 9 16 8 1 17 8 5 17 11 6 17 12 7 17 13 8 17 12 9 17 10 1 18 13 5 18 12 6 18 9 7 18 11 8 18 9 9 18 10 1 19 12 5 19 12 6 19 11 7 19 12 8 19 10 9 19 5
67 235 6 6 1 0 11 9 1 11 7 3 11 12 5 11 11 6 11 12 9 11 11
68 236 12 6 3 4 11 10 5 11 11 7 11 11 8 11 10 6 18 11 7 18 12 8 18 9 9 18 14 4 19 11 5 19 16 6 19 9 9 19 11
69 238 18 6 5 0 10 10 2 10 10 4 10 14 7 10 9 9 10 12 0 13 9 4 13 11 5 13 14 9 13 10 5 17 12 0 18 11 2 18 9 7 18 11 2 19 7 4 19 7 5 19 10 7 19 8 9 19 12
70 245 5 5 2 4 16 7 8 16 8 1 17 10 2 17 11 7 17 11
71 247 1 1 1 2 13 11
72 253 12 6 3 0 13 12 1 13 11 3 13 10 4 13 11 0 14 10 1 14 11 2 14 9 4 14 14 7 14 10 2 16 11 3 16 9 7 16 11
73 257 6 3 3 5 10 9 4 16 16 9 16 12 4 19 9 5 19 13 9 19 10
74 258 10 1 10 4 10 12 4 11 8 4 12 9 4 13 9 4 14 13 4 15 12 4 16 11 4 17 12 4 18 7 4 19 10
75 264 1 1 1 9 10 13
76 270 3 3 1 3 11 8 4 11 7 7 11 9
77 275 1 1 1 3 12 14
78 276 12 6 4 0 10 10 4 10 11 6 10 13 7 10 9 8 10 9 9 10 12 4 12 13 0 17 10 6 17 8 7 17 9 9 17 13 8 19 12
79 277 2 2 1 3 14 7 8 14 14
80 282 1 1 1 0 14 13
81 288 1 1 1 1 16 7
82 291 2 2 1 4 12 11 6 12 9
83 298 6 3 3 1 13 9 4 13 10 7 13 6 4 17 12 7 17 9 1 18 9
84 299 6 6 2 3 12 11 6 12 9 1 18 13 5 18 11 7 18 11 9 18 11
85 305 24 6 6 3 10 14 6 10 7 7 10 12 8 10 12 2 11 10 3 11 10 2 12 11 4 12 10 6 12 10 7 12 7 8 12 9 3 14 11 4 14 12 6 14 8 7 14 15 8 14 12 2 17 8 4 17 11 6 17 10 7 17 11 8 17 6 2 19 12 3 19 13 4 19 11
86 306 2 2 1 1 19 12 5 19 10
87 312 6 6 1 0 12 10 1 12 12 4 12 12 6 12 10 8 12 12 9 12 9
88 313 12 6 4 2 11 8 4 11 10 7 11 10 8 11 9 0 12 11 2 12 11 0 13 10 3 13 12 4 13 6 7 13 10 3 17 10 8 17 12
89 314 3 3 1 6 13 10 7 13 10 9 13 10
90 319 18 6 6 1 11 10 3 11 8 5 11 11 6 11 14 8 11 7 3 12 11 5 12 15 6 12 10 7 12 10 8 12 10 1 13 11 5 14 10 8 14 10 3 16 10 7 16 13 1 18 12 6 18 10 7 18 9
91 325 2 2 1 2 10 14 5 10 12
92 334 18 6 5 2 10 11 3 10 10 6 10 10 8 10 5 1 11 12 2 11 8 4 11 11 8 11 9 1 13 8 3 13 13 6 13 9 2 15 11 3 15 7 4 15 9 6 15 14 1 19 7 4 19 13 8 19 12
93 337 12 6 4 0 10 9 4 10 10 0 11 10 7 11 14 8 11 8 9 11 8 5 14 11 7 14 9 9 14 8 4 18 8 5 18 12 8 18 11
94 342 12 6 3 2 10 6 3 10 11 5 10 13 7 10 13 9 10 10 1 14 11 2 14 10 3 14 9 5 14 10 7 14 10 1 17 13 9 17 12
95 343 48 6 10 0 10 8 1 10 9 2 10 9 8 10 12 0 11 11 1 11 13 2 11 10 3 11 9 4 11 14 8 11 10 0 12 9 1 12 8 2 12 14 8 12 11 1 13 16 2 13 10 3 13 9 4 13 11 1 14 11 2 14 8 3 14 10 4 14 12 8 14 11 0 15 9 3 15 10 4 15 6 8 15 11 0 16 11 1 16 9 2 16 10 3 16 10 4 16 11 8 16 12 0 17 11 3 17 10 4 17 9 0 18 14 1 18 9 2 18 13 3 18 8 4 18 11 8 18 9 0 19 12 1 19 12 2 19 14 3 19 13 4 19 10 8 19 11
96 344 15 5 5 4 11 11 9 11 14 0 14 11 2 14 8 8 14 8 0 15 12 0 17 6 2 17 10 4 17 11 8 17 10 9 17 11 2 18 12 4 18 9 8 18 13 9 18 11
97 354 6 6 1 0 19 13 2 19 14 5 19 12 7 19 8 8 19 11 9 19 9
98 356 3 3 1 1 11 10 8 11 10 9 11 8
99 359 12 6 4 1 10 9 4 10 10 5 10 9 9 10 10 1 15 12 6 15 11 9 15 11 8 16 8 4 17 11 5 17 12 6 17 8 8 17 13
