20 100
0 0 2 2 1 3 16 11 8 16 7
1 2 3 3 1 3 12 7 4 12 9 8 12 11
2 4 1 1 1 0 15 11
3 8 2 2 1 7 18 10 9 18 8
4 10 60 6 10 1 10 10 2 10 9 4 10 12 6 10 10 8 10 11 9 10 12 1 11 11 2 11 10 4 11 10 6 11 11 8 11 13 9 11 12 1 12 11 2 12 11 4 12 9 6 12 10 8 12 12 9 12 9 1 13 11 2 13 11 4 13 11 6 13 13 8 13 10 9 13 11 1 14 10 2 14 9 4 14 8 6 14 12 8 14 6 9 14 13 1 15 8 2 15 10 4 15 11 6 15 9 8 15 11 9 15 10 1 16 5 2 16 11 4 16 10 6 16 10 8 16 11 9 16 12 1 17 8 2 17 7 4 17 11 6 17 10 8 17 11 9 17 11 1 18 10 2 18 8 4 18 11 6 18 11 8 18 11 9 18 10 1 19 10 2 19 9 4 19 11 6 19 11 8 19 9 9 19 10
5 11 4 4 1 0 11 14 2 11 7 6 11 13 8 11 9
6 13 18 6 6 3 12 8 2 13 10 6 13 11 2 14 11 3 14 10 4 14 8 5 14 8 9 14 9 4 17 10 6 17 12 9 17 13 3 18 12 5 18 8 6 18 11 9 18 7 2 19 11 4 19 10 5 19 8
7 14 6 6 1 0 18 11 5 18 9 6 18 9 7 18 10 8 18 9 9 18 8
8 17 1 1 1 6 14 10
9 20 6 6 1 1 17 10 2 17 8 4 17 8 5 17 10 6 17 9 9 17 8
10 24 2 2 1 1 12 10 7 12 13
11 27 6 6 1 3 12 9 4 12 8 5 12 10 7 12 8 8 12 10 9 12 10
12 28 3 3 2 1 11 10 2 11 12 7 13 8
13 42 20 2 10 3 10 12 4 10 8 3 11 16 4 11 13 3 12 11 4 12 8 3 13 7 4 13 12 3 14 9 4 14 8 3 15 15 4 15 11 3 16 12 4 16 12 3 17 8 4 17 10 3 18 8 4 18 9 3 19 12 4 19 9
14 43 3 3 1 0 12 13 5 12 11 6 12 10
15 45 1 1 1 5 16 8
16 46 4 4 1 0 14 12 5 14 12 7 14 10 9 14 6
17 47 6 6 2 1 10 9 4 10 7 5 10 7 6 10 11 7 10 9 2 13 11
18 52 2 2 1 1 15 9 4 15 11
19 57 2 2 1 6 12 13 8 12 8
20 59 60 6 10 0 10 10 1 10 8 2 10 11 5 10 13 6 10 8 8 10 9 0 11 12 1 11 9 2 11 10 5 11 10 6 11 15 8 11 6 0 12 10 1 12 12 2 12 10 5 12 10 6 12 6 8 12 13 0 13 11 1 13 10 2 13 9 5 13 13 6 13 10 8 13 11 0 14 10 1 14 8 2 14 11 5 14 12 6 14 8 8 14 8 0 15 11 1 15 10 2 15 11 5 15 10 6 15 8 8 15 10 0 16 11 1 16 11 2 16 12 5 16 10 6 16 11 8 16 11 0 17 13 1 17 10 2 17 12 5 17 12 6 17 11 8 17 10 0 18 11 1 18 7 2 18 12 5 18 5 6 18 16 8 18 10 0 19 9 1 19 7 2 19 9 5 19 10 6 19 10 8 19 12
21 67 2 2 1 3 15 10 8 15 11
22 68 2 2 1 1 12 9 7 12 9
23 71 6 6 3 0 10 12 7 10 11 1 13 9 4 13 11 8 13 15 9 16 9
24 80 12 3 5 2 12 10 5 12 10 9 12 9 9 13 10 2 14 10 5 14 9 2 15 10 5 15 10 9 15 7 2 18 7 5 18 14 9 18 8
25 86 6 3 3 2 10 10 9 10 9 0 14 12 9 14 10 0 16 7 2 16 10
26 89 18 6 5 2 12 14 3 12 9 4 12 12 5 12 9 1 16 12 3 16 10 9 16 10 1 17 9 5 17 12 9 17 12 1 18 10 2 18 12 4 18 12 2 19 14 3 19 10 4 19 10 5 19 8 9 19 8
27 90 18 6 6 2 10 9 8 10 13 6 11 8 7 11 10 8 11 9 9 11 12 2 12 6 3 12 12 7 12 11 9 12 14 2 15 12 3 15 12 8 15 9 9 15 9 6 16 12 7 16 15 3 17 12 6 17 12
28 91 24 6 7 1 10 9 3 10 10 6 10 8 8 10 12 9 10 9 1 11 10 3 11 8 6 11 15 8 11 11 9 12 8 0 14 10 1 14 8 3 14 12 6 14 13 8 14 12 9 14 9 0 16 8 1 16 12 6 16 14 0 17 13 0 18 12 3 18 9 8 18 11 9 18 11
29 95 12 4 4 1 10 11 7 10 8 9 10 12 1 12 5 7 12 12 8 12 13 9 12 12 7 18 10 8 18 10 9 18 12 1 19 10 8 19 11
30 101 6 6 1 0 10 11 1 10 11 2 10 9 3 10 8 4 10 8 9 10 12
31 107 2 2 1 4 11 12 8 11 8
32 114 60 6 10 0 10 8 1 10 10 3 10 11 5 10 13 6 10 7 8 10 9 0 11 14 1 11 10 3 11 12 5 11 9 6 11 10 8 11 10 0 12 9 1 12 8 3 12 9 5 12 14 6 12 12 8 12 11 0 13 11 1 13 8 3 13 10 5 13 10 6 13 11 8 13 13 0 14 6 1 14 9 3 14 7 5 14 9 6 14 10 8 14 11 0 15 7 1 15 12 3 15 9 5 15 11 6 15 16 8 15 6 0 16 10 1 16 11 3 16 11 5 16 13 6 16 11 8 16 11 0 17 13 1 17 8 3 17 7 5 17 10 6 17 9 8 17 8 0 18 11 1 18 9 3 18 13 5 18 11 6 18 12 8 18 9 0 19 13 1 19 10 3 19 11 5 19 10 6 19 12 8 19 10
33 120 6 3 2 2 10 14 8 10 12 9 10 12 2 12 11 8 12 10 9 12 13
34 125 2 2 2 4 13 7 2 15 9
35 127 60 6 10 1 10 13 2 10 10 3 10 12 6 10 10 7 10 12 8 10 7 1 11 11 2 11 10 3 11 13 6 11 10 7 11 12 8 11 9 1 12 12 2 12 10 3 12 13 6 12 8 7 12 8 8 12 11 1 13 13 2 13 10 3 13 11 6 13 12 7 13 9 8 13 11 1 14 14 2 14 12 3 14 11 6 14 8 7 14 13 8 14 10 1 15 10 2 15 12 3 15 9 6 15 7 7 15 13 8 15 6 1 16 8 2 16 14 3 16 14 6 16 9 7 16 15 8 16 11 1 17 12 2 17 11 3 17 9 6 17 12 7 17 12 8 17 11 1 18 9 2 18 13 3 18 9 6 18 13 7 18 12 8 18 10 1 19 10 2 19 8 3 19 13 6 19 11 7 19 11 8 19 8
36 132 6 6 1 1 14 9 2 14 10 3 14 10 6 14 10 7 14 10 8 14 11
37 135 12 6 4 1 12 10 6 12 8 9 12 10 3 14 11 4 14 12 5 14 11 9 14 7 3 15 17 4 15 12 1 18 10 5 18 11 6 18 9
38 137 12 6 4 0 11 8 4 11 10 6 11 8 8 11 15 1 13 11 3 13 10 1 16 10 0 19 8 3 19 12 4 19 10 6 19 10 8 19 11
39 140 2 2 1 7 18 12 8 18 11
40 146 6 6 2 0 10 8 3 10 10 4 10 10 6 10 13 2 17 12 7 17 9
41 149 1 1 1 5 13 8
42 155 20 2 10 2 10 8 5 10 11 2 11 12 5 11 9 2 12 15 5 12 11 2 13 10 5 13 12 2 14 10 5 14 10 2 15 13 5 15 9 2 16 7 5 16 11 2 17 11 5 17 10 2 18 14 5 18 8 2 19 13 5 19 10
43 156 12 6 3 0 11 14 1 11 9 8 11 6 0 16 8 6 16 13 7 16 11 8 16 11 9 16 8 1 19 11 6 19 7 7 19 11 9 19 13
44 159 1 1 1 1 12 10
45 160 18 6 5 1 10 9 5 10 10 0 14 10 1 14 7 3 14 11 5 14 10 6 14 10 2 15 10 3 15 10 5 15 7 0 16 12 1 16 12 2 16 9 6 16 11 0 17 9 2 17 9 3 17 13 6 17 10
46 161 60 6 10 0 10 9 2 10 12 3 10 8 4 10 8 6 10 11 7 10 8 0 11 12 2 11 11 3 11 10 4 11 11 6 11 11 7 11 12 0 12 12 2 12 13 3 12 11 4 12 10 6 12 6 7 12 8 0 13 11 2 13 10 3 13 10 4 13 8 6 13 14 7 13 8 0 14 9 2 14 6 3 14 11 4 14 11 6 14 10 7 14 7 0 15 8 2 15 10 3 15 12 4 15 10 6 15 10 7 15 8 0 16 10 2 16 10 3 16 10 4 16 8 6 16 11 7 16 9 0 17 9 2 17 10 3 17 9 4 17 10 6 17 11 7 17 14 0 18 9 2 18 9 3 18 10 4 18 13 6 18 10 7 18 10 0 19 10 2 19 11 3 19 10 4 19 13 6 19 13 7 19 12
47 163 40 4 10 0 10 11 1 10 12 4 10 8 7 10 13 0 11 8 1 11 8 4 11 12 7 11 10 0 12 8 1 12 8 4 12 6 7 12 10 0 13 12 1 13 13 4 13 12 7 13 9 0 14 13 1 14 10 4 14 13 7 14 9 0 15 7 1 15 11 4 15 10 7 15 12 0 16 14 1 16 13 4 16 9 7 16 10 0 17 15 1 17 9 4 17 10 7 17 10 0 18 11 1 18 12 4 18 11 7 18 9 0 19 12 1 19 12 4 19 11 7 19 13
48 166 10 1 10 9 10 8 9 11 11 9 12 10 9 13 12 9 14 12 9 15 9 9 16 13 9 17 11 9 18 13 9 19 9
49 167 8 4 4 1 10 11 9 10 12 2 15 12 5 15 15 9 16 12 1 19 10 2 19 12 5 19 13
50 169 24 6 7 2 10 15 4 10 10 5 10 9 1 11 11 4 11 11 5 11 8 9 11 12 0 13 10 1 13 7 2 13 11 4 13 8 9 15 9 0 16 10 1 16 7 5 16 11 0 17 10 1 17 15 2 17 10 5 17 10 9 17 10 0 18 10 2 18 11 4 18 13 9 18 12
51 170 12 6 3 4 10 11 5 10 11 8 10 9 0 14 12 3 14 10 5 14 10 9 14 10 0 17 12 3 17 10 4 17 12 8 17 11 9 17 13
52 176 12 6 4 1 12 10 6 12 9 8 12 12 9 12 10 0 16 10 0 17 12 5 17 11 6 17 12 8 17 9 9 17 12 1 18 8 5 18 12
53 177 3 3 1 3 16 10 5 16 11 7 16 8
54 184 2 2 1 0 10 10 3 10 13
55 188 24 6 7 1 10 10 2 10 12 1 11 13 5 11 7 7 11 11 8 11 8 9 11 10 1 12 8 7 12 13 9 12 10 2 14 8 5 14 9 7 14 6 8 14 11 9 14 10 2 15 11 8 15 10 1 16 11 5 16 13 2 18 14 5 18 13 7 18 9 8 18 13 9 18 11
56 189 60 6 10 0 10 11 1 10 10 4 10 11 5 10 11 8 10 6 9 10 11 0 11 11 1 11 14 4 11 10 5 11 8 8 11 12 9 11 11 0 12 9 1 12 16 4 12 10 5 12 9 8 12 13 9 12 8 0 13 11 1 13 10 4 13 8 5 13 12 8 13 15 9 13 13 0 14 10 1 14 13 4 14 12 5 14 11 8 14 12 9 14 8 0 15 10 1 15 12 4 15 9 5 15 8 8 15 11 9 15 10 0 16 12 1 16 14 4 16 10 5 16 9 8 16 12 9 16 11 0 17 10 1 17 9 4 17 9 5 17 11 8 17 14 9 17 12 0 18 9 1 18 14 4 18 9 5 18 11 8 18 10 9 18 11 0 19 12 1 19 12 4 19 7 5 19 10 8 19 11 9 19 10
57 193 18 6 6 1 10 12 5 10 10 5 11 13 8 11 9 5 14 9 6 14 7 9 14 13 0 16 13 1 16 11 6 16 7 9 16 12 0 18 11 8 18 11 0 19 11 1 19 11 6 19 14 8 19 12 9 19 14
58 198 2 2 1 2 10 10 4 10 13
59 204 3 3 1 0 11 13 4 11 14 8 11 10
60 206 10 5 4 0 12 12 6 12 7 7 12 8 8 14 14 0 15 10 2 15 11 6 15 8 7 15 12 2 17 9 8 17 10
61 208 3 3 1 2 10 11 3 10 12 6 10 7
62 219 2 2 1 2 12 14 6 12 8
63 225 20 4 7 1 10 12 5 10 9 6 10 10 5 11 11 6 11 11 0 12 9 1 12 10 5 12 12 0 16 11 1 16 11 5 16 10 6 16 10 0 17 9 5 17 8 6 17 10 0 18 8 1 18 11 0 19 11 1 19 11 6 19 11
64 229 24 6 6 2 10 11 3 10 7 4 10 8 6 10 8 9 10 13 2 12 10 5 12 11 6 12 13 9 12 7 3 15 11 4 15 11 5 15 11 2 16 8 3 16 11 5 16 8 9 16 7 2 17 14 3 17 11 4 17 11 6 17 11 4 18 10 5 18 9 6 18 9 9 18 9
65 231 24 6 7 3 10 8 5 10 16 6 10 12 7 10 12 0 11 11 2 11 9 5 11 10 6 11 15 3 12 7 5 12 13 6 12 9 0 14 10 7 14 11 2 16 9 3 16 14 6 16 11 7 16 8 0 18 12 2 18 16 3 18 9 5 18 11 7 18 10 0 19 11 2 19 13
66 232 60 6 10 0 10 10 2 10 10 3 10 12 4 10 15 7 10 14 8 10 7 0 11 10 2 11 10 3 11 10 4 11 12 7 11 9 8 11 11 0 12 10 2 12 8 3 12 11 4 12 12 7 12 6 8 12 10 0 13 9 2 13 10 3 13 7 4 13 11 7 13 8 8 13 11 0 14 11 2 14 11 3 14 9 4 14 8 7 14 12 8 14 12 0 15 8 2 15 10 3 15 14 4 15 11 7 15 10 8 15 6 0 16 9 2 16 13 3 16 12 4 16 10 7 16 10 8 16 12 0 17 6 2 17 8 3 17 9 4 17 11 7 17 9 8 17 8 0 18 9 2 18 10 3 18 10 4 18 10 7 18 11 8 18 9 0 19 13 2 19 10 3 19 10 4 19 10 7 19 11 8 19 9
67 235 5 5 1 1 10 13 3 10 4 4 10 12 6 10 11 8 10 10
68 236 20 2 10 2 10 12 6 10 8 2 11 9 6 11 10 2 12 10 6 12 7 2 13 13 6 13 9 2 14 8 6 14 12 2 15 7 6 15 13 2 16 10 6 16 10 2 17 12 6 17 8 2 18 11 6 18 12 2 19 9 6 19 11
69 238 6 3 2 2 13 7 3 13 15 7 13 8 2 17 9 3 17 9 7 17 11
70 245 24 6 7 3 10 10 6 10 10 0 12 11 2 12 6 3 12 11 6 12 6 9 12 15 3 14 9 4 14 10 6 14 8 9 14 9 0 15 9 2 15 8 9 15 14 0 17 9 2 17 7 4 17 12 6 17 10 2 18 10 4 18 12 9 18 9 0 19 9 3 19 11 4 19 14
71 247 18 6 5 2 13 11 3 13 10 9 13 12 0 14 9 5 14 11 8 14 9 0 16 13 3 16 8 8 16 13 9 16 9 2 18 13 5 18 10 9 18 11 0 19 10 2 19 13 3 19 9 5 19 8 8 19 10
72 253 18 6 5 1 13 5 4 13 10 6 13 10 7 13 10 9 13 8 4 14 10 5 14 12 6 15 11 7 15 6 9 15 8 1 16 8 5 16 10 7 16 7 9 16 10 1 18 12 4 18 10 5 18 5 6 18 12
73 257 12 6 3 0 17 9 5 17 8 6 17 10 7 17 11 8 17 12 0 18 12 2 18 9 5 18 9 8 18 13 2 19 12 6 19 10 7 19 11
74 258 10 1 10 1 10 11 1 11 12 1 12 13 1 13 6 1 14 7 1 15 11 1 16 8 1 17 11 1 18 8 1 19 12
75 264 15 5 5 1 10 9 4 10 13 5 10 10 9 10 13 1 12 12 5 12 12 7 12 11 1 14 10 5 14 8 7 14 12 9 14 11 4 16 12 7 16 12 4 17 13 9 17 12
76 270 6 6 2 1 16 11 4 16 10 5 16 11 0 19 12 6 19 10 9 19 12
77 275 12 6 5 0 10 11 2 10 5 3 10 8 4 10 10 0 13 9 6 13 9 9 13 9 2 15 8 6 15 13 9 15 12 3 16 11 4 18 13
78 276 20 2 10 7 10 9 9 10 14 7 11 9 9 11 11 7 12 13 9 12 9 7 13 14 9 13 9 7 14 9 9 14 12 7 15 13 9 15 7 7 16 11 9 16 13 7 17 8 9 17 11 7 18 12 9 18 15 7 19 14 9 19 9
79 277 8 4 4 1 10 10 6 10 8 6 11 8 1 12 9 2 12 10 4 12 11 2 17 10 4 17 10
80 282 2 2 1 4 15 11 6 15 7
81 288 2 2 1 7 15 11 8 15 6
82 291 15 5 6 3 12 14 7 12 9 0 13 12 9 13 9 0 14 15 5 14 10 7 14 11 9 14 11 5 16 11 0 18 11 3 18 6 7 18 8 9 18 10 3 19 10 5 19 12
83 298 18 6 6 0 12 12 2 12 10 9 12 11 1 13 10 3 13 11 7 13 10 0 15 11 1 15 11 3 15 10 9 15 9 0 16 11 2 16 13 7 16 11 1 17 11 2 17 9 9 17 8 3 18 9 7 18 12
84 299 10 1 10 5 10 10 5 11 6 5 12 10 5 13 12 5 14 10 5 15 8 5 16 11 5 17 14 5 18 10 5 19 9
85 305 1 1 1 3 13 10
86 306 20 2 10 4 10 11 8 10 9 4 11 9 8 11 11 4 12 11 8 12 9 4 13 12 8 13 8 4 14 11 8 14 11 4 15 10 8 15 10 4 16 11 8 16 11 4 17 11 8 17 8 4 18 12 8 18 7 4 19 13 8 19 9
87 312 1 1 1 9 17 11
88 313 24 6 7 0 10 15 6 10 7 7 10 11 2 11 9 6 11 9 7 11 10 8 11 9 0 12 8 4 12 10 8 12 11 2 13 10 4 13 11 8 13 9 2 16 11 4 16 12 6 16 9 0 17 12 6 17 9 7 17 13 0 19 10 2 19 15 4 19 8 7 19 9 8 19 11
89 314 2 2 1 6 13 7 9 13 13
90 319 6 3 3 1 13 13 4 13 10 6 13 11 4 15 11 6 15 13 1 16 9
91 325 2 2 1 0 15 9 8 15 12
92 334 3 3 1 3 11 11 8 11 6 9 11 10
93 337 6 6 1 0 16 11 1 16 7 5 16 13 7 16 12 8 16 14 9 16 8
94 342 12 6 3 4 15 9 5 15 12 8 15 10 1 16 11 2 16 11 6 16 12 8 16 10 1 19 11 2 19 8 4 19 13 5 19 8 6 19 14
95 343 3 3 1 0 10 11 1 10 12 5 10 10
96 344 24 6 7 3 10 12 6 10 10 8 10 17 9 10 11 0 14 11 1 14 8 3 14 10 6 14 10 8 14 11 3 15 9 6 15 8 8 15 10 0 16 12 1 16 12 3 16 8 9 16 10 0 17 11 1 17 15 1 18 9 8 18 10 9 18 9 0 19 12 6 19 10 9 19 11
97 354 30 3 10 3 10 7 4 10 11 8 10 14 3 11 8 4 11 10 8 11 8 3 12 10 4 12 10 8 12 5 3 13 10 4 13 11 8 13 10 3 14 14 4 14 11 8 14 9 3 15 12 4 15 7 8 15 13 3 16 9 4 16 13 8 16 6 3 17 7 4 17 7 8 17 12 3 18 10 4 18 10 8 18 14 3 19 9 4 19 9 8 19 9
98 356 4 4 2 1 11 15 2 11 11 3 18 13 5 18 12
99 359 30 3 10 1 10 13 5 10 10 9 10 5 1 11 9 5 11 14 9 11 16 1 12 14 5 12 8 9 12 8 1 13 7 5 13 10 9 13 9 1 14 10 5 14 12 9 14 13 1 15 11 5 15 9 9 15 12 1 16 9 5 16 11 9 16 10 1 17 15 5 17 9 9 17 10 1 18 8 5 18 8 9 18 11 1 19 8 5 19 13 9 19 7
