20 100
0 0 10 1 10 6 10 9 6 11 9 6 12 9 6 13 11 6 14 11 6 15 13 6 16 12 6 17 9 6 18 13 6 19 13
1 2 6 3 3 2 10 12 6 10 11 7 10 11 6 11 9 2 19 11 7 19 8
2 4 4 4 1 5 15 9 7 15 9 8 15 9 9 15 10
3 8 10 1 10 9 10 10 9 11 10 9 12 9 9 13 7 9 14 13 9 15 13 9 16 10 9 17 11 9 18 14 9 19 9
4 10 10 5 3 2 10 10 1 15 12 2 15 11 4 15 11 7 15 15 9 15 11 1 19 11 4 19 7 7 19 9 9 19 8
5 11 1 1 1 6 18 9
6 13 18 6 6 4 14 8 1 15 13 4 15 8 7 15 8 9 15 11 2 16 12 7 16 11 8 16 9 9 16 11 1 17 10 8 17 8 2 18 12 7 18 11 8 18 10 1 19 12 2 19 10 4 19 10 9 19 9
7 14 12 6 4 0 10 12 4 10 13 5 10 14 3 13 10 5 13 13 6 13 14 8 13 7 4 14 11 6 14 11 0 18 12 3 18 10 8 18 9
8 17 18 6 6 1 11 9 2 11 9 6 11 13 3 12 10 6 12 14 8 12 10 1 15 11 2 15 10 3 15 8 7 15 8 3 16 14 7 16 11 8 16 11 6 17 10 7 17 10 8 17 10 1 18 13 2 18 10
9 20 6 3 3 3 15 10 8 15 10 9 16 10 3 17 15 8 17 11 9 17 10
10 24 1 1 1 7 11 13
11 27 3 3 2 6 14 11 1 15 14 8 15 11
12 28 12 6 3 2 11 14 5 11 12 6 11 15 7 11 9 2 12 11 5 12 10 6 12 10 7 12 11 8 12 10 9 12 11 8 14 13 9 14 11
13 42 60 6 10 1 10 11 5 10 11 6 10 16 7 10 12 8 10 11 9 10 8 1 11 15 5 11 12 6 11 8 7 11 10 8 11 11 9 11 7 1 12 12 5 12 9 6 12 7 7 12 12 8 12 12 9 12 10 1 13 14 5 13 11 6 13 13 7 13 12 8 13 7 9 13 11 1 14 15 5 14 11 6 14 11 7 14 12 8 14 16 9 14 12 1 15 7 5 15 11 6 15 7 7 15 12 8 15 9 9 15 11 1 16 11 5 16 12 6 16 10 7 16 11 8 16 9 9 16 13 1 17 10 5 17 11 6 17 11 7 17 11 8 17 10 9 17 10 1 18 8 5 18 9 6 18 10 7 18 13 8 18 10 9 18 11 1 19 9 5 19 12 6 19 14 7 19 9 8 19 13 9 19 7
14 43 1 1 1 6 15 12
15 45 3 3 1 1 13 12 2 13 11 9 13 13
16 46 1 1 1 1 10 13
17 47 6 6 1 0 19 12 1 19 11 3 19 13 4 19 10 5 19 11 7 19 11
18 52 15 5 6 1 10 11 6 10 10 9 10 8 1 12 6 6 12 13 0 13 9 2 13 8 9 13 10 0 14 11 2 14 11 6 14 12 0 17 11 9 17 10 1 18 12 2 18 10
19 57 36 6 10 1 10 10 4 10 12 5 10 8 8 10 12 1 11 8 3 11 10 2 12 9 3 12 10 2 13 8 4 13 9 8 13 11 1 14 11 3 14 9 4 14 12 5 14 10 1 15 8 2 15 6 3 15 12 4 15 12 5 15 8 8 15 6 1 16 13 2 16 8 4 16 12 5 16 11 8 16 13 2 17 17 4 17 7 5 17 9 8 17 10 3 18 5 5 18 13 8 18 8 1 19 10 2 19 11 3 19 9
20 59 3 3 1 2 13 8 3 13 13 4 13 10
21 67 2 2 1 3 16 11 4 16 11
22 68 12 6 4 1 10 6 5 10 11 6 11 12 8 11 9 0 12 11 1 12 9 4 12 11 5 12 12 0 19 16 4 19 9 6 19 14 8 19 9
23 71 12 6 4 0 14 12 1 14 9 7 14 15 8 14 9 9 14 8 0 16 9 7 16 6 8 16 13 9 16 9 1 17 12 2 17 11 2 19 9
24 80 30 3 10 6 10 11 7 10 12 9 10 6 6 11 7 7 11 11 9 11 9 6 12 12 7 12 13 9 12 10 6 13 8 7 13 13 9 13 12 6 14 10 7 14 15 9 14 12 6 15 9 7 15 12 9 15 16 6 16 10 7 16 10 9 16 10 6 17 10 7 17 11 9 17 13 6 18 9 7 18 11 9 18 12 6 19 11 7 19 11 9 19 10
25 86 60 6 10 0 10 9 1 10 8 3 10 12 4 10 10 7 10 10 8 10 13 0 11 12 1 11 11 3 11 10 4 11 11 7 11 11 8 11 8 0 12 8 1 12 11 3 12 10 4 12 14 7 12 10 8 12 13 0 13 12 1 13 10 3 13 7 4 13 9 7 13 13 8 13 14 0 14 10 1 14 11 3 14 10 4 14 10 7 14 12 8 14 11 0 15 10 1 15 11 3 15 9 4 15 14 7 15 11 8 15 8 0 16 11 1 16 12 3 16 12 4 16 12 7 16 13 8 16 8 0 17 7 1 17 13 3 17 14 4 17 10 7 17 11 8 17 14 0 18 11 1 18 11 3 18 12 4 18 14 7 18 6 8 18 10 0 19 11 1 19 11 3 19 8 4 19 14 7 19 10 8 19 11
26 89 60 6 10 0 10 8 1 10 8 4 10 10 5 10 10 6 10 12 8 10 13 0 11 9 1 11 10 4 11 12 5 11 13 6 11 12 8 11 9 0 12 10 1 12 6 4 12 10 5 12 12 6 12 14 8 12 11 0 13 10 1 13 11 4 13 9 5 13 10 6 13 12 8 13 13 0 14 10 1 14 11 4 14 13 5 14 7 6 14 12 8 14 12 0 15 14 1 15 8 4 15 9 5 15 8 6 15 8 8 15 9 0 16 8 1 16 9 4 16 15 5 16 14 6 16 8 8 16 16 0 17 10 1 17 11 4 17 11 5 17 9 6 17 13 8 17 12 0 18 13 1 18 10 4 18 7 5 18 14 6 18 13 8 18 15 0 19 13 1 19 8 4 19 11 5 19 13 6 19 10 8 19 12
27 90 12 6 3 0 12 11 1 12 11 3 12 11 4 12 8 1 14 9 3 14 12 6 14 7 8 14 8 0 15 11 4 15 13 6 15 14 8 15 14
28 91 6 6 2 3 15 14 6 15 11 8 15 12 0 16 15 2 16 9 9 16 12
29 95 60 6 10 0 10 10 1 10 8 2 10 12 3 10 6 5 10 10 7 10 8 0 11 11 1 11 11 2 11 8 3 11 10 5 11 8 7 11 13 0 12 11 1 12 10 2 12 12 3 12 16 5 12 10 7 12 14 0 13 11 1 13 10 2 13 9 3 13 12 5 13 9 7 13 9 0 14 7 1 14 10 2 14 8 3 14 9 5 14 10 7 14 9 0 15 12 1 15 7 2 15 8 3 15 12 5 15 11 7 15 12 0 16 11 1 16 8 2 16 10 3 16 12 5 16 9 7 16 10 0 17 11 1 17 15 2 17 9 3 17 10 5 17 8 7 17 10 0 18 13 1 18 12 2 18 10 3 18 6 5 18 8 7 18 13 0 19 10 1 19 10 2 19 12 3 19 10 5 19 10 7 19 11
30 101 12 6 4 2 11 12 3 11 11 7 11 10 0 12 10 2 12 8 6 12 9 8 12 9 0 13 9 3 13 11 6 15 10 7 15 10 8 15 10
31 107 1 1 1 1 10 7
32 114 3 3 2 4 15 12 5 15 13 9 16 11
33 120 2 2 1 1 17 10 9 17 7
34 125 1 1 1 5 11 10
35 127 12 6 4 5 10 14 9 10 12 0 11 13 7 11 11 9 11 11 0 12 9 3 12 15 4 12 11 3 18 12 4 18 12 5 18 8 7 18 11
36 132 6 6 1 2 15 8 3 15 11 4 15 11 6 15 10 7 15 10 8 15 11
37 135 60 6 10 2 10 10 3 10 13 4 10 9 5 10 11 7 10 12 9 10 9 2 11 11 3 11 10 4 11 12 5 11 11 7 11 11 9 11 14 2 12 10 3 12 13 4 12 10 5 12 10 7 12 9 9 12 12 2 13 13 3 13 9 4 13 13 5 13 10 7 13 14 9 13 13 2 14 11 3 14 10 4 14 11 5 14 10 7 14 12 9 14 10 2 15 11 3 15 12 4 15 15 5 15 13 7 15 12 9 15 11 2 16 13 3 16 9 4 16 8 5 16 9 7 16 12 9 16 8 2 17 11 3 17 10 4 17 8 5 17 11 7 17 8 9 17 14 2 18 15 3 18 10 4 18 11 5 18 9 7 18 11 9 18 11 2 19 8 3 19 11 4 19 10 5 19 8 7 19 11 9 19 8
38 137 18 6 5 2 10 8 3 10 10 4 10 8 7 10 10 8 10 8 1 12 12 2 12 11 8 12 12 3 13 12 4 13 13 8 13 10 1 15 11 2 15 11 4 15 9 7 15 13 1 19 10 3 19 10 7 19 11
39 140 3 3 1 1 12 11 4 12 6 8 12 9
40 146 4 4 1 0 14 8 6 14 10 8 14 11 9 14 7
41 149 6 6 1 0 18 11 1 18 12 2 18 9 3 18 7 4 18 8 9 18 9
42 155 3 3 1 5 17 11 8 17 11 9 17 11
43 156 2 2 1 0 13 9 5 13 11
44 159 3 3 2 9 14 10 0 17 8 1 17 11
45 160 1 1 1 6 16 11
46 161 24 6 8 4 10 10 5 10 14 6 10 13 7 10 13 3 11 9 7 11 13 4 12 12 5 12 11 9 12 10 5 14 9 6 14 9 9 14 8 3 15 8 4 15 11 6 15 8 7 15 10 9 15 12 3 16 9 5 16 12 6 16 10 4 17 9 7 17 9 9 17 9 3 19 10
47 163 1 1 1 8 15 13
48 166 8 4 4 7 10 14 9 10 12 3 11 12 7 11 12 8 11 10 3 13 10 9 13 12 8 14 10
49 167 1 1 1 5 11 12
50 169 1 1 1 0 13 8
51 170 12 6 4 0 12 14 2 12 12 9 12 10 2 15 15 8 15 6 0 16 8 1 16 11 6 16 10 8 16 10 1 19 12 6 19 11 9 19 12
52 176 5 5 1 0 17 9 1 17 9 2 17 12 4 17 7 5 17 10
53 177 1 1 1 4 14 7
54 184 6 6 1 0 18 11 1 18 14 3 18 12 5 18 13 6 18 11 7 18 9
55 188 6 6 2 2 15 7 3 15 11 4 15 13 5 19 9 7 19 9 8 19 13
56 189 12 6 4 0 11 10 0 12 11 2 12 13 3 12 11 5 12 11 6 12 8 7 12 13 6 16 12 2 19 12 3 19 11 5 19 10 7 19 10
57 193 2 2 1 4 15 13 6 15 10
58 198 6 6 3 5 11 11 6 11 10 4 15 10 9 15 9 3 19 12 8 19 11
59 204 1 1 1 9 10 8
60 206 2 2 1 0 13 13 9 13 12
61 208 12 6 4 8 14 9 9 14 7 0 15 9 1 15 11 5 15 11 5 18 12 7 18 13 8 18 13 9 18 12 0 19 11 1 19 14 7 19 10
62 219 6 2 4 2 12 8 6 12 11 2 14 7 6 15 7 2 19 14 6 19 11
63 225 14 2 9 8 10 10 8 11 8 6 12 11 8 12 13 6 13 8 8 13 13 6 14 13 8 14 11 6 16 10 6 17 8 8 17 11 6 18 10 6 19 9 8 19 11
64 229 3 3 1 3 11 8 6 11 9 9 11 11
65 231 18 6 6 2 11 9 4 11 16 5 11 12 2 12 11 0 13 9 5 13 10 6 13 9 3 14 10 4 14 11 6 14 10 0 18 11 3 18 12 0 19 11 2 19 11 3 19 9 4 19 11 5 19 10 6 19 13
66 232 3 3 2 3 18 11 5 18 9 8 19 12
67 235 2 2 1 7 14 10 8 14 13
68 236 4 4 1 1 17 8 3 17 10 4 17 9 9 17 12
69 238 6 6 3 4 10 7 8 10 12 9 13 8 1 15 9 2 15 12 7 15 12
70 245 1 1 1 7 19 10
71 247 12 6 4 2 11 11 6 11 14 8 11 9 5 12 11 8 12 13 1 13 12 4 13 13 6 13 14 1 17 11 2 17 11 4 17 9 5 17 12
72 253 3 3 1 5 10 12 6 10 12 8 10 8
73 257 4 4 2 2 12 12 3 12 9 5 15 7 6 15 11
74 258 12 6 4 0 10 9 2 10 12 9 10 12 3 14 7 7 14 15 8 14 13 7 15 12 9 15 11 0 16 11 2 16 10 3 16 14 8 16 12
75 264 60 6 10 0 10 11 2 10 11 4 10 11 5 10 10 6 10 11 7 10 9 0 11 12 2 11 10 4 11 10 5 11 9 6 11 9 7 11 9 0 12 9 2 12 13 4 12 11 5 12 12 6 12 15 7 12 16 0 13 10 2 13 13 4 13 11 5 13 11 6 13 10 7 13 12 0 14 11 2 14 9 4 14 11 5 14 10 6 14 7 7 14 12 0 15 12 2 15 9 4 15 9 5 15 6 6 15 11 7 15 13 0 16 9 2 16 8 4 16 9 5 16 11 6 16 10 7 16 13 0 17 12 2 17 15 4 17 13 5 17 13 6 17 11 7 17 11 0 18 12 2 18 12 4 18 11 5 18 9 6 18 10 7 18 8 0 19 9 2 19 13 4 19 9 5 19 12 6 19 13 7 19 14
76 270 6 3 3 3 12 9 6 12 8 9 12 13 6 13 10 9 13 8 3 19 11
77 275 1 1 1 3 19 11
78 276 18 6 6 5 10 6 6 10 11 8 10 13 0 13 13 5 13 7 2 14 12 9 14 10 5 15 12 8 15 9 0 17 13 2 17 11 6 17 13 8 17 10 9 17 10 0 18 11 2 18 8 6 18 9 9 18 12
79 277 6 6 1 0 18 11 2 18 9 3 18 8 5 18 14 7 18 12 8 18 10
80 282 18 6 6 0 11 9 2 11 9 5 11 14 0 12 10 4 12 11 2 14 12 5 14 8 7 14 11 8 14 12 4 15 11 8 15 9 0 16 10 7 16 10 2 18 12 4 18 10 5 18 11 7 18 11 8 18 12
81 288 36 6 10 3 10 10 5 10 12 6 10 10 8 10 11 4 11 10 5 11 11 8 11 11 3 12 10 5 12 11 6 12 12 8 12 13 4 13 10 5 13 12 6 13 12 9 13 8 3 14 11 4 14 12 6 14 11 8 14 9 9 14 12 4 15 10 5 15 9 9 15 13 4 16 8 9 16 10 3 17 11 6 17 9 8 17 12 9 17 11 3 18 13 5 18 15 6 18 11 9 18 9 3 19 11 4 19 10 8 19 11
82 291 6 6 1 0 14 8 2 14 11 4 14 9 5 14 10 6 14 9 7 14 9
83 298 6 6 3 0 12 9 8 12 12 3 14 10 1 16 11 6 16 10 9 16 12
84 299 12 6 3 2 10 9 5 10 9 8 10 12 0 14 9 1 14 12 2 14 13 5 14 10 6 14 9 0 18 8 1 18 11 6 18 7 8 18 11
85 305 12 6 3 2 13 10 3 13 11 9 13 9 1 17 10 3 17 12 5 17 12 6 17 11 1 19 7 2 19 14 5 19 14 6 19 11 9 19 8
86 306 1 1 1 6 14 11
87 312 18 6 6 3 10 13 6 10 13 8 10 11 0 13 6 6 13 9 2 14 11 3 14 10 6 14 12 8 14 12 1 16 12 2 16 10 0 18 9 1 18 10 2 18 12 8 18 8 0 19 8 1 19 11 3 19 13
88 313 3 3 1 0 15 7 7 15 8 8 15 13
89 314 6 6 2 2 10 10 4 10 14 9 10 12 0 17 13 7 17 9 8 17 10
90 319 1 1 1 1 11 11
91 325 3 3 1 1 12 8 3 12 10 7 12 9
92 334 2 2 2 6 14 11 5 17 8
93 337 8 4 2 3 11 11 5 11 14 6 11 10 9 11 12 3 15 8 5 15 13 6 15 9 9 15 11
94 342 6 6 1 2 16 10 3 16 13 4 16 12 5 16 8 6 16 14 8 16 7
95 343 60 6 10 1 10 12 2 10 9 4 10 9 6 10 11 8 10 12 9 10 12 1 11 14 2 11 11 4 11 10 6 11 12 8 11 6 9 11 6 1 12 14 2 12 15 4 12 12 6 12 13 8 12 10 9 12 9 1 13 9 2 13 13 4 13 11 6 13 9 8 13 10 9 13 13 1 14 10 2 14 9 4 14 13 6 14 12 8 14 11 9 14 14 1 15 11 2 15 11 4 15 8 6 15 12 8 15 10 9 15 12 1 16 10 2 16 13 4 16 11 6 16 13 8 16 8 9 16 10 1 17 11 2 17 13 4 17 8 6 17 10 8 17 8 9 17 8 1 18 11 2 18 8 4 18 8 6 18 9 8 18 8 9 18 13 1 19 13 2 19 13 4 19 13 6 19 11 8 19 11 9 19 6
96 344 1 1 1 5 19 8
97 354 24 6 7 1 13 9 3 13 10 5 13 15 6 13 9 8 13 15 1 14 9 3 14 9 7 15 12 8 15 13 5 16 11 6 16 14 7 16 11 1 17 8 5 17 11 6 17 13 7 17 14 8 17 13 1 18 9 3 18 9 8 18 11 3 19 7 5 19 12 6 19 7 7 19 9
98 356 6 6 1 1 19 6 4 19 14 5 19 13 7 19 11 8 19 12 9 19 8
99 359 1 1 1 4 10 11
