20 100
0 0 2 2 1 0 17 8 8 17 8
1 2 24 6 8 1 10 10 2 10 11 5 10 11 6 10 11 7 10 11 0 11 11 1 11 5 6 11 9 5 12 11 6 12 7 7 12 7 1 14 11 2 14 8 7 14 8 0 15 6 2 15 9 5 15 10 5 17 8 0 18 12 2 18 12 0 19 10 1 19 13 6 19 11 7 19 7
2 4 18 6 5 3 13 7 8 13 13 1 14 12 3 14 13 4 14 10 5 14 12 7 14 16 3 15 10 7 15 9 8 15 10 1 18 9 4 18 11 5 18 9 1 19 13 4 19 11 5 19 9 7 19 11 8 19 9
3 8 48 6 10 2 10 10 4 10 8 8 10 12 3 11 12 4 11 10 8 11 8 9 11 9 2 12 12 3 12 7 4 12 6 5 12 10 8 12 10 2 13 10 3 13 9 4 13 12 5 13 13 8 13 9 9 13 7 3 14 11 4 14 10 5 14 12 9 14 11 2 15 10 3 15 8 5 15 11 8 15 10 9 15 10 2 16 10 3 16 11 4 16 11 5 16 12 8 16 9 9 16 11 2 17 10 5 17 12 8 17 14 9 17 11 2 18 10 3 18 13 4 18 9 5 18 8 9 18 9 2 19 9 3 19 12 4 19 14 5 19 8 8 19 11 9 19 9
4 10 30 3 10 2 10 9 6 10 11 9 10 5 2 11 10 6 11 10 9 11 10 2 12 8 6 12 11 9 12 8 2 13 12 6 13 11 9 13 12 2 14 9 6 14 9 9 14 13 2 15 11 6 15 12 9 15 11 2 16 8 6 16 12 9 16 10 2 17 10 6 17 12 9 17 12 2 18 12 6 18 14 9 18 13 2 19 16 6 19 12 9 19 11
5 11 2 2 1 7 10 11 9 10 11
6 13 2 2 1 6 14 12 7 14 9
7 14 30 3 10 0 10 14 4 10 11 7 10 8 0 11 11 4 11 5 7 11 9 0 12 9 4 12 11 7 12 10 0 13 10 4 13 13 7 13 12 0 14 11 4 14 10 7 14 14 0 15 12 4 15 7 7 15 10 0 16 15 4 16 9 7 16 10 0 17 11 4 17 6 7 17 9 0 18 8 4 18 10 7 18 10 0 19 8 4 19 11 7 19 12
8 17 12 6 4 0 11 13 2 11 9 4 11 8 5 11 11 1 12 12 4 12 8 5 12 8 8 12 8 0 13 13 8 13 10 1 16 11 2 16 8
9 20 6 6 1 0 15 8 1 15 10 3 15 12 4 15 14 8 15 11 9 15 8
10 24 24 6 6 0 10 8 4 10 8 7 10 8 9 10 11 0 11 13 4 11 9 6 11 13 7 11 11 9 11 9 1 12 10 4 12 9 6 12 14 1 15 11 6 15 8 7 15 10 9 15 12 0 16 11 1 16 13 6 16 10 0 19 9 1 19 11 4 19 7 7 19 10 9 19 8
11 27 5 5 2 2 11 10 3 11 10 4 11 9 7 11 8 0 18 9
12 28 6 6 2 4 14 7 9 14 7 2 18 10 3 18 10 5 18 12 8 18 8
13 42 8 4 4 3 14 12 5 15 10 7 15 12 2 16 10 2 18 12 3 18 10 5 18 11 7 18 8
14 43 1 1 1 6 14 11
15 45 12 6 4 0 12 9 1 12 11 2 12 11 0 13 13 2 13 12 8 13 10 9 13 10 7 15 8 1 17 9 7 17 10 8 17 8 9 17 14
16 46 6 6 2 0 16 9 2 16 8 5 16 10 8 16 6 1 18 9 4 18 11
17 47 18 6 6 0 11 13 2 11 12 8 11 9 0 12 7 1 12 12 5 12 14 7 12 7 1 14 13 5 14 10 0 16 10 2 16 9 7 16 11 1 18 7 5 18 8 8 18 12 2 19 10 7 19 11 8 19 7
18 52 2 2 1 3 11 14 7 11 9
19 57 8 4 3 0 13 12 4 13 13 4 14 12 5 14 11 6 14 12 0 15 10 5 15 10 6 15 9
20 59 6 6 1 0 13 13 3 13 10 5 13 9 7 13 12 8 13 10 9 13 11
21 67 2 2 1 0 12 13 2 12 10
22 68 6 6 2 2 13 8 8 13 9 3 18 10 5 18 10 7 18 11 9 18 12
23 71 60 6 10 0 10 9 5 10 13 6 10 10 7 10 6 8 10 10 9 10 15 0 11 11 5 11 12 6 11 6 7 11 11 8 11 12 9 11 10 0 12 13 5 12 11 6 12 11 7 12 10 8 12 11 9 12 11 0 13 11 5 13 13 6 13 10 7 13 11 8 13 11 9 13 11 0 14 10 5 14 9 6 14 11 7 14 11 8 14 8 9 14 11 0 15 14 5 15 12 6 15 9 7 15 10 8 15 12 9 15 8 0 16 12 5 16 11 6 16 12 7 16 10 8 16 8 9 16 7 0 17 12 5 17 10 6 17 9 7 17 11 8 17 11 9 17 11 0 18 10 5 18 13 6 18 7 7 18 13 8 18 11 9 18 12 0 19 8 5 19 7 6 19 10 7 19 11 8 19 14 9 19 9
24 80 8 4 4 4 10 11 4 12 11 9 12 9 0 14 10 7 14 12 9 14 12 0 19 13 7 19 12
25 86 2 2 1 7 14 8 8 14 10
26 89 12 6 4 1 12 12 2 12 13 5 12 10 5 14 8 7 14 9 9 14 13 2 16 12 6 16 8 1 18 11 6 18 10 7 18 12 9 18 8
27 90 60 6 10 0 10 8 1 10 16 2 10 10 3 10 8 7 10 11 9 10 10 0 11 10 1 11 8 2 11 9 3 11 9 7 11 10 9 11 9 0 12 10 1 12 9 2 12 12 3 12 10 7 12 10 9 12 9 0 13 9 1 13 16 2 13 14 3 13 9 7 13 12 9 13 9 0 14 5 1 14 13 2 14 10 3 14 12 7 14 9 9 14 15 0 15 10 1 15 11 2 15 11 3 15 9 7 15 12 9 15 12 0 16 11 1 16 10 2 16 10 3 16 12 7 16 11 9 16 12 0 17 11 1 17 11 2 17 13 3 17 11 7 17 10 9 17 8 0 18 9 1 18 12 2 18 10 3 18 10 7 18 12 9 18 9 0 19 12 1 19 14 2 19 11 3 19 11 7 19 7 9 19 11
28 91 8 4 3 3 12 11 9 12 7 2 13 8 8 13 8 9 13 9 2 15 13 3 15 11 8 15 9
29 95 6 6 1 2 19 9 3 19 7 4 19 11 5 19 9 7 19 13 8 19 14
30 101 8 4 4 0 12 11 8 12 11 0 14 12 1 14 10 7 14 10 8 17 10 1 19 9 7 19 9
31 107 12 6 5 6 10 8 8 10 5 1 12 5 3 12 11 4 12 13 6 13 10 7 13 11 3 14 11 4 14 8 8 14 12 1 18 12 7 18 10
32 114 18 6 5 1 10 11 5 10 11 6 10 10 7 10 12 8 10 11 9 10 13 5 13 14 7 13 11 8 13 11 9 13 11 1 15 15 6 15 10 8 15 10 9 15 12 1 17 11 6 17 12 7 17 10 5 19 12
33 120 18 6 5 0 11 11 1 11 10 3 11 10 5 11 12 7 11 9 1 12 10 5 12 13 6 12 11 1 13 9 7 13 12 0 14 11 3 14 13 6 14 7 0 16 12 3 16 11 5 16 12 6 16 10 7 16 10
34 125 6 6 1 0 17 8 1 17 13 2 17 10 3 17 9 8 17 11 9 17 11
35 127 3 3 1 6 13 9 8 13 11 9 13 9
36 132 3 3 1 3 11 12 7 11 8 8 11 13
37 135 6 6 2 3 15 12 4 15 9 0 19 9 5 19 8 6 19 9 9 19 11
38 137 5 5 1 0 11 13 2 11 11 3 11 10 4 11 8 7 11 9
39 140 6 6 1 0 16 9 3 16 8 4 16 6 5 16 10 7 16 13 8 16 8
40 146 1 1 1 3 13 8
41 149 2 2 1 6 11 10 7 11 11
42 155 2 2 1 5 19 9 9 19 7
43 156 6 6 1 2 14 16 3 14 11 4 14 10 5 14 8 6 14 9 7 14 8
44 159 12 6 4 0 13 10 1 13 10 4 13 9 7 13 15 8 13 6 9 13 11 1 17 6 4 17 9 9 17 7 7 18 12 0 19 7 8 19 7
45 160 12 6 4 2 11 11 3 11 9 4 11 11 6 11 11 0 16 15 3 16 8 6 16 13 7 16 9 7 17 10 0 19 11 2 19 11 4 19 11
46 161 1 1 1 5 16 11
47 163 4 4 1 3 13 10 4 13 11 5 13 10 7 13 11
48 166 2 1 2 5 11 10 5 15 9
49 167 18 6 6 0 10 11 2 10 11 3 10 9 1 11 13 2 11 16 3 11 11 9 11 14 1 13 7 5 13 8 9 13 10 3 15 9 5 15 7 9 15 12 0 17 12 1 17 10 0 18 11 2 18 10 5 18 13
50 169 20 2 10 0 10 13 2 10 10 0 11 11 2 11 12 0 12 10 2 12 13 0 13 10 2 13 11 0 14 10 2 14 9 0 15 14 2 15 10 0 16 11 2 16 6 0 17 12 2 17 10 0 18 12 2 18 11 0 19 6 2 19 11
51 170 1 1 1 5 15 11
52 176 60 6 10 0 10 9 2 10 8 3 10 8 5 10 14 6 10 10 9 10 8 0 11 10 2 11 11 3 11 15 5 11 9 6 11 10 9 11 13 0 12 10 2 12 11 3 12 11 5 12 13 6 12 8 9 12 7 0 13 11 2 13 10 3 13 11 5 13 12 6 13 12 9 13 11 0 14 8 2 14 10 3 14 12 5 14 13 6 14 9 9 14 8 0 15 11 2 15 11 3 15 12 5 15 8 6 15 13 9 15 9 0 16 11 2 16 15 3 16 10 5 16 12 6 16 10 9 16 10 0 17 14 2 17 7 3 17 13 5 17 7 6 17 10 9 17 11 0 18 9 2 18 9 3 18 11 5 18 7 6 18 10 9 18 10 0 19 6 2 19 9 3 19 9 5 19 12 6 19 12 9 19 11
53 177 12 6 3 2 14 12 3 14 13 7 14 10 3 17 11 5 17 13 6 17 10 7 17 11 8 17 12 2 19 12 5 19 11 6 19 13 8 19 10
54 184 2 2 1 1 10 10 3 10 10
55 188 30 3 10 3 10 10 8 10 10 9 10 14 3 11 8 8 11 11 9 11 13 3 12 11 8 12 11 9 12 12 3 13 13 8 13 10 9 13 7 3 14 12 8 14 10 9 14 14 3 15 11 8 15 12 9 15 11 3 16 8 8 16 12 9 16 11 3 17 12 8 17 10 9 17 10 3 18 9 8 18 7 9 18 10 3 19 15 8 19 13 9 19 11
56 189 30 3 10 3 10 11 8 10 11 9 10 11 3 11 8 8 11 12 9 11 10 3 12 11 8 12 12 9 12 8 3 13 11 8 13 10 9 13 8 3 14 10 8 14 9 9 14 12 3 15 9 8 15 11 9 15 10 3 16 9 8 16 12 9 16 6 3 17 11 8 17 7 9 17 11 3 18 9 8 18 12 9 18 12 3 19 9 8 19 10 9 19 14
57 193 18 6 6 1 10 11 3 10 13 5 10 11 9 10 8 3 12 11 5 12 10 8 12 12 9 12 14 8 13 10 1 16 14 4 16 12 5 16 7 9 16 11 3 18 11 4 18 13 8 18 11 1 19 13 4 19 15
58 198 2 2 1 0 18 11 7 18 9
59 204 2 2 1 1 16 13 6 16 12
60 206 20 2 10 3 10 11 4 10 10 3 11 15 4 11 12 3 12 8 4 12 8 3 13 10 4 13 9 3 14 8 4 14 9 3 15 6 4 15 11 3 16 13 4 16 14 3 17 13 4 17 11 3 18 13 4 18 12 3 19 10 4 19 9
61 208 24 6 7 0 10 10 0 13 12 1 13 9 4 13 9 8 13 11 0 14 11 1 14 13 2 14 12 4 14 9 9 14 7 1 15 8 4 15 12 9 15 9 0 16 7 2 16 9 8 16 10 9 16 13 2 17 11 8 17 9 1 18 7 2 18 8 4 18 10 8 18 9 9 18 11
62 219 10 1 10 4 10 7 4 11 13 4 12 11 4 13 11 4 14 8 4 15 11 4 16 7 4 17 12 4 18 12 4 19 11
63 225 3 3 1 0 19 12 1 19 8 7 19 13
64 229 6 3 3 9 10 13 4 13 10 5 13 11 4 17 11 5 17 9 9 17 10
65 231 18 6 5 1 10 13 2 10 13 3 10 10 6 10 14 7 10 9 8 10 7 7 11 6 1 14 8 2 14 9 3 14 13 6 14 11 8 14 9 3 16 13 7 16 10 1 19 10 2 19 10 6 19 10 8 19 7
66 232 60 6 10 0 10 12 1 10 8 5 10 13 7 10 10 8 10 9 9 10 9 0 11 12 1 11 13 5 11 9 7 11 9 8 11 12 9 11 7 0 12 13 1 12 9 5 12 7 7 12 11 8 12 11 9 12 11 0 13 8 1 13 10 5 13 13 7 13 10 8 13 7 9 13 12 0 14 12 1 14 12 5 14 10 7 14 10 8 14 10 9 14 11 0 15 12 1 15 11 5 15 14 7 15 11 8 15 12 9 15 10 0 16 8 1 16 11 5 16 9 7 16 12 8 16 8 9 16 10 0 17 10 1 17 10 5 17 13 7 17 6 8 17 14 9 17 11 0 18 8 1 18 13 5 18 9 7 18 8 8 18 13 9 18 10 0 19 14 1 19 10 5 19 12 7 19 9 8 19 10 9 19 9
67 235 6 6 1 0 18 10 1 18 9 3 18 9 4 18 8 6 18 6 7 18 9
68 236 6 6 1 0 10 10 1 10 10 2 10 10 3 10 10 4 10 10 9 10 8
69 238 2 2 1 8 12 10 9 12 10
70 245 18 6 6 5 10 9 7 10 11 8 10 13 1 11 7 4 11 8 6 11 9 7 11 12 1 12 10 4 12 10 5 12 11 8 12 12 1 15 10 6 15 14 8 15 11 5 17 11 6 17 12 4 19 15 7 19 10
71 247 5 5 1 2 13 10 4 13 10 6 13 9 8 13 7 9 13 13
72 253 6 6 1 1 12 11 2 12 10 4 12 11 5 12 11 6 12 13 9 12 11
73 257 2 2 1 0 19 9 3 19 11
74 258 3 3 1 1 17 10 4 17 7 8 17 11
75 264 12 6 4 1 12 12 3 12 10 8 12 10 1 14 13 7 14 6 4 15 8 6 15 10 7 15 12 8 15 8 3 17 10 4 17 10 6 17 13
76 270 6 6 1 0 19 15 1 19 10 3 19 9 6 19 12 8 19 12 9 19 8
77 275 6 6 2 0 12 13 5 12 7 9 12 11 2 16 8 3 16 11 4 16 10
78 276 40 4 10 1 10 10 2 10 10 5 10 12 9 10 10 1 11 10 2 11 8 5 11 11 9 11 9 1 12 8 2 12 9 5 12 12 9 12 10 1 13 13 2 13 10 5 13 7 9 13 5 1 14 12 2 14 12 5 14 8 9 14 9 1 15 12 2 15 10 5 15 13 9 15 9 1 16 12 2 16 9 5 16 8 9 16 11 1 17 11 2 17 11 5 17 10 9 17 10 1 18 10 2 18 8 5 18 12 9 18 7 1 19 14 2 19 11 5 19 7 9 19 9
79 277 6 3 3 4 10 12 6 10 11 5 12 10 4 15 10 5 15 11 6 15 10
80 282 10 1 10 4 10 9 4 11 9 4 12 7 4 13 9 4 14 9 4 15 11 4 16 10 4 17 13 4 18 7 4 19 11
81 288 1 1 1 6 18 10
82 291 1 1 1 9 15 9
83 298 10 1 10 7 10 12 7 11 15 7 12 9 7 13 14 7 14 10 7 15 9 7 16 9 7 17 8 7 18 7 7 19 8
84 299 18 6 6 1 10 12 5 10 13 6 10 9 7 10 14 0 11 10 5 11 12 9 12 15 0 14 9 6 14 7 7 14 13 1 15 9 6 15 12 9 15 12 0 16 11 1 16 10 5 16 8 7 16 12 9 16 10
85 305 18 6 6 3 10 12 5 10 11 4 11 10 8 11 10 4 12 10 5 12 12 6 12 9 7 12 10 5 14 11 6 14 8 8 14 13 3 17 11 6 17 12 7 17 8 8 17 12 3 19 16 4 19 13 7 19 11
86 306 1 1 1 0 15 11
87 312 18 6 6 0 10 10 1 10 10 3 10 12 1 12 8 2 12 10 3 12 12 8 12 11 2 14 10 5 14 10 1 15 12 2 15 9 8 15 10 0 17 12 3 17 13 5 17 13 0 19 14 5 19 6 8 19 13
88 313 4 4 1 2 15 17 3 15 11 5 15 11 7 15 9
89 314 18 6 5 0 11 10 3 11 13 7 11 11 9 11 10 2 12 10 6 12 10 7 12 9 0 15 11 3 15 10 6 15 10 0 17 10 2 17 11 9 17 9 2 18 9 3 18 15 6 18 13 7 18 11 9 18 11
90 319 18 6 5 6 12 11 9 12 12 0 14 8 2 14 11 8 14 11 9 14 11 2 15 12 4 15 9 6 15 12 8 15 11 0 16 8 2 16 9 4 16 9 6 16 13 9 16 11 0 17 9 4 17 10 8 17 13
91 325 60 6 10 0 10 10 2 10 11 3 10 12 4 10 14 8 10 12 9 10 7 0 11 7 2 11 11 3 11 8 4 11 11 8 11 11 9 11 12 0 12 8 2 12 13 3 12 12 4 12 12 8 12 12 9 12 9 0 13 6 2 13 11 3 13 12 4 13 11 8 13 15 9 13 10 0 14 9 2 14 11 3 14 12 4 14 14 8 14 13 9 14 10 0 15 11 2 15 10 3 15 5 4 15 12 8 15 9 9 15 10 0 16 12 2 16 8 3 16 12 4 16 10 8 16 12 9 16 12 0 17 12 2 17 13 3 17 10 4 17 11 8 17 11 9 17 7 0 18 8 2 18 10 3 18 11 4 18 7 8 18 8 9 18 10 0 19 15 2 19 9 3 19 10 4 19 9 8 19 11 9 19 10
92 334 18 6 6 0 12 11 3 12 10 6 12 12 7 12 10 0 13 12 1 13 10 3 13 9 6 13 14 7 13 13 8 13 10 0 15 12 3 17 5 8 17 11 1 18 10 8 18 8 1 19 12 6 19 14 7 19 11
93 337 1 1 1 3 11 13
94 342 6 6 1 1 14 12 2 14 7 5 14 13 7 14 12 8 14 11 9 14 9
95 343 3 3 1 4 18 12 5 18 6 9 18 12
96 344 24 6 8 4 10 11 5 10 10 9 10 10 3 11 11 9 11 10 3 12 9 7 12 9 3 13 8 5 13 9 7 13 14 9 13 12 6 15 13 3 16 13 4 16 10 5 16 12 6 16 10 4 18 9 6 18 10 7 18 9 9 18 7 4 19 12 5 19 11 6 19 10 7 19 12
97 354 60 6 10 0 10 7 2 10 10 5 10 13 6 10 13 7 10 11 9 10 10 0 11 11 2 11 9 5 11 9 6 11 15 7 11 16 9 11 11 0 12 9 2 12 10 5 12 12 6 12 9 7 12 13 9 12 12 0 13 12 2 13 12 5 13 10 6 13 11 7 13 13 9 13 12 0 14 9 2 14 10 5 14 9 6 14 9 7 14 9 9 14 11 0 15 11 2 15 11 5 15 10 6 15 10 7 15 13 9 15 9 0 16 13 2 16 11 5 16 8 6 16 11 7 16 11 9 16 14 0 17 8 2 17 11 5 17 8 6 17 13 7 17 14 9 17 12 0 18 12 2 18 9 5 18 9 6 18 11 7 18 10 9 18 10 0 19 13 2 19 7 5 19 10 6 19 10 7 19 9 9 19 8
98 356 2 2 2 7 12 7 5 15 9
99 359 6 6 2 0 11 11 4 11 8 1 16 10 5 16 14 6 16 9 7 16 12
