20 100
0 0 6 6 1 0 10 10 1 10 12 3 10 10 4 10 11 7 10 10 9 10 11
1 2 12 6 3 1 14 5 6 14 10 7 14 13 0 16 12 1 16 9 3 16 8 4 16 11 6 16 7 7 16 10 0 17 11 3 17 10 4 17 9
2 4 1 1 1 3 19 9
3 8 60 6 10 0 10 10 1 10 13 3 10 12 5 10 10 8 10 10 9 10 10 0 11 13 1 11 11 3 11 15 5 11 10 8 11 12 9 11 7 0 12 8 1 12 8 3 12 13 5 12 12 8 12 10 9 12 15 0 13 13 1 13 11 3 13 10 5 13 12 8 13 11 9 13 13 0 14 11 1 14 7 3 14 7 5 14 14 8 14 11 9 14 14 0 15 14 1 15 9 3 15 10 5 15 10 8 15 12 9 15 7 0 16 9 1 16 13 3 16 8 5 16 8 8 16 10 9 16 7 0 17 15 1 17 8 3 17 9 5 17 9 8 17 12 9 17 11 0 18 12 1 18 9 3 18 12 5 18 12 8 18 11 9 18 14 0 19 9 1 19 7 3 19 9 5 19 10 8 19 10 9 19 9
4 10 6 6 3 2 12 8 0 15 9 6 15 6 7 15 9 5 17 11 8 17 11
5 11 2 2 1 3 10 9 8 10 9
6 13 6 6 1 1 11 14 2 11 12 4 11 7 5 11 11 6 11 11 9 11 8
7 14 6 6 2 0 14 11 3 14 12 7 14 5 9 14 11 4 16 9 5 16 7
8 17 3 3 1 3 17 10 6 17 12 8 17 9
9 20 18 6 6 0 10 12 1 10 9 2 10 12 5 10 9 6 10 9 1 11 8 6 11 14 5 14 12 7 14 14 7 17 14 0 18 9 2 18 6 5 18 11 7 18 11 0 19 10 1 19 10 2 19 12 6 19 13
10 24 6 6 2 1 10 13 9 10 10 2 12 9 5 12 11 6 12 7 8 12 11
11 27 6 6 1 0 12 10 1 12 11 2 12 10 4 12 14 5 12 12 8 12 10
12 28 1 1 1 0 19 7
13 42 18 6 5 0 10 11 1 10 11 2 10 10 5 10 13 1 15 11 2 15 11 8 15 13 9 15 11 2 16 13 5 16 12 8 16 8 0 18 11 1 18 6 8 18 11 9 18 10 0 19 12 5 19 10 9 19 13
14 43 6 6 2 1 11 10 4 11 11 9 11 10 3 14 8 5 14 11 7 14 10
15 45 12 6 3 1 11 10 2 11 12 6 11 11 7 11 10 8 11 11 9 11 10 1 16 13 8 16 11 9 16 12 2 17 11 6 17 11 7 17 7
16 46 1 1 1 8 13 10
17 47 40 4 10 1 10 11 2 10 8 5 10 8 9 10 11 1 11 9 2 11 10 5 11 9 9 11 13 1 12 9 2 12 10 5 12 13 9 12 10 1 13 11 2 13 9 5 13 10 9 13 6 1 14 13 2 14 9 5 14 14 9 14 8 1 15 11 2 15 12 5 15 14 9 15 13 1 16 8 2 16 10 5 16 12 9 16 9 1 17 13 2 17 9 5 17 10 9 17 10 1 18 10 2 18 11 5 18 12 9 18 15 1 19 13 2 19 10 5 19 11 9 19 10
18 52 1 1 1 7 13 9
19 57 1 1 1 0 19 9
20 59 6 3 3 0 11 17 8 11 10 0 12 13 7 12 10 7 18 13 8 18 11
21 67 42 6 10 0 10 8 5 10 10 0 11 10 2 11 11 5 11 10 7 11 10 8 11 11 0 12 8 1 12 10 2 12 9 7 12 9 0 13 9 1 13 10 5 13 7 0 14 11 1 14 8 2 14 8 8 14 10 1 15 7 2 15 12 5 15 11 7 15 11 8 15 11 0 16 11 1 16 11 5 16 9 7 16 9 8 16 10 0 17 10 2 17 11 5 17 11 7 17 13 8 17 10 1 18 11 2 18 11 7 18 13 8 18 9 1 19 9 2 19 14 5 19 9 7 19 8 8 19 14
22 68 18 6 6 0 10 7 2 10 8 4 10 7 2 11 8 4 11 10 6 11 12 3 12 15 6 12 13 8 12 13 0 15 10 2 15 11 3 15 12 8 15 11 0 16 11 3 16 8 4 16 9 6 19 12 8 19 12
23 71 3 3 1 1 10 8 4 10 12 9 10 9
24 80 18 6 6 0 10 9 1 10 11 2 10 11 6 10 14 3 12 7 8 12 9 0 13 11 2 13 12 3 13 7 6 13 12 8 13 9 0 14 10 1 14 10 1 17 10 3 17 10 6 17 9 2 18 12 8 18 11
25 86 2 2 1 1 12 10 9 12 8
26 89 3 3 1 3 12 10 4 12 11 7 12 8
27 90 18 6 5 3 11 13 6 11 9 9 11 11 2 16 12 3 16 9 7 16 13 9 16 10 2 17 12 4 17 8 9 17 10 2 18 10 3 18 13 4 18 9 6 18 9 7 18 9 4 19 10 6 19 10 7 19 12
28 91 2 2 1 3 17 9 5 17 10
29 95 3 3 1 2 12 9 4 12 12 6 12 13
30 101 60 6 10 0 10 9 1 10 15 2 10 13 3 10 11 4 10 11 8 10 11 0 11 10 1 11 11 2 11 8 3 11 11 4 11 12 8 11 9 0 12 10 1 12 14 2 12 14 3 12 9 4 12 9 8 12 7 0 13 13 1 13 13 2 13 12 3 13 7 4 13 14 8 13 9 0 14 11 1 14 7 2 14 14 3 14 13 4 14 11 8 14 11 0 15 12 1 15 12 2 15 10 3 15 10 4 15 11 8 15 10 0 16 6 1 16 12 2 16 10 3 16 7 4 16 7 8 16 9 0 17 5 1 17 13 2 17 13 3 17 12 4 17 9 8 17 14 0 18 9 1 18 15 2 18 12 3 18 10 4 18 11 8 18 9 0 19 11 1 19 10 2 19 12 3 19 12 4 19 11 8 19 9
31 107 1 1 1 5 12 9
32 114 6 6 1 0 19 12 1 19 12 3 19 10 6 19 9 8 19 12 9 19 12
33 120 12 6 4 1 11 6 2 11 8 4 11 10 6 11 12 0 15 14 1 16 11 4 16 13 6 16 10 9 16 10 0 17 12 2 17 12 9 17 10
34 125 3 3 2 7 13 12 0 15 8 1 15 10
35 127 60 6 10 0 10 9 1 10 11 2 10 13 3 10 13 4 10 11 9 10 10 0 11 12 1 11 7 2 11 10 3 11 9 4 11 14 9 11 11 0 12 12 1 12 8 2 12 10 3 12 9 4 12 10 9 12 7 0 13 11 1 13 10 2 13 10 3 13 12 4 13 14 9 13 10 0 14 9 1 14 10 2 14 12 3 14 11 4 14 10 9 14 10 0 15 8 1 15 11 2 15 10 3 15 10 4 15 10 9 15 11 0 16 11 1 16 9 2 16 10 3 16 12 4 16 9 9 16 15 0 17 12 1 17 9 2 17 10 3 17 12 4 17 11 9 17 12 0 18 10 1 18 7 2 18 12 3 18 10 4 18 10 9 18 13 0 19 10 1 19 8 2 19 12 3 19 13 4 19 13 9 19 8
36 132 3 3 1 2 13 14 3 13 11 4 13 9
37 135 6 6 1 0 15 11 3 15 8 4 15 8 7 15 10 8 15 12 9 15 13
38 137 3 3 1 3 19 9 4 19 10 5 19 10
39 140 4 4 2 1 11 10 3 11 10 6 11 8 7 16 11
40 146 2 2 1 0 13 9 2 13 9
41 149 3 3 1 1 12 12 2 12 13 9 12 10
42 155 2 2 1 5 19 11 8 19 7
43 156 10 5 3 5 10 9 6 10 13 1 15 10 3 15 9 4 15 12 5 15 10 6 15 14 1 19 10 3 19 13 4 19 10
44 159 12 6 4 3 12 9 4 12 11 6 12 13 0 13 12 6 13 14 8 13 10 1 14 6 3 14 13 8 14 12 0 15 13 1 15 9 4 15 13
45 160 24 6 7 3 10 10 5 10 13 9 10 8 0 12 9 3 12 11 4 12 12 5 12 13 0 13 11 3 13 12 4 13 9 5 13 11 6 13 12 9 13 15 0 15 11 4 15 15 6 15 10 9 15 10 6 16 10 9 16 13 4 17 11 0 18 14 3 18 8 5 18 10 6 18 8
46 161 3 3 2 2 16 11 7 16 11 4 18 8
47 163 18 6 5 1 10 12 6 10 12 2 12 13 6 12 13 7 12 11 8 12 9 1 13 8 3 13 16 8 13 11 2 17 9 3 17 10 6 17 10 7 17 11 1 18 10 2 18 9 3 18 12 7 18 7 8 18 10
48 166 8 4 3 0 12 8 3 12 9 7 12 12 9 12 10 3 14 13 0 18 12 7 18 9 9 18 8
49 167 2 2 1 0 14 13 6 14 12
50 169 1 1 1 2 13 16
51 170 30 3 10 4 10 13 6 10 12 8 10 12 4 11 16 6 11 7 8 11 11 4 12 10 6 12 9 8 12 11 4 13 10 6 13 11 8 13 9 4 14 12 6 14 11 8 14 11 4 15 13 6 15 13 8 15 7 4 16 8 6 16 7 8 16 10 4 17 8 6 17 13 8 17 11 4 18 10 6 18 11 8 18 12 4 19 15 6 19 7 8 19 12
52 176 1 1 1 4 10 12
53 177 4 4 1 1 16 11 3 16 9 4 16 9 7 16 13
54 184 60 6 10 2 10 10 3 10 12 4 10 14 5 10 7 6 10 11 7 10 10 2 11 9 3 11 8 4 11 9 5 11 12 6 11 10 7 11 10 2 12 14 3 12 14 4 12 5 5 12 13 6 12 12 7 12 8 2 13 10 3 13 9 4 13 8 5 13 10 6 13 11 7 13 10 2 14 10 3 14 7 4 14 10 5 14 12 6 14 7 7 14 9 2 15 8 3 15 6 4 15 12 5 15 15 6 15 11 7 15 12 2 16 7 3 16 14 4 16 13 5 16 14 6 16 8 7 16 9 2 17 8 3 17 9 4 17 14 5 17 10 6 17 13 7 17 11 2 18 9 3 18 7 4 18 13 5 18 12 6 18 9 7 18 12 2 19 11 3 19 12 4 19 10 5 19 8 6 19 11 7 19 6
55 188 4 4 1 0 18 8 1 18 11 2 18 8 5 18 9
56 189 6 6 1 1 10 11 2 10 8 3 10 10 5 10 10 7 10 10 9 10 12
57 193 3 3 1 4 13 11 6 13 8 9 13 13
58 198 2 2 1 0 18 9 6 18 14
59 204 6 6 3 3 10 12 1 14 11 2 14 9 0 16 7 4 16 9 5 16 7
60 206 6 6 3 2 10 9 3 10 12 4 10 11 8 10 8 9 14 13 1 17 10
61 208 24 6 7 1 10 13 2 10 11 6 10 9 0 11 9 0 13 7 1 13 11 5 13 11 7 13 10 1 15 12 2 15 8 6 15 10 7 15 9 0 16 9 2 16 13 5 16 10 6 16 12 7 16 13 1 18 11 2 18 12 5 18 12 6 18 9 7 18 12 0 19 13 5 19 11
62 219 6 6 3 3 10 9 8 10 13 0 15 11 4 15 9 9 15 8 6 17 10
63 225 3 3 2 2 13 14 4 13 12 5 16 8
64 229 6 3 3 5 15 11 0 16 12 9 16 12 0 17 8 5 17 9 9 17 8
65 231 24 6 7 0 10 7 9 10 13 1 13 14 4 13 14 7 13 6 1 14 11 2 14 8 9 14 12 0 16 6 2 16 12 4 16 10 7 16 13 0 17 14 2 17 6 4 17 8 9 17 6 1 18 9 7 18 9 9 18 12 0 19 12 1 19 10 2 19 9 4 19 9 7 19 9
66 232 8 4 3 0 14 12 2 14 14 5 14 10 0 15 12 1 15 8 2 15 14 5 15 13 1 19 10
67 235 6 3 3 5 12 12 7 12 14 3 14 9 5 14 7 3 19 14 7 19 11
68 236 10 1 10 3 10 8 3 11 11 3 12 9 3 13 12 3 14 13 3 15 13 3 16 13 3 17 11 3 18 13 3 19 10
69 238 1 1 1 4 13 8
70 245 12 6 4 2 10 11 3 10 8 4 10 11 9 10 11 2 11 11 3 11 10 5 11 11 9 11 9 1 12 9 4 12 11 1 16 10 5 16 12
71 247 12 6 5 3 11 12 7 11 11 0 12 11 4 12 9 9 12 11 5 16 12 3 18 8 4 18 12 5 18 10 9 18 11 0 19 10 7 19 13
72 253 3 3 1 0 12 9 3 12 10 5 12 12
73 257 6 6 2 2 10 13 3 10 7 4 10 11 0 17 10 5 17 10 9 17 8
74 258 2 2 1 0 18 11 8 18 12
75 264 60 6 10 2 10 8 3 10 8 5 10 10 6 10 12 7 10 12 9 10 10 2 11 10 3 11 8 5 11 8 6 11 10 7 11 11 9 11 11 2 12 12 3 12 12 5 12 10 6 12 11 7 12 12 9 12 11 2 13 15 3 13 7 5 13 12 6 13 10 7 13 10 9 13 7 2 14 10 3 14 13 5 14 12 6 14 12 7 14 13 9 14 6 2 15 10 3 15 12 5 15 13 6 15 9 7 15 10 9 15 10 2 16 11 3 16 13 5 16 10 6 16 11 7 16 13 9 16 15 2 17 11 3 17 9 5 17 9 6 17 12 7 17 10 9 17 9 2 18 11 3 18 9 5 18 12 6 18 11 7 18 11 9 18 9 2 19 13 3 19 13 5 19 13 6 19 8 7 19 12 9 19 12
76 270 2 2 1 5 17 12 8 17 7
77 275 6 6 1 0 11 12 4 11 13 5 11 9 7 11 10 8 11 10 9 11 11
78 276 5 5 1 2 14 11 4 14 11 6 14 11 7 14 10 8 14 10
79 277 2 2 1 0 15 7 3 15 10
80 282 1 1 1 7 12 14
81 288 2 2 1 0 14 7 2 14 10
82 291 60 6 10 1 10 11 3 10 11 5 10 10 6 10 9 8 10 11 9 10 11 1 11 14 3 11 14 5 11 11 6 11 14 8 11 11 9 11 7 1 12 11 3 12 8 5 12 12 6 12 11 8 12 14 9 12 12 1 13 12 3 13 11 5 13 15 6 13 11 8 13 9 9 13 14 1 14 12 3 14 13 5 14 6 6 14 13 8 14 12 9 14 13 1 15 10 3 15 13 5 15 10 6 15 13 8 15 11 9 15 10 1 16 12 3 16 12 5 16 13 6 16 10 8 16 12 9 16 12 1 17 12 3 17 12 5 17 8 6 17 10 8 17 12 9 17 13 1 18 13 3 18 11 5 18 12 6 18 9 8 18 11 9 18 9 1 19 13 3 19 7 5 19 10 6 19 12 8 19 10 9 19 6
83 298 1 1 1 3 13 10
84 299 50 5 10 2 10 12 4 10 13 5 10 11 7 10 10 9 10 11 2 11 11 4 11 7 5 11 12 7 11 13 9 11 10 2 12 10 4 12 12 5 12 12 7 12 10 9 12 11 2 13 9 4 13 11 5 13 14 7 13 11 9 13 11 2 14 13 4 14 10 5 14 10 7 14 8 9 14 8 2 15 11 4 15 7 5 15 5 7 15 11 9 15 11 2 16 8 4 16 9 5 16 5 7 16 7 9 16 14 2 17 14 4 17 11 5 17 10 7 17 9 9 17 10 2 18 10 4 18 9 5 18 10 7 18 13 9 18 13 2 19 5 4 19 11 5 19 11 7 19 11 9 19 6
85 305 60 6 10 0 10 13 2 10 10 4 10 11 5 10 12 6 10 11 7 10 12 0 11 12 2 11 7 4 11 11 5 11 14 6 11 10 7 11 8 0 12 6 2 12 10 4 12 13 5 12 10 6 12 13 7 12 7 0 13 15 2 13 6 4 13 12 5 13 12 6 13 7 7 13 9 0 14 9 2 14 12 4 14 11 5 14 11 6 14 12 7 14 12 0 15 10 2 15 10 4 15 8 5 15 13 6 15 15 7 15 8 0 16 8 2 16 7 4 16 8 5 16 14 6 16 11 7 16 11 0 17 10 2 17 10 4 17 8 5 17 12 6 17 10 7 17 10 0 18 14 2 18 13 4 18 11 5 18 8 6 18 15 7 18 13 0 19 12 2 19 12 4 19 9 5 19 9 6 19 10 7 19 13
86 306 1 1 1 5 14 10
87 312 12 6 3 4 17 11 6 17 11 7 17 11 8 17 11 9 17 8 5 18 11 6 18 9 7 18 12 8 18 9 9 18 13 4 19 13 5 19 15
88 313 18 6 5 0 10 10 5 10 12 6 10 9 7 10 11 0 13 11 1 13 10 5 13 11 1 15 7 3 15 10 7 15 10 0 16 10 3 16 11 5 16 8 6 16 14 7 16 8 1 18 12 3 18 13 6 18 8
89 314 6 3 3 1 13 14 2 13 11 1 14 11 2 14 9 7 14 10 7 17 11
90 319 6 6 3 0 10 9 3 10 13 4 16 9 7 16 10 8 16 13 9 18 10
91 325 6 6 1 2 16 9 4 16 11 5 16 10 7 16 10 8 16 10 9 16 12
92 334 2 2 1 4 16 11 7 16 9
93 337 18 6 6 3 10 12 5 10 9 9 10 10 1 12 11 1 13 12 3 13 11 8 13 13 4 16 12 8 16 15 9 16 12 1 17 12 4 17 13 5 17 14 8 17 4 3 19 11 4 19 10 5 19 8 9 19 9
94 342 15 5 5 4 10 12 5 10 9 1 13 8 4 13 12 6 13 8 9 13 9 1 14 11 5 14 12 9 14 7 6 15 13 1 17 14 4 17 14 5 17 12 6 17 10 9 17 10
95 343 60 6 10 1 10 12 2 10 10 3 10 14 5 10 10 6 10 12 7 10 7 1 11 11 2 11 12 3 11 10 5 11 10 6 11 9 7 11 14 1 12 10 2 12 12 3 12 9 5 12 9 6 12 9 7 12 10 1 13 14 2 13 7 3 13 12 5 13 11 6 13 11 7 13 12 1 14 11 2 14 7 3 14 7 5 14 12 6 14 10 7 14 11 1 15 11 2 15 14 3 15 14 5 15 10 6 15 10 7 15 11 1 16 11 2 16 9 3 16 13 5 16 12 6 16 8 7 16 14 1 17 11 2 17 9 3 17 9 5 17 11 6 17 11 7 17 12 1 18 13 2 18 14 3 18 7 5 18 10 6 18 12 7 18 11 1 19 7 2 19 12 3 19 7 5 19 9 6 19 10 7 19 10
96 344 18 6 6 0 11 10 6 11 12 7 11 14 3 13 9 6 13 9 7 13 9 9 13 8 0 14 14 4 14 13 9 14 17 3 16 11 4 16 10 7 16 12 0 17 9 4 17 10 6 17 9 9 17 13 3 18 9
97 354 3 3 1 0 14 10 2 14 12 8 14 13
98 356 6 3 2 2 11 5 3 11 14 4 11 12 2 19 8 3 19 9 4 19 9
99 359 3 3 1 1 16 11 3 16 12 5 16 10
