20 100
0 0 1 1 1 0 16 13
1 2 12 6 3 2 14 14 3 14 7 4 14 10 5 14 7 6 14 9 7 14 12 3 17 9 6 17 11 2 19 9 4 19 7 5 19 11 7 19 7
2 4 6 6 1 0 12 9 2 12 12 3 12 12 6 12 12 8 12 10 9 12 13
3 8 60 6 10 1 10 12 2 10 9 3 10 13 4 10 13 7 10 11 8 10 13 1 11 10 2 11 12 3 11 11 4 11 9 7 11 10 8 11 10 1 12 13 2 12 11 3 12 15 4 12 11 7 12 10 8 12 12 1 13 13 2 13 10 3 13 9 4 13 12 7 13 8 8 13 8 1 14 14 2 14 14 3 14 11 4 14 11 7 14 10 8 14 15 1 15 11 2 15 11 3 15 10 4 15 11 7 15 9 8 15 11 1 16 9 2 16 12 3 16 8 4 16 9 7 16 7 8 16 12 1 17 11 2 17 7 3 17 11 4 17 12 7 17 10 8 17 14 1 18 15 2 18 7 3 18 10 4 18 12 7 18 10 8 18 10 1 19 16 2 19 11 3 19 8 4 19 12 7 19 12 8 19 10
4 10 3 3 1 1 16 9 7 16 12 9 16 8
5 11 2 2 2 0 10 11 7 13 10
6 13 1 1 1 1 16 12
7 14 1 1 1 3 10 8
8 17 3 3 2 7 12 11 8 12 11 4 13 12
9 20 6 6 1 3 12 10 4 12 14 5 12 12 6 12 13 7 12 8 9 12 12
10 24 40 4 10 0 10 7 2 10 11 5 10 12 8 10 10 0 11 8 2 11 10 5 11 11 8 11 10 0 12 12 2 12 11 5 12 11 8 12 11 0 13 11 2 13 11 5 13 12 8 13 11 0 14 11 2 14 14 5 14 10 8 14 9 0 15 10 2 15 13 5 15 14 8 15 12 0 16 10 2 16 9 5 16 7 8 16 12 0 17 11 2 17 10 5 17 10 8 17 11 0 18 10 2 18 10 5 18 10 8 18 11 0 19 15 2 19 10 5 19 12 8 19 12
11 27 1 1 1 8 13 13
12 28 2 2 1 1 12 11 3 12 9
13 42 12 6 3 3 13 10 4 13 13 5 13 10 7 13 7 8 13 11 9 13 11 3 15 11 4 15 9 8 15 9 9 15 14 5 18 11 7 18 9
14 43 12 6 3 3 11 8 5 11 12 7 11 11 8 11 15 0 17 6 3 17 9 5 17 11 6 17 6 8 17 10 0 18 10 6 18 8 7 18 16
15 45 6 3 3 0 14 7 4 14 10 0 16 11 8 16 9 4 18 9 8 18 10
16 46 2 2 1 4 12 8 9 12 11
17 47 3 3 1 2 11 14 3 11 10 9 11 8
18 52 4 4 1 0 16 10 5 16 8 6 16 11 9 16 7
19 57 1 1 1 7 18 6
20 59 30 3 10 1 10 9 4 10 12 7 10 11 1 11 12 4 11 9 7 11 12 1 12 10 4 12 14 7 12 12 1 13 11 4 13 9 7 13 9 1 14 12 4 14 9 7 14 11 1 15 8 4 15 9 7 15 9 1 16 12 4 16 11 7 16 14 1 17 10 4 17 11 7 17 12 1 18 12 4 18 11 7 18 8 1 19 13 4 19 9 7 19 10
21 67 4 4 1 2 13 8 4 13 11 7 13 7 8 13 6
22 68 6 6 2 3 11 9 4 11 8 6 11 10 7 11 14 8 11 10 5 19 8
23 71 3 3 1 3 13 9 4 13 12 6 13 14
24 80 6 6 1 0 11 13 3 11 10 4 11 12 6 11 12 8 11 11 9 11 9
25 86 6 6 1 0 12 14 1 12 13 2 12 15 4 12 13 5 12 14 8 12 14
26 89 18 6 5 1 11 10 2 11 14 5 11 14 7 11 11 9 11 8 4 12 10 7 12 10 1 14 9 2 14 10 9 14 10 4 17 7 5 17 11 1 19 10 2 19 10 4 19 9 5 19 12 7 19 11 9 19 11
27 90 2 1 2 2 10 14 2 15 13
28 91 3 3 1 0 11 9 1 11 12 3 11 8
29 95 6 3 3 3 13 9 0 15 10 4 15 11 0 16 15 3 16 15 4 16 11
30 101 6 6 1 0 19 12 1 19 10 2 19 12 4 19 14 5 19 12 6 19 8
31 107 8 4 3 2 10 7 3 10 13 7 10 11 7 14 7 8 14 10 2 17 9 3 17 10 8 17 11
32 114 6 3 3 3 12 10 5 12 8 9 12 9 3 15 15 9 15 6 5 16 11
33 120 60 6 10 4 10 10 5 10 13 6 10 9 7 10 8 8 10 11 9 10 10 4 11 10 5 11 8 6 11 9 7 11 10 8 11 10 9 11 8 4 12 13 5 12 13 6 12 8 7 12 13 8 12 10 9 12 13 4 13 9 5 13 7 6 13 10 7 13 13 8 13 7 9 13 13 4 14 10 5 14 12 6 14 11 7 14 12 8 14 10 9 14 8 4 15 9 5 15 10 6 15 6 7 15 5 8 15 13 9 15 11 4 16 10 5 16 11 6 16 12 7 16 12 8 16 10 9 16 11 4 17 8 5 17 15 6 17 8 7 17 8 8 17 11 9 17 7 4 18 9 5 18 12 6 18 10 7 18 10 8 18 11 9 18 10 4 19 7 5 19 11 6 19 13 7 19 7 8 19 8 9 19 8
34 125 60 6 10 0 10 8 2 10 9 3 10 12 4 10 10 6 10 14 8 10 10 0 11 12 2 11 10 3 11 10 4 11 11 6 11 10 8 11 9 0 12 9 2 12 11 3 12 11 4 12 15 6 12 15 8 12 11 0 13 11 2 13 10 3 13 12 4 13 11 6 13 12 8 13 10 0 14 13 2 14 9 3 14 11 4 14 13 6 14 11 8 14 11 0 15 8 2 15 11 3 15 8 4 15 10 6 15 13 8 15 6 0 16 9 2 16 9 3 16 10 4 16 11 6 16 5 8 16 9 0 17 11 2 17 10 3 17 14 4 17 8 6 17 11 8 17 11 0 18 13 2 18 12 3 18 10 4 18 9 6 18 9 8 18 14 0 19 11 2 19 9 3 19 12 4 19 10 6 19 10 8 19 8
35 127 1 1 1 7 14 11
36 132 2 2 2 1 12 13 6 18 12
37 135 3 3 2 6 11 11 7 11 9 0 14 6
38 137 3 3 1 2 11 7 5 11 8 8 11 10
39 140 1 1 1 9 14 11
40 146 60 6 10 1 10 7 2 10 12 3 10 11 5 10 11 6 10 9 8 10 10 1 11 12 2 11 14 3 11 13 5 11 12 6 11 11 8 11 11 1 12 11 2 12 10 3 12 12 5 12 10 6 12 10 8 12 12 1 13 8 2 13 10 3 13 11 5 13 11 6 13 11 8 13 11 1 14 8 2 14 10 3 14 14 5 14 14 6 14 12 8 14 12 1 15 14 2 15 12 3 15 13 5 15 10 6 15 11 8 15 17 1 16 13 2 16 9 3 16 9 5 16 10 6 16 7 8 16 12 1 17 11 2 17 14 3 17 12 5 17 11 6 17 14 8 17 13 1 18 9 2 18 11 3 18 9 5 18 12 6 18 8 8 18 9 1 19 12 2 19 11 3 19 8 5 19 11 6 19 13 8 19 12
41 149 6 6 1 1 16 9 2 16 9 3 16 13 4 16 13 5 16 11 8 16 11
42 155 6 6 1 2 14 13 5 14 10 6 14 10 7 14 7 8 14 8 9 14 12
43 156 12 6 3 3 11 9 4 11 9 5 11 13 6 11 8 8 11 11 9 11 12 3 12 11 8 12 10 9 12 7 4 19 13 5 19 10 6 19 12
44 159 6 3 3 2 14 12 3 14 13 9 14 8 2 16 8 9 16 9 3 18 11
45 160 2 2 1 2 16 11 5 16 10
46 161 6 3 3 3 12 9 8 12 9 2 13 10 3 13 11 8 13 10 2 18 9
47 163 6 6 1 0 16 12 1 16 10 4 16 13 6 16 9 8 16 9 9 16 10
48 166 20 2 10 2 10 8 4 10 10 2 11 10 4 11 8 2 12 15 4 12 12 2 13 12 4 13 8 2 14 9 4 14 12 2 15 12 4 15 12 2 16 10 4 16 10 2 17 11 4 17 5 2 18 7 4 18 12 2 19 9 4 19 10
49 167 2 2 1 3 11 13 8 11 13
50 169 2 2 1 2 13 9 7 13 11
51 170 2 2 1 2 15 5 9 15 11
52 176 1 1 1 8 19 8
53 177 6 6 1 2 18 12 3 18 10 4 18 11 5 18 9 7 18 12 8 18 8
54 184 1 1 1 4 16 13
55 188 6 6 1 0 15 11 1 15 6 3 15 11 4 15 13 6 15 12 7 15 9
56 189 1 1 1 5 17 9
57 193 12 6 4 1 11 14 4 11 11 7 11 9 1 12 13 2 12 12 3 12 12 4 12 8 2 14 8 5 14 8 7 14 9 3 17 10 5 17 13
58 198 20 2 10 0 10 7 4 10 16 0 11 11 4 11 9 0 12 10 4 12 12 0 13 11 4 13 12 0 14 12 4 14 11 0 15 12 4 15 14 0 16 12 4 16 9 0 17 14 4 17 9 0 18 13 4 18 11 0 19 9 4 19 8
59 204 12 6 4 5 10 11 6 10 10 7 10 14 0 11 12 3 11 9 5 11 13 1 15 11 7 15 12 0 16 7 1 16 10 3 16 9 6 16 10
60 206 2 2 2 9 12 8 7 14 11
61 208 10 1 10 9 10 10 9 11 14 9 12 9 9 13 7 9 14 12 9 15 10 9 16 10 9 17 13 9 18 13 9 19 10
62 219 1 1 1 5 17 11
63 225 18 6 6 0 11 8 2 11 10 9 11 10 1 12 9 8 12 11 0 13 9 1 13 10 6 13 8 8 13 10 9 13 11 2 14 10 6 14 11 1 17 11 6 17 9 8 17 11 9 17 9 0 19 9 2 19 12
64 229 6 6 2 3 14 8 7 14 12 8 14 11 2 19 12 6 19 12 9 19 12
65 231 40 4 10 1 10 12 2 10 10 5 10 9 7 10 9 1 11 8 2 11 10 5 11 11 7 11 10 1 12 12 2 12 11 5 12 8 7 12 11 1 13 9 2 13 12 5 13 9 7 13 10 1 14 10 2 14 12 5 14 10 7 14 10 1 15 9 2 15 7 5 15 13 7 15 13 1 16 10 2 16 8 5 16 8 7 16 11 1 17 10 2 17 9 5 17 6 7 17 10 1 18 11 2 18 12 5 18 8 7 18 8 1 19 7 2 19 12 5 19 10 7 19 13
66 232 1 1 1 9 19 13
67 235 2 2 1 5 10 12 7 10 11
68 236 18 6 5 0 12 11 3 12 13 5 12 10 7 12 11 0 13 12 1 13 9 3 13 12 8 13 12 5 15 9 7 15 11 8 15 13 1 17 10 3 17 10 7 17 9 8 17 11 0 18 11 1 18 12 5 18 12
69 238 3 3 1 4 12 9 5 12 14 8 12 8
70 245 2 2 1 5 14 11 7 14 7
71 247 1 1 1 6 19 10
72 253 2 2 1 8 19 9 9 19 8
73 257 1 1 1 7 18 13
74 258 1 1 1 0 16 11
75 264 2 2 1 2 17 10 4 17 13
76 270 24 6 7 5 10 11 6 10 7 7 10 7 9 10 11 8 12 14 1 13 15 6 13 11 7 13 11 8 13 12 9 13 12 1 14 10 6 14 12 7 14 11 5 16 9 6 16 12 8 16 9 1 17 9 5 17 8 7 17 11 9 17 13 1 19 11 5 19 9 8 19 7 9 19 8
77 275 6 6 1 0 15 13 2 15 12 3 15 11 5 15 9 6 15 12 7 15 9
78 276 15 5 5 1 11 11 2 11 9 5 11 9 8 11 9 1 12 11 3 12 14 5 12 12 1 13 13 2 13 12 5 13 12 8 13 12 3 16 12 8 16 11 2 17 10 3 17 11
79 277 1 1 1 4 10 10
80 282 60 6 10 0 10 8 1 10 12 5 10 8 6 10 10 8 10 12 9 10 13 0 11 9 1 11 12 5 11 7 6 11 11 8 11 11 9 11 10 0 12 9 1 12 12 5 12 10 6 12 13 8 12 10 9 12 10 0 13 11 1 13 9 5 13 9 6 13 9 8 13 13 9 13 8 0 14 10 1 14 13 5 14 10 6 14 6 8 14 9 9 14 14 0 15 17 1 15 11 5 15 11 6 15 15 8 15 12 9 15 10 0 16 10 1 16 14 5 16 11 6 16 7 8 16 9 9 16 9 0 17 12 1 17 11 5 17 13 6 17 11 8 17 11 9 17 15 0 18 9 1 18 12 5 18 9 6 18 9 8 18 15 9 18 12 0 19 9 1 19 10 5 19 9 6 19 11 8 19 11 9 19 9
81 288 12 6 3 2 12 10 4 12 6 5 12 12 7 12 13 1 15 11 4 15 11 5 15 11 8 15 9 1 19 14 2 19 12 7 19 8 8 19 6
82 291 1 1 1 5 18 10
83 298 3 3 1 3 12 13 5 12 4 6 12 13
84 299 1 1 1 0 17 9
85 305 6 2 3 0 10 11 7 10 9 0 16 9 7 16 8 0 19 10 7 19 14
86 306 40 4 10 0 10 10 3 10 11 5 10 11 7 10 6 0 11 10 3 11 9 5 11 10 7 11 6 0 12 12 3 12 7 5 12 11 7 12 7 0 13 12 3 13 11 5 13 9 7 13 6 0 14 10 3 14 8 5 14 9 7 14 13 0 15 10 3 15 10 5 15 12 7 15 13 0 16 8 3 16 10 5 16 12 7 16 10 0 17 9 3 17 10 5 17 11 7 17 14 0 18 14 3 18 10 5 18 14 7 18 13 0 19 12 3 19 9 5 19 10 7 19 11
87 312 18 6 6 0 12 11 6 12 15 2 13 9 5 13 16 8 13 10 9 13 9 5 14 9 2 15 12 8 15 11 9 15 10 0 17 12 6 17 11 9 17 10 0 19 7 2 19 11 5 19 12 6 19 7 8 19 7
88 313 24 6 7 1 11 8 6 11 9 0 12 9 1 12 10 6 12 12 9 12 11 1 14 9 2 14 11 5 14 11 0 16 13 1 16 13 6 16 9 9 16 7 2 17 6 5 17 10 6 17 13 9 17 9 0 18 12 2 18 10 5 18 9 0 19 12 2 19 13 5 19 11 9 19 15
89 314 24 6 7 0 10 16 1 10 12 2 10 11 4 10 10 5 10 10 0 11 10 1 11 14 5 11 11 4 12 11 2 15 8 4 15 12 6 15 10 0 16 8 1 16 9 2 16 13 5 16 9 6 16 11 1 17 9 5 17 11 6 17 12 0 19 12 2 19 11 4 19 12 6 19 12
90 319 1 1 1 8 11 9
91 325 6 6 1 0 14 11 2 14 8 3 14 12 6 14 8 8 14 7 9 14 10
92 334 60 6 10 0 10 10 1 10 9 4 10 8 5 10 6 7 10 13 8 10 10 0 11 13 1 11 11 4 11 11 5 11 12 7 11 12 8 11 10 0 12 10 1 12 13 4 12 7 5 12 7 7 12 13 8 12 11 0 13 10 1 13 14 4 13 12 5 13 11 7 13 10 8 13 11 0 14 11 1 14 12 4 14 9 5 14 11 7 14 15 8 14 8 0 15 11 1 15 12 4 15 10 5 15 13 7 15 6 8 15 10 0 16 13 1 16 12 4 16 12 5 16 13 7 16 15 8 16 12 0 17 10 1 17 10 4 17 9 5 17 13 7 17 11 8 17 7 0 18 9 1 18 11 4 18 13 5 18 8 7 18 9 8 18 12 0 19 8 1 19 11 4 19 7 5 19 10 7 19 9 8 19 11
93 337 24 6 7 0 10 11 1 10 10 7 10 15 0 11 12 1 11 11 2 11 12 8 11 12 4 12 13 7 12 13 0 13 10 2 13 11 4 13 11 8 13 12 1 15 11 2 15 10 8 15 10 4 17 11 7 17 12 8 17 14 0 19 10 1 19 11 2 19 8 4 19 8 7 19 10
94 342 1 1 1 6 14 10
95 343 6 6 2 0 15 13 4 15 10 7 15 9 2 17 13 5 17 16 8 17 11
96 344 1 1 1 8 16 11
97 354 3 3 1 3 17 11 4 17 13 5 17 12
98 356 2 2 1 1 14 9 7 14 10
99 359 60 6 10 0 10 12 1 10 9 3 10 11 5 10 6 6 10 10 8 10 14 0 11 9 1 11 8 3 11 9 5 11 11 6 11 11 8 11 11 0 12 8 1 12 9 3 12 10 5 12 11 6 12 13 8 12 8 0 13 9 1 13 9 3 13 13 5 13 11 6 13 14 8 13 10 0 14 9 1 14 7 3 14 8 5 14 15 6 14 9 8 14 10 0 15 13 1 15 12 3 15 11 5 15 10 6 15 13 8 15 10 0 16 10 1 16 11 3 16 12 5 16 11 6 16 13 8 16 12 0 17 10 1 17 12 3 17 15 5 17 5 6 17 8 8 17 10 0 18 10 1 18 11 3 18 11 5 18 10 6 18 12 8 18 11 0 19 8 1 19 11 3 19 9 5 19 10 6 19 9 8 19 14
