20 100
0 0 3 3 1 3 11 11 5 11 10 7 11 12
1 2 50 5 10 1 10 10 3 10 9 4 10 13 6 10 10 9 10 8 1 11 10 3 11 13 4 11 7 6 11 11 9 11 11 1 12 10 3 12 13 4 12 11 6 12 13 9 12 4 1 13 10 3 13 8 4 13 8 6 13 9 9 13 7 1 14 9 3 14 15 4 14 10 6 14 12 9 14 12 1 15 12 3 15 12 4 15 11 6 15 7 9 15 12 1 16 11 3 16 12 4 16 9 6 16 13 9 16 7 1 17 10 3 17 10 4 17 7 6 17 12 9 17 14 1 18 10 3 18 9 4 18 8 6 18 13 9 18 11 1 19 10 3 19 10 4 19 10 6 19 13 9 19 15
2 4 18 6 5 0 11 11 1 11 10 2 11 11 3 11 11 4 11 11 6 11 7 1 13 9 2 13 9 3 14 14 4 14 11 6 14 8 0 15 11 1 15 9 2 15 10 0 19 9 3 19 8 4 19 14 6 19 9
3 8 6 6 1 0 16 10 1 16 12 3 16 10 4 16 11 8 16 11 9 16 13
4 10 2 2 1 2 10 10 7 10 9
5 11 3 3 1 3 17 12 4 17 10 7 17 7
6 13 6 6 1 2 13 12 3 13 14 6 13 12 7 13 8 8 13 12 9 13 5
7 14 60 6 10 0 10 9 1 10 10 4 10 11 5 10 11 6 10 11 8 10 11 0 11 13 1 11 7 4 11 11 5 11 11 6 11 9 8 11 13 0 12 10 1 12 9 4 12 12 5 12 12 6 12 9 8 12 11 0 13 8 1 13 11 4 13 17 5 13 11 6 13 9 8 13 11 0 14 13 1 14 8 4 14 15 5 14 9 6 14 13 8 14 9 0 15 9 1 15 9 4 15 8 5 15 9 6 15 8 8 15 13 0 16 9 1 16 14 4 16 9 5 16 8 6 16 13 8 16 13 0 17 16 1 17 12 4 17 11 5 17 12 6 17 11 8 17 9 0 18 9 1 18 13 4 18 11 5 18 12 6 18 12 8 18 10 0 19 8 1 19 11 4 19 7 5 19 9 6 19 13 8 19 11
8 17 24 6 7 1 10 9 2 10 8 9 10 8 1 11 8 3 11 12 5 11 15 2 12 12 5 12 10 8 12 13 1 14 10 2 14 13 3 14 9 5 14 11 8 14 12 9 14 9 3 15 9 9 15 11 5 16 10 8 16 13 1 19 10 2 19 8 3 19 13 8 19 12 9 19 12
9 20 60 6 10 0 10 10 2 10 9 3 10 8 5 10 10 6 10 10 9 10 10 0 11 8 2 11 12 3 11 8 5 11 10 6 11 8 9 11 13 0 12 10 2 12 6 3 12 13 5 12 9 6 12 11 9 12 12 0 13 11 2 13 12 3 13 14 5 13 11 6 13 12 9 13 11 0 14 12 2 14 10 3 14 15 5 14 11 6 14 7 9 14 7 0 15 12 2 15 13 3 15 12 5 15 11 6 15 12 9 15 9 0 16 14 2 16 10 3 16 8 5 16 14 6 16 9 9 16 12 0 17 11 2 17 12 3 17 10 5 17 12 6 17 13 9 17 10 0 18 13 2 18 13 3 18 9 5 18 12 6 18 9 9 18 9 0 19 9 2 19 9 3 19 8 5 19 10 6 19 11 9 19 12
10 24 6 6 1 0 10 12 4 10 11 6 10 10 7 10 12 8 10 9 9 10 12
11 27 2 2 1 4 15 10 7 15 13
12 28 2 2 2 8 14 12 1 15 12
13 42 15 5 5 4 10 9 6 10 11 3 11 12 6 11 10 8 11 12 0 17 9 3 17 10 6 17 9 8 17 6 0 18 11 4 18 10 8 18 8 0 19 12 3 19 11 4 19 11
14 43 3 3 2 7 12 10 8 12 8 1 19 10
15 45 1 1 1 2 11 9
16 46 18 6 5 0 10 13 6 10 11 8 10 12 9 10 14 0 11 13 4 11 11 6 11 12 9 11 11 3 12 13 4 12 12 8 12 12 9 12 11 0 16 9 3 16 12 4 16 10 6 16 12 3 18 12 8 18 9
17 47 2 2 2 4 10 12 3 16 12
18 52 5 5 1 0 17 6 2 17 12 4 17 10 5 17 10 6 17 12
19 57 12 6 4 6 12 9 8 12 5 3 16 10 5 16 13 9 16 13 0 17 10 3 17 9 6 17 7 8 17 9 9 17 12 0 18 13 5 18 12
20 59 18 6 5 3 10 10 4 10 11 5 10 11 6 10 10 0 13 11 3 13 13 4 14 11 5 14 12 6 14 8 8 14 8 0 18 9 3 18 7 8 18 12 0 19 14 4 19 16 5 19 11 6 19 9 8 19 9
21 67 2 2 1 1 16 11 4 16 10
22 68 6 6 1 0 12 7 1 12 11 2 12 11 3 12 8 7 12 11 9 12 8
23 71 1 1 1 7 18 7
24 80 12 6 3 0 13 8 2 13 7 0 14 12 1 14 12 2 14 11 4 14 12 7 14 12 8 14 9 1 17 13 4 17 10 7 17 14 8 17 11
25 86 18 6 6 1 10 10 6 10 7 9 10 14 2 13 10 3 14 9 8 14 9 1 16 12 2 16 9 6 16 11 8 16 7 1 17 13 2 17 10 3 17 11 9 17 11 3 18 8 6 18 12 8 18 7 9 18 13
26 89 24 6 7 7 10 11 9 10 11 3 11 13 4 11 13 7 11 10 8 11 12 4 12 12 6 12 10 9 12 11 4 15 10 6 15 9 9 15 9 3 16 13 8 16 10 9 16 11 3 18 7 4 18 11 6 18 7 7 18 15 8 18 13 3 19 8 6 19 14 7 19 11 8 19 11
27 90 2 2 1 1 12 9 3 12 8
28 91 60 6 10 2 10 12 3 10 11 4 10 10 5 10 11 6 10 8 7 10 8 2 11 11 3 11 13 4 11 13 5 11 11 6 11 11 7 11 8 2 12 8 3 12 10 4 12 11 5 12 11 6 12 13 7 12 10 2 13 8 3 13 15 4 13 11 5 13 12 6 13 10 7 13 7 2 14 8 3 14 13 4 14 11 5 14 9 6 14 10 7 14 10 2 15 11 3 15 15 4 15 12 5 15 11 6 15 15 7 15 11 2 16 10 3 16 8 4 16 10 5 16 8 6 16 10 7 16 14 2 17 11 3 17 7 4 17 9 5 17 12 6 17 16 7 17 10 2 18 11 3 18 9 4 18 9 5 18 12 6 18 5 7 18 9 2 19 11 3 19 11 4 19 7 5 19 9 6 19 11 7 19 6
29 95 2 2 1 3 11 13 8 11 8
30 101 4 4 1 2 11 10 5 11 9 6 11 10 8 11 11
31 107 24 6 8 1 10 13 2 10 10 4 10 8 6 10 12 8 11 11 1 12 12 2 12 9 3 12 10 4 12 11 8 12 10 3 13 8 4 13 13 6 13 12 1 16 10 2 16 13 3 16 10 4 16 11 8 16 14 1 17 11 3 17 10 2 18 13 6 18 9 6 19 13 8 19 12
32 114 60 6 10 1 10 10 2 10 10 3 10 7 4 10 13 6 10 9 9 10 12 1 11 8 2 11 12 3 11 9 4 11 10 6 11 12 9 11 7 1 12 6 2 12 8 3 12 13 4 12 8 6 12 16 9 12 10 1 13 10 2 13 14 3 13 7 4 13 11 6 13 10 9 13 11 1 14 10 2 14 7 3 14 9 4 14 11 6 14 11 9 14 10 1 15 10 2 15 10 3 15 12 4 15 11 6 15 11 9 15 8 1 16 13 2 16 11 3 16 11 4 16 11 6 16 12 9 16 10 1 17 12 2 17 11 3 17 9 4 17 8 6 17 7 9 17 9 1 18 15 2 18 13 3 18 9 4 18 14 6 18 11 9 18 9 1 19 6 2 19 9 3 19 11 4 19 12 6 19 10 9 19 10
33 120 18 6 5 3 10 9 4 10 9 2 14 12 3 14 9 6 14 13 9 14 11 2 17 12 4 17 9 6 17 11 8 17 12 9 17 8 2 18 10 3 18 10 4 18 11 8 18 12 6 19 10 8 19 11 9 19 8
34 125 3 3 2 1 12 11 8 12 9 3 19 10
35 127 18 6 5 6 13 7 8 13 12 2 14 10 4 14 11 5 14 13 6 14 7 8 14 11 2 15 11 4 15 14 5 15 11 9 15 12 4 17 9 9 17 12 2 19 10 5 19 13 6 19 9 8 19 8 9 19 9
36 132 6 6 1 1 15 9 2 15 15 3 15 7 4 15 11 7 15 9 8 15 10
37 135 21 3 10 6 10 12 6 11 13 8 11 7 1 12 9 6 12 12 8 12 9 8 13 10 1 14 12 6 14 9 1 15 13 8 15 13 1 16 14 8 16 10 1 17 8 6 17 12 1 18 11 6 18 9 8 18 11 1 19 12 6 19 12 8 19 10
38 137 6 6 1 0 17 12 2 17 10 3 17 12 4 17 12 6 17 10 8 17 13
39 140 2 2 1 2 15 13 6 15 13
40 146 3 3 1 3 16 9 5 16 14 6 16 12
41 149 2 2 1 4 15 10 7 15 8
42 155 24 6 8 0 10 13 2 10 9 3 10 7 8 10 13 2 11 12 8 11 12 0 13 12 4 13 11 9 13 13 3 14 13 8 14 10 2 15 11 4 15 11 0 16 10 3 16 8 9 16 9 4 17 12 8 17 8 9 17 13 0 19 9 2 19 11 3 19 9 4 19 10 9 19 11
43 156 6 3 3 1 11 12 5 11 11 2 17 6 5 17 10 1 18 8 2 18 11
44 159 18 6 5 1 11 11 3 11 14 9 11 10 0 12 8 4 12 9 0 14 11 3 14 14 4 14 14 8 14 7 9 14 12 0 17 12 1 17 13 3 17 13 8 17 10 9 17 9 1 19 11 4 19 14 8 19 8
45 160 12 4 4 1 11 13 4 11 12 9 11 10 1 12 13 2 12 12 4 12 13 1 15 10 2 15 16 4 15 11 9 15 9 2 18 13 9 18 9
46 161 6 3 3 3 12 12 7 12 12 4 13 11 7 13 10 3 15 13 4 15 10
47 163 8 4 3 6 14 10 9 14 11 3 15 11 6 15 7 8 15 8 3 19 7 8 19 12 9 19 10
48 166 1 1 1 3 15 9
49 167 30 3 10 1 10 11 3 10 13 9 10 11 1 11 8 3 11 10 9 11 11 1 12 9 3 12 9 9 12 11 1 13 10 3 13 11 9 13 11 1 14 10 3 14 9 9 14 11 1 15 13 3 15 11 9 15 8 1 16 9 3 16 16 9 16 14 1 17 14 3 17 11 9 17 15 1 18 8 3 18 7 9 18 9 1 19 16 3 19 10 9 19 12
50 169 24 6 6 1 10 8 3 10 12 6 10 8 7 10 11 3 11 9 4 11 11 1 13 10 4 13 10 6 13 8 7 13 10 8 13 9 1 16 8 4 16 15 6 16 10 7 16 10 8 16 8 3 18 7 4 18 11 6 18 10 8 18 9 1 19 9 3 19 9 7 19 14 8 19 11
51 170 1 1 1 0 17 11
52 176 3 3 1 2 14 10 4 14 10 7 14 11
53 177 18 6 6 2 13 9 3 13 13 5 13 15 7 13 10 1 14 15 3 14 13 2 15 10 9 15 10 1 17 11 5 17 9 7 17 9 9 17 8 2 18 13 3 18 14 5 18 11 9 18 11 1 19 12 7 19 10
54 184 3 3 1 0 15 10 2 15 11 5 15 9
55 188 20 2 10 4 10 8 5 10 9 4 11 6 5 11 12 4 12 12 5 12 14 4 13 8 5 13 9 4 14 10 5 14 14 4 15 13 5 15 8 4 16 10 5 16 13 4 17 10 5 17 8 4 18 12 5 18 11 4 19 9 5 19 14
56 189 50 5 10 0 10 9 3 10 12 5 10 11 6 10 12 9 10 10 0 11 11 3 11 12 5 11 12 6 11 9 9 11 10 0 12 13 3 12 9 5 12 12 6 12 10 9 12 9 0 13 14 3 13 13 5 13 13 6 13 11 9 13 10 0 14 11 3 14 11 5 14 13 6 14 7 9 14 10 0 15 9 3 15 11 5 15 10 6 15 10 9 15 9 0 16 8 3 16 13 5 16 10 6 16 11 9 16 9 0 17 13 3 17 13 5 17 12 6 17 8 9 17 11 0 18 14 3 18 15 5 18 11 6 18 12 9 18 10 0 19 7 3 19 12 5 19 10 6 19 9 9 19 13
57 193 2 2 1 3 17 7 5 17 6
58 198 3 3 1 3 17 14 4 17 11 9 17 11
59 204 6 3 3 4 12 14 0 14 12 2 14 11 0 15 11 2 15 9 4 15 12
60 206 10 1 10 6 10 10 6 11 12 6 12 10 6 13 12 6 14 9 6 15 14 6 16 10 6 17 8 6 18 10 6 19 11
61 208 6 6 1 2 19 13 3 19 10 4 19 7 5 19 9 7 19 12 8 19 10
62 219 6 6 2 8 11 8 1 17 10 3 17 13 4 17 9 5 17 9 9 17 10
63 225 20 2 10 1 10 11 6 10 11 1 11 12 6 11 10 1 12 10 6 12 10 1 13 12 6 13 13 1 14 8 6 14 15 1 15 10 6 15 8 1 16 13 6 16 8 1 17 13 6 17 11 1 18 9 6 18 11 1 19 9 6 19 4
64 229 60 6 10 0 10 14 2 10 8 3 10 14 4 10 13 6 10 10 7 10 10 0 11 11 2 11 11 3 11 7 4 11 10 6 11 11 7 11 14 0 12 11 2 12 8 3 12 9 4 12 9 6 12 9 7 12 10 0 13 13 2 13 15 3 13 11 4 13 11 6 13 8 7 13 12 0 14 12 2 14 10 3 14 11 4 14 12 6 14 9 7 14 11 0 15 9 2 15 10 3 15 9 4 15 13 6 15 10 7 15 12 0 16 11 2 16 10 3 16 10 4 16 14 6 16 11 7 16 10 0 17 10 2 17 6 3 17 11 4 17 14 6 17 9 7 17 9 0 18 8 2 18 12 3 18 13 4 18 14 6 18 5 7 18 12 0 19 11 2 19 11 3 19 10 4 19 10 6 19 11 7 19 14
65 231 2 2 1 2 10 9 5 10 10
66 232 12 6 4 6 10 7 8 10 14 9 10 7 1 11 13 2 11 11 8 11 12 5 18 8 6 18 7 1 19 11 2 19 12 5 19 9 9 19 10
67 235 21 3 10 1 10 12 8 10 10 1 11 11 8 11 11 9 11 11 1 12 8 1 13 9 8 13 11 9 13 11 1 14 11 8 15 14 9 15 10 1 16 13 9 16 10 8 17 14 9 17 12 1 18 11 8 18 8 9 18 8 8 19 11 9 19 11
68 236 3 3 1 0 12 12 2 12 11 3 12 9
69 238 10 5 3 0 10 13 7 10 11 1 15 9 2 15 12 3 15 11 0 19 11 1 19 9 2 19 13 3 19 9 7 19 12
70 245 1 1 1 2 17 8
71 247 2 2 2 1 14 9 5 18 9
72 253 3 3 1 0 17 10 3 17 12 4 17 14
73 257 1 1 1 0 13 11
74 258 12 6 4 1 10 10 2 10 12 3 10 11 9 10 9 1 13 10 2 16 12 3 16 13 6 16 9 7 16 12 6 19 10 7 19 8 9 19 8
75 264 3 3 1 4 19 11 6 19 9 7 19 11
76 270 30 3 10 3 10 12 7 10 12 8 10 11 3 11 11 7 11 14 8 11 6 3 12 10 7 12 12 8 12 14 3 13 13 7 13 12 8 13 9 3 14 12 7 14 12 8 14 9 3 15 7 7 15 9 8 15 9 3 16 8 7 16 10 8 16 9 3 17 11 7 17 12 8 17 12 3 18 8 7 18 13 8 18 9 3 19 9 7 19 12 8 19 11
77 275 6 6 1 0 14 11 2 14 10 3 14 12 4 14 11 6 14 12 8 14 10
78 276 24 6 7 0 10 10 3 10 8 5 10 15 6 10 11 8 10 7 0 11 9 4 11 13 3 12 15 5 12 10 6 12 7 0 14 11 4 14 8 5 14 11 6 14 10 8 14 10 4 15 8 5 15 12 0 17 7 3 17 12 8 17 11 3 18 12 4 18 13 6 18 12 8 18 9
79 277 2 2 1 2 18 12 9 18 9
80 282 1 1 1 3 14 8
81 288 1 1 1 4 15 10
82 291 6 6 2 0 15 11 1 15 7 6 15 9 9 15 9 2 17 8 7 17 11
83 298 1 1 1 8 11 9
84 299 24 6 7 7 11 10 8 11 12 0 13 11 8 13 11 0 14 11 5 14 13 7 14 12 9 14 8 1 16 9 5 16 11 7 16 11 8 16 10 9 16 13 0 17 10 1 17 9 5 17 11 7 17 9 9 17 9 0 18 9 1 18 9 1 19 13 5 19 8 8 19 9 9 19 12
85 305 42 6 10 1 10 11 3 10 10 7 10 9 9 10 12 1 11 12 2 11 11 5 11 7 7 11 7 2 12 11 7 12 9 9 12 9 1 13 6 2 13 11 3 13 8 5 13 11 9 13 11 1 14 9 3 14 11 5 14 9 9 14 10 1 15 9 2 15 9 3 15 8 5 15 11 7 15 9 3 16 9 5 16 13 7 16 13 9 16 10 2 17 9 5 17 9 7 17 14 9 17 14 1 18 10 2 18 10 3 18 9 5 18 9 1 19 15 2 19 14 3 19 10 7 19 9 9 19 11
86 306 24 6 7 2 10 11 4 10 9 8 10 10 0 11 11 4 11 11 6 13 13 7 13 13 8 13 12 0 14 12 2 14 8 4 14 15 6 14 10 0 15 10 6 15 8 7 15 12 2 16 13 4 16 12 6 16 11 7 16 14 8 16 7 0 17 11 2 17 13 7 17 10 8 17 11
87 312 2 2 1 2 16 10 4 16 8
88 313 18 6 5 0 10 6 1 10 11 2 10 11 7 10 11 9 10 9 0 13 12 1 13 13 2 13 9 4 13 11 7 13 10 4 16 12 7 16 12 0 17 14 1 17 9 4 17 9 9 17 10 2 18 14 9 18 10
89 314 18 6 5 0 14 9 2 14 11 6 14 10 8 14 12 0 16 9 1 16 10 2 16 5 9 16 10 1 17 12 6 17 12 8 17 8 9 17 12 1 18 10 6 18 8 0 19 9 2 19 13 8 19 8 9 19 11
90 319 2 2 1 0 18 10 1 18 12
91 325 3 3 2 7 10 12 0 13 9 3 13 9
92 334 3 3 1 0 12 12 1 12 10 7 12 14
93 337 6 6 1 0 15 8 3 15 16 5 15 12 6 15 10 8 15 5 9 15 14
94 342 1 1 1 6 10 11
95 343 2 2 1 5 18 9 9 18 9
96 344 1 1 1 8 12 11
97 354 2 2 1 0 13 11 2 13 11
98 356 2 2 1 1 12 10 4 12 10
99 359 6 3 3 3 10 8 7 10 16 3 14 9 5 14 13 5 16 14 7 16 11
