20 100
0 0 6 6 1 0 13 8 2 13 8 4 13 12 5 13 13 7 13 13 8 13 11
1 2 12 6 3 1 12 11 4 12 12 6 12 11 8 12 12 9 12 11 1 14 12 5 14 12 6 14 9 8 14 9 4 16 11 5 16 11 9 16 15
2 4 60 6 10 1 10 13 2 10 11 3 10 13 6 10 11 7 10 8 9 10 10 1 11 13 2 11 9 3 11 8 6 11 12 7 11 9 9 11 13 1 12 10 2 12 11 3 12 10 6 12 8 7 12 10 9 12 12 1 13 10 2 13 8 3 13 14 6 13 10 7 13 8 9 13 8 1 14 7 2 14 4 3 14 6 6 14 13 7 14 9 9 14 12 1 15 10 2 15 9 3 15 13 6 15 9 7 15 12 9 15 14 1 16 11 2 16 10 3 16 12 6 16 11 7 16 7 9 16 12 1 17 10 2 17 8 3 17 10 6 17 12 7 17 9 9 17 11 1 18 8 2 18 9 3 18 10 6 18 10 7 18 9 9 18 10 1 19 9 2 19 13 3 19 6 6 19 9 7 19 10 9 19 11
3 8 2 2 1 0 14 11 3 14 8
4 10 2 2 1 1 18 9 5 18 10
5 11 6 6 1 1 19 11 3 19 10 4 19 8 5 19 9 8 19 10 9 19 8
6 13 24 6 7 2 10 9 4 10 8 8 10 10 2 11 11 3 11 9 4 11 13 5 11 8 0 12 11 2 12 12 3 12 8 4 12 11 0 13 9 5 13 12 0 14 9 3 14 14 5 14 12 8 14 11 0 17 12 2 17 11 4 17 10 8 17 10 3 18 14 5 18 10 8 18 12
7 14 3 3 1 2 18 11 6 18 11 9 18 11
8 17 6 6 1 0 10 10 1 10 14 3 10 12 5 10 6 8 10 11 9 10 11
9 20 1 1 1 1 18 9
10 24 12 4 5 2 10 10 6 11 13 7 11 6 0 12 13 2 12 13 7 12 13 0 14 10 2 14 11 6 14 11 7 14 14 0 15 13 6 15 12
11 27 18 6 6 5 11 11 7 11 8 9 11 10 2 13 9 9 13 11 3 16 11 5 16 8 7 16 8 8 16 10 8 17 11 2 18 10 3 18 9 8 18 11 9 18 5 2 19 9 3 19 10 5 19 12 7 19 11
12 28 2 2 1 3 14 8 5 14 9
13 42 10 1 10 0 10 11 0 11 11 0 12 9 0 13 11 0 14 13 0 15 10 0 16 10 0 17 12 0 18 10 0 19 8
14 43 12 6 4 0 11 13 3 11 7 6 11 10 8 11 11 1 13 7 3 15 11 6 15 8 8 15 11 9 15 9 0 16 13 1 16 9 9 16 9
15 45 1 1 1 1 13 11
16 46 4 4 2 5 12 14 4 18 9 6 18 4 7 18 13
17 47 24 6 7 1 10 9 5 10 13 7 10 11 1 11 18 5 11 13 8 11 14 5 12 7 8 12 9 9 12 10 1 13 15 4 13 13 5 13 12 8 13 10 9 13 12 4 14 9 7 14 12 8 14 12 1 18 13 4 18 12 7 18 11 9 18 11 4 19 11 7 19 10 9 19 8
18 52 3 3 1 0 19 11 7 19 10 8 19 5
19 57 6 6 2 3 10 16 0 12 9 2 12 11 4 12 13 5 12 12 9 12 11
20 59 6 6 1 0 19 12 1 19 9 6 19 8 7 19 13 8 19 12 9 19 10
21 67 2 2 1 4 17 14 6 17 11
22 68 10 1 10 8 10 10 8 11 9 8 12 13 8 13 11 8 14 10 8 15 12 8 16 14 8 17 10 8 18 10 8 19 11
23 71 12 6 3 0 11 11 2 11 13 3 11 12 4 11 11 8 11 9 2 13 11 4 13 12 7 13 10 0 17 12 3 17 12 7 17 10 8 17 6
24 80 5 5 1 1 10 8 5 10 10 6 10 14 7 10 10 8 10 11
25 86 1 1 1 2 18 11
26 89 4 4 1 1 18 11 5 18 11 6 18 9 8 18 10
27 90 18 6 4 0 12 13 2 12 11 5 12 11 0 15 9 1 15 13 3 15 7 6 15 9 0 16 16 1 16 10 2 16 9 3 16 11 5 16 12 6 16 13 1 19 6 2 19 11 3 19 9 5 19 10 6 19 7
28 91 8 4 3 3 10 15 6 10 12 7 10 7 3 14 10 8 14 12 6 15 10 7 15 10 8 15 10
29 95 60 6 10 3 10 11 4 10 10 5 10 11 6 10 8 7 10 14 8 10 15 3 11 12 4 11 11 5 11 12 6 11 11 7 11 10 8 11 10 3 12 14 4 12 8 5 12 13 6 12 12 7 12 12 8 12 11 3 13 11 4 13 7 5 13 9 6 13 14 7 13 11 8 13 11 3 14 9 4 14 10 5 14 11 6 14 12 7 14 11 8 14 11 3 15 11 4 15 11 5 15 11 6 15 13 7 15 14 8 15 13 3 16 11 4 16 12 5 16 12 6 16 11 7 16 10 8 16 9 3 17 8 4 17 10 5 17 13 6 17 11 7 17 12 8 17 9 3 18 9 4 18 12 5 18 10 6 18 10 7 18 12 8 18 10 3 19 10 4 19 12 5 19 10 6 19 9 7 19 10 8 19 14
30 101 6 6 1 0 18 10 1 18 6 2 18 13 3 18 11 5 18 11 8 18 12
31 107 6 6 2 0 12 11 1 12 12 4 12 14 2 18 11 5 18 12 7 18 14
32 114 2 2 1 0 14 8 4 14 10
33 120 1 1 1 5 10 12
34 125 3 3 1 2 16 11 5 16 12 9 16 13
35 127 15 5 5 8 13 10 4 14 7 8 14 7 9 14 13 0 15 11 6 15 13 0 16 9 4 16 10 6 16 6 9 16 10 0 19 8 4 19 9 6 19 8 8 19 10 9 19 9
36 132 12 6 4 1 10 9 5 10 7 9 10 9 2 15 10 4 15 8 3 17 7 5 17 9 9 17 11 1 19 9 2 19 6 3 19 10 4 19 14
37 135 3 3 2 0 17 11 3 17 10 6 18 11
38 137 6 3 2 0 14 12 2 14 10 4 14 14 0 16 10 2 16 11 4 16 11
39 140 6 6 1 2 17 11 3 17 15 5 17 11 6 17 12 7 17 12 9 17 10
40 146 4 4 2 6 12 10 7 12 10 8 12 13 3 18 12
41 149 3 3 2 0 10 11 5 11 11 6 11 11
42 155 2 2 1 2 15 12 4 15 7
43 156 6 6 2 3 10 9 5 10 12 1 11 10 4 11 11 8 11 12 9 11 9
44 159 1 1 1 5 12 15
45 160 6 6 2 4 12 7 7 12 10 9 12 13 0 16 12 1 16 9 6 16 14
46 161 6 6 1 1 16 9 4 16 11 5 16 11 6 16 6 8 16 10 9 16 9
47 163 1 1 1 9 18 7
48 166 1 1 1 8 12 7
49 167 1 1 1 4 16 14
50 169 6 3 3 4 11 9 6 11 11 7 11 9 6 14 10 4 15 11 7 15 10
51 170 10 5 3 3 14 11 9 14 7 1 15 10 2 15 11 5 15 13 1 16 14 2 16 13 3 16 11 5 16 13 9 16 12
52 176 2 2 1 2 18 7 9 18 11
53 177 24 6 7 3 10 10 4 10 9 6 10 10 9 10 8 0 11 9 4 11 10 6 11 8 9 11 8 4 12 12 6 12 15 7 12 10 0 13 10 3 13 10 7 13 9 0 14 11 3 14 14 6 14 11 7 14 9 0 18 5 7 18 11 9 18 8 3 19 13 4 19 11 9 19 9
54 184 2 2 1 1 14 11 7 14 9
55 188 1 1 1 2 19 15
56 189 12 6 4 2 11 8 7 11 11 0 16 11 3 16 7 9 16 10 0 17 12 3 17 12 5 17 13 2 19 14 5 19 11 7 19 14 9 19 10
57 193 1 1 1 9 17 12
58 198 2 2 1 3 19 10 9 19 6
59 204 18 6 5 1 15 10 2 15 12 7 15 10 9 15 10 0 16 12 1 16 10 2 16 10 7 16 11 9 16 12 4 17 9 9 17 12 0 18 11 4 18 11 0 19 10 1 19 13 2 19 11 4 19 10 7 19 9
60 206 30 3 10 2 10 10 5 10 10 6 10 12 2 11 9 5 11 12 6 11 12 2 12 13 5 12 9 6 12 10 2 13 14 5 13 8 6 13 14 2 14 11 5 14 12 6 14 9 2 15 9 5 15 9 6 15 12 2 16 10 5 16 11 6 16 8 2 17 14 5 17 13 6 17 11 2 18 12 5 18 10 6 18 12 2 19 12 5 19 12 6 19 9
61 208 1 1 1 1 17 7
62 219 20 2 10 1 10 9 3 10 9 1 11 10 3 11 15 1 12 8 3 12 12 1 13 8 3 13 12 1 14 8 3 14 7 1 15 12 3 15 11 1 16 11 3 16 12 1 17 11 3 17 14 1 18 8 3 18 14 1 19 12 3 19 11
63 225 6 6 2 0 10 12 3 10 10 6 10 11 2 18 11 4 18 13 7 18 15
64 229 2 2 2 2 13 8 7 19 14
65 231 4 4 2 6 10 10 8 10 10 0 13 8 7 13 14
66 232 4 4 1 3 15 9 5 15 10 8 15 11 9 15 11
67 235 3 3 1 0 17 8 4 17 11 5 17 14
68 236 6 6 1 1 15 10 2 15 9 4 15 11 5 15 10 7 15 9 8 15 7
69 238 8 4 4 3 12 12 0 15 13 2 15 9 0 16 10 2 16 9 4 16 11 3 19 9 4 19 12
70 245 6 3 3 0 11 13 1 17 9 2 17 11 0 18 15 1 18 12 2 18 9
71 247 4 4 1 1 13 9 3 13 12 8 13 11 9 13 11
72 253 1 1 1 1 17 11
73 257 12 4 4 2 11 11 4 11 11 5 11 11 0 13 10 2 13 11 4 13 12 5 13 12 0 17 10 2 17 11 0 19 10 4 19 10 5 19 8
74 258 1 1 1 9 17 10
75 264 15 5 5 0 12 10 1 12 7 2 12 11 0 16 10 1 16 8 5 16 9 8 16 10 1 17 12 2 17 11 5 17 13 8 17 8 2 18 9 5 18 14 0 19 11 8 19 8
76 270 3 3 2 5 14 11 0 17 9 7 17 10
77 275 6 6 2 1 13 13 9 13 13 2 18 13 4 18 9 5 18 10 8 18 13
78 276 12 6 3 0 10 13 1 10 14 3 10 8 1 12 10 4 12 8 6 12 13 8 12 12 0 15 11 3 15 10 4 15 12 6 15 9 8 15 13
79 277 4 4 1 1 18 12 3 18 9 8 18 8 9 18 11
80 282 1 1 1 3 11 10
81 288 3 3 2 7 13 11 1 16 10 3 16 8
82 291 6 6 1 0 14 10 1 14 13 2 14 8 5 14 14 8 14 10 9 14 15
83 298 12 6 5 3 10 6 4 10 15 5 10 12 7 10 8 0 12 15 1 12 10 5 12 10 0 13 5 1 14 9 3 14 11 7 14 8 4 15 12
84 299 2 2 1 1 12 6 6 12 13
85 305 2 2 1 0 19 10 1 19 9
86 306 1 1 1 1 13 9
87 312 6 6 1 0 14 10 2 14 12 4 14 11 6 14 15 7 14 11 8 14 10
88 313 12 6 4 1 10 6 2 10 13 0 13 13 1 13 8 2 13 11 6 13 12 9 13 9 4 14 10 0 19 10 4 19 8 6 19 10 9 19 8
89 314 1 1 1 6 19 12
90 319 8 4 4 4 10 12 7 10 9 5 13 9 8 13 9 4 15 10 8 15 7 5 18 12 7 18 9
91 325 2 2 1 2 15 11 9 15 9
92 334 6 6 1 1 14 11 2 14 10 5 14 7 6 14 9 7 14 14 8 14 11
93 337 1 1 1 0 15 11
94 342 18 6 6 1 11 12 2 11 9 4 11 13 2 14 13 6 14 11 1 16 14 4 16 12 5 16 8 6 16 11 8 16 10 2 17 13 4 17 11 6 17 7 5 18 10 8 18 8 1 19 12 5 19 11 8 19 9
95 343 60 6 10 1 10 12 2 10 14 4 10 10 5 10 9 6 10 9 8 10 6 1 11 11 2 11 8 4 11 9 5 11 12 6 11 10 8 11 17 1 12 7 2 12 13 4 12 13 5 12 11 6 12 8 8 12 11 1 13 10 2 13 13 4 13 10 5 13 10 6 13 9 8 13 9 1 14 10 2 14 9 4 14 13 5 14 8 6 14 12 8 14 13 1 15 13 2 15 10 4 15 11 5 15 12 6 15 10 8 15 11 1 16 9 2 16 14 4 16 7 5 16 9 6 16 13 8 16 14 1 17 11 2 17 11 4 17 10 5 17 11 6 17 10 8 17 11 1 18 11 2 18 4 4 18 12 5 18 13 6 18 11 8 18 9 1 19 8 2 19 7 4 19 12 5 19 14 6 19 9 8 19 7
96 344 5 5 1 0 11 13 1 11 10 4 11 12 8 11 14 9 11 9
97 354 2 2 1 5 19 10 7 19 10
98 356 3 3 1 3 12 12 6 12 10 9 12 11
99 359 24 6 7 5 10 10 7 10 9 8 10 12 5 11 13 6 11 9 6 14 10 8 14 9 9 14 10 4 15 11 5 15 12 7 15 8 9 15 10 4 16 11 6 16 11 7 16 13 8 16 10 9 16 7 4 17 10 6 17 10 7 17 12 4 18 9 5 18 7 8 18 10 9 18 8
