20 100
0 0 40 4 10 2 10 9 4 10 10 7 10 11 9 10 11 2 11 4 4 11 10 7 11 11 9 11 8 2 12 12 4 12 11 7 12 8 9 12 11 2 13 16 4 13 12 7 13 10 9 13 15 2 14 12 4 14 9 7 14 10 9 14 10 2 15 10 4 15 13 7 15 10 9 15 9 2 16 10 4 16 15 7 16 14 9 16 11 2 17 10 4 17 10 7 17 4 9 17 10 2 18 8 4 18 7 7 18 8 9 18 6 2 19 9 4 19 10 7 19 13 9 19 11
1 2 6 6 3 2 10 8 9 10 8 4 11 11 8 11 12 6 13 11 7 13 12
2 4 4 4 1 0 19 11 2 19 12 8 19 9 9 19 9
3 8 2 2 1 2 17 10 6 17 9
4 10 60 6 10 0 10 15 1 10 8 2 10 7 5 10 12 6 10 12 7 10 12 0 11 9 1 11 13 2 11 15 5 11 11 6 11 9 7 11 9 0 12 11 1 12 11 2 12 8 5 12 12 6 12 8 7 12 13 0 13 9 1 13 13 2 13 8 5 13 11 6 13 9 7 13 9 0 14 17 1 14 9 2 14 10 5 14 9 6 14 8 7 14 12 0 15 10 1 15 8 2 15 12 5 15 12 6 15 14 7 15 13 0 16 11 1 16 10 2 16 11 5 16 12 6 16 12 7 16 8 0 17 12 1 17 8 2 17 11 5 17 10 6 17 13 7 17 12 0 18 9 1 18 9 2 18 10 5 18 11 6 18 11 7 18 8 0 19 13 1 19 10 2 19 8 5 19 14 6 19 10 7 19 11
5 11 1 1 1 7 12 9
6 13 6 6 2 3 16 10 8 16 15 0 19 10 5 19 14 6 19 11 9 19 9
7 14 2 2 1 0 13 8 5 13 9
8 17 30 3 10 0 10 8 4 10 10 7 10 9 0 11 10 4 11 8 7 11 10 0 12 13 4 12 9 7 12 14 0 13 13 4 13 10 7 13 9 0 14 11 4 14 13 7 14 9 0 15 8 4 15 12 7 15 13 0 16 12 4 16 11 7 16 11 0 17 9 4 17 8 7 17 8 0 18 13 4 18 8 7 18 12 0 19 13 4 19 11 7 19 11
9 20 12 6 3 1 12 9 3 12 10 6 12 8 0 14 12 3 14 11 4 14 9 6 14 9 7 14 8 0 19 8 1 19 14 4 19 10 7 19 9
10 24 1 1 1 0 13 8
11 27 3 3 1 3 14 10 4 14 8 9 14 14
12 28 18 6 6 0 11 11 4 11 13 9 11 13 3 12 15 4 12 13 5 12 13 0 14 15 2 14 12 3 14 13 2 15 7 3 15 10 5 15 11 9 15 12 4 18 10 5 18 8 0 19 13 2 19 10 9 19 11
13 42 3 3 1 1 13 9 2 13 13 3 13 12
14 43 18 6 6 3 10 9 5 10 11 1 11 8 3 11 13 9 11 11 1 12 8 4 12 8 5 12 12 9 12 13 3 13 13 4 13 6 8 13 11 4 14 13 8 14 9 1 18 10 5 18 13 8 18 12 9 18 11
15 45 1 1 1 6 17 11
16 46 3 3 1 0 10 7 5 10 8 7 10 13
17 47 18 6 6 2 10 9 4 10 11 6 10 9 7 10 7 4 11 9 9 11 13 0 12 12 4 12 13 6 12 8 0 15 11 2 15 11 7 17 11 9 17 6 0 18 9 2 18 8 6 18 11 7 18 9 9 18 10
18 52 12 6 4 4 12 12 5 12 8 9 12 12 1 13 12 4 13 9 6 13 10 7 13 12 9 13 10 1 17 8 6 17 15 7 17 9 5 19 10
19 57 6 6 1 2 10 13 5 10 11 6 10 9 7 10 10 8 10 7 9 10 10
20 59 3 3 1 4 17 8 7 17 10 9 17 11
21 67 1 1 1 0 12 12
22 68 2 2 1 4 17 9 9 17 11
23 71 1 1 1 0 19 10
24 80 24 6 7 1 10 12 2 10 10 3 10 12 7 10 12 9 10 11 1 11 9 2 11 8 7 11 11 9 11 12 7 12 6 9 12 9 1 14 13 2 14 10 3 14 12 4 14 10 7 14 12 1 15 13 3 15 13 4 15 10 3 16 8 4 16 10 2 17 10 4 17 11 9 17 8
25 86 8 4 3 4 10 11 8 10 10 9 10 12 2 15 12 8 15 8 2 17 10 4 17 9 9 17 10
26 89 1 1 1 3 18 13
27 90 2 2 1 8 10 10 9 10 14
28 91 6 6 2 1 16 10 2 16 14 9 16 9 5 17 10 7 17 10 8 17 10
29 95 1 1 1 2 14 8
30 101 18 6 6 1 10 10 9 10 8 4 11 10 5 11 14 1 13 7 5 13 9 7 13 14 8 13 9 1 15 13 4 15 13 5 15 8 7 15 10 8 15 14 7 16 13 8 16 13 9 16 12 4 19 9 9 19 9
31 107 1 1 1 3 16 13
32 114 15 5 5 9 13 10 4 15 10 6 15 10 8 15 13 9 15 9 1 16 12 4 16 12 8 16 8 9 16 11 1 18 12 6 18 11 8 18 9 1 19 11 4 19 13 6 19 14
33 120 6 6 1 0 19 13 2 19 16 4 19 15 6 19 13 8 19 11 9 19 8
34 125 1 1 1 7 13 11
35 127 2 2 1 4 12 8 8 12 8
36 132 6 6 1 0 15 8 2 15 11 4 15 9 6 15 10 8 15 11 9 15 13
37 135 50 5 10 0 10 14 2 10 11 3 10 13 7 10 14 8 10 11 0 11 10 2 11 8 3 11 9 7 11 12 8 11 7 0 12 10 2 12 11 3 12 12 7 12 9 8 12 12 0 13 12 2 13 11 3 13 10 7 13 12 8 13 13 0 14 10 2 14 11 3 14 13 7 14 11 8 14 10 0 15 11 2 15 10 3 15 11 7 15 10 8 15 11 0 16 9 2 16 12 3 16 11 7 16 9 8 16 12 0 17 9 2 17 11 3 17 10 7 17 9 8 17 11 0 18 9 2 18 5 3 18 7 7 18 8 8 18 10 0 19 13 2 19 11 3 19 11 7 19 8 8 19 12
38 137 60 6 10 0 10 9 1 10 9 2 10 10 3 10 12 5 10 12 7 10 9 0 11 11 1 11 10 2 11 11 3 11 11 5 11 8 7 11 14 0 12 14 1 12 11 2 12 11 3 12 9 5 12 12 7 12 10 0 13 6 1 13 14 2 13 10 3 13 11 5 13 11 7 13 10 0 14 12 1 14 12 2 14 10 3 14 10 5 14 8 7 14 11 0 15 11 1 15 11 2 15 11 3 15 14 5 15 12 7 15 12 0 16 12 1 16 12 2 16 11 3 16 10 5 16 10 7 16 11 0 17 12 1 17 12 2 17 10 3 17 10 5 17 8 7 17 10 0 18 10 1 18 11 2 18 8 3 18 10 5 18 9 7 18 13 0 19 10 1 19 9 2 19 10 3 19 8 5 19 10 7 19 12
39 140 6 6 2 7 15 7 8 15 11 9 15 11 1 17 12 2 17 8 4 17 9
40 146 60 6 10 0 10 16 4 10 12 5 10 10 6 10 9 7 10 10 9 10 7 0 11 11 4 11 9 5 11 14 6 11 10 7 11 14 9 11 12 0 12 11 4 12 11 5 12 10 6 12 8 7 12 11 9 12 11 0 13 14 4 13 13 5 13 10 6 13 7 7 13 9 9 13 10 0 14 9 4 14 13 5 14 12 6 14 11 7 14 9 9 14 8 0 15 11 4 15 11 5 15 7 6 15 8 7 15 13 9 15 14 0 16 10 4 16 6 5 16 10 6 16 12 7 16 12 9 16 11 0 17 14 4 17 11 5 17 13 6 17 14 7 17 6 9 17 12 0 18 10 4 18 10 5 18 10 6 18 9 7 18 9 9 18 10 0 19 9 4 19 9 5 19 10 6 19 9 7 19 9 9 19 13
41 149 1 1 1 0 14 9
42 155 20 2 10 3 10 7 5 10 11 3 11 13 5 11 14 3 12 11 5 12 10 3 13 10 5 13 10 3 14 11 5 14 11 3 15 11 5 15 12 3 16 7 5 16 11 3 17 10 5 17 10 3 18 12 5 18 10 3 19 13 5 19 13
43 156 12 6 4 1 11 9 4 11 12 5 11 11 2 12 9 3 12 13 8 12 10 1 16 12 2 16 11 3 16 10 5 16 10 4 17 12 8 17 12
44 159 2 2 1 0 17 7 4 17 13
45 160 3 3 2 8 12 10 6 13 8 9 13 10
46 161 50 5 10 1 10 9 4 10 10 5 10 10 6 10 9 9 10 11 1 11 15 4 11 12 5 11 7 6 11 11 9 11 11 1 12 12 4 12 15 5 12 10 6 12 11 9 12 10 1 13 8 4 13 7 5 13 9 6 13 11 9 13 8 1 14 12 4 14 12 5 14 10 6 14 8 9 14 11 1 15 12 4 15 14 5 15 8 6 15 13 9 15 15 1 16 10 4 16 11 5 16 13 6 16 12 9 16 9 1 17 12 4 17 10 5 17 7 6 17 11 9 17 12 1 18 12 4 18 13 5 18 11 6 18 14 9 18 13 1 19 11 4 19 10 5 19 10 6 19 10 9 19 12
47 163 18 6 5 2 11 11 5 11 12 6 11 8 9 11 9 4 12 12 6 12 6 9 12 10 2 14 8 5 14 14 7 14 11 2 16 9 4 16 12 5 16 14 7 16 13 4 18 15 6 18 12 7 18 14 9 18 13
48 166 60 6 10 1 10 11 2 10 10 4 10 14 7 10 8 8 10 13 9 10 11 1 11 10 2 11 11 4 11 10 7 11 11 8 11 13 9 11 9 1 12 6 2 12 12 4 12 9 7 12 11 8 12 8 9 12 8 1 13 6 2 13 6 4 13 12 7 13 12 8 13 15 9 13 11 1 14 10 2 14 13 4 14 11 7 14 8 8 14 14 9 14 13 1 15 9 2 15 10 4 15 9 7 15 9 8 15 10 9 15 11 1 16 11 2 16 11 4 16 10 7 16 11 8 16 8 9 16 11 1 17 10 2 17 12 4 17 6 7 17 14 8 17 10 9 17 12 1 18 11 2 18 10 4 18 7 7 18 8 8 18 9 9 18 9 1 19 6 2 19 12 4 19 9 7 19 7 8 19 13 9 19 11
49 167 3 3 2 7 13 12 8 13 7 0 18 13
50 169 60 6 10 0 10 8 3 10 9 5 10 10 6 10 9 8 10 14 9 10 11 0 11 10 3 11 13 5 11 12 6 11 10 8 11 12 9 11 11 0 12 14 3 12 12 5 12 14 6 12 8 8 12 13 9 12 9 0 13 12 3 13 11 5 13 11 6 13 11 8 13 11 9 13 9 0 14 10 3 14 12 5 14 6 6 14 10 8 14 12 9 14 10 0 15 10 3 15 12 5 15 8 6 15 11 8 15 11 9 15 8 0 16 9 3 16 13 5 16 11 6 16 14 8 16 11 9 16 11 0 17 11 3 17 12 5 17 12 6 17 13 8 17 13 9 17 9 0 18 12 3 18 10 5 18 12 6 18 12 8 18 11 9 18 11 0 19 13 3 19 13 5 19 14 6 19 7 8 19 12 9 19 8
51 170 1 1 1 5 11 9
52 176 3 3 2 3 13 7 7 13 14 2 16 10
53 177 12 6 4 2 12 9 3 12 14 6 12 8 8 12 9 9 12 11 2 14 11 4 14 14 3 15 12 6 15 10 8 15 12 9 15 9 4 19 9
54 184 20 2 10 8 10 12 9 10 10 8 11 8 9 11 8 8 12 12 9 12 7 8 13 10 9 13 11 8 14 14 9 14 12 8 15 9 9 15 10 8 16 11 9 16 5 8 17 8 9 17 13 8 18 5 9 18 10 8 19 9 9 19 10
55 188 12 6 4 3 10 12 8 10 12 5 12 11 7 12 10 9 12 9 0 13 8 5 13 7 7 13 8 8 13 13 9 13 9 0 18 11 3 18 10
56 189 3 3 1 2 10 13 3 10 12 4 10 13
57 193 6 6 3 6 10 10 9 10 12 0 14 11 3 14 17 2 16 5 4 16 10
58 198 24 6 7 0 11 11 4 11 13 5 11 10 4 12 11 7 12 12 8 12 8 0 13 13 3 13 9 4 13 9 5 13 13 7 13 8 5 14 10 7 14 11 8 14 12 3 15 10 8 15 7 0 16 12 3 16 9 4 16 10 5 16 13 8 16 8 0 19 13 3 19 12 7 19 14
59 204 6 6 2 0 14 12 2 14 12 3 14 8 6 14 10 4 18 13 7 18 12
60 206 1 1 1 2 17 11
61 208 20 2 10 5 10 13 8 10 3 5 11 11 8 11 11 5 12 11 8 12 7 5 13 3 8 13 13 5 14 11 8 14 12 5 15 9 8 15 7 5 16 9 8 16 11 5 17 12 8 17 10 5 18 7 8 18 13 5 19 9 8 19 10
62 219 4 4 2 2 13 14 1 16 10 3 16 9 4 16 9
63 225 60 6 10 0 10 10 3 10 10 4 10 14 5 10 9 8 10 13 9 10 12 0 11 12 3 11 10 4 11 8 5 11 8 8 11 14 9 11 10 0 12 7 3 12 11 4 12 13 5 12 9 8 12 9 9 12 12 0 13 12 3 13 12 4 13 9 5 13 8 8 13 12 9 13 10 0 14 13 3 14 9 4 14 10 5 14 12 8 14 12 9 14 11 0 15 9 3 15 10 4 15 10 5 15 10 8 15 12 9 15 12 0 16 12 3 16 11 4 16 11 5 16 10 8 16 12 9 16 9 0 17 9 3 17 13 4 17 6 5 17 12 8 17 8 9 17 8 0 18 13 3 18 12 4 18 11 5 18 7 8 18 10 9 18 11 0 19 10 3 19 9 4 19 10 5 19 11 8 19 12 9 19 10
64 229 8 4 4 2 10 15 4 11 11 3 13 9 9 13 12 2 19 10 3 19 9 4 19 10 9 19 13
65 231 60 6 10 0 10 7 4 10 10 5 10 12 7 10 10 8 10 10 9 10 15 0 11 10 4 11 11 5 11 10 7 11 12 8 11 14 9 11 13 0 12 9 4 12 11 5 12 12 7 12 12 8 12 9 9 12 11 0 13 9 4 13 9 5 13 10 7 13 11 8 13 11 9 13 10 0 14 11 4 14 10 5 14 8 7 14 13 8 14 13 9 14 14 0 15 10 4 15 11 5 15 8 7 15 13 8 15 11 9 15 11 0 16 11 4 16 10 5 16 10 7 16 10 8 16 11 9 16 14 0 17 11 4 17 13 5 17 8 7 17 9 8 17 11 9 17 8 0 18 12 4 18 8 5 18 9 7 18 8 8 18 10 9 18 8 0 19 9 4 19 8 5 19 10 7 19 9 8 19 9 9 19 11
66 232 40 4 10 0 10 12 2 10 10 3 10 9 7 10 12 0 11 9 2 11 10 3 11 8 7 11 12 0 12 11 2 12 10 3 12 10 7 12 7 0 13 13 2 13 8 3 13 9 7 13 6 0 14 12 2 14 10 3 14 6 7 14 13 0 15 8 2 15 11 3 15 9 7 15 8 0 16 9 2 16 12 3 16 10 7 16 10 0 17 11 2 17 12 3 17 5 7 17 11 0 18 12 2 18 11 3 18 13 7 18 9 0 19 13 2 19 14 3 19 14 7 19 8
67 235 6 3 3 0 11 7 7 11 11 8 11 12 0 14 13 8 14 11 7 18 9
68 236 15 5 5 1 12 8 9 12 14 4 13 11 5 13 13 7 13 13 4 15 12 7 15 12 1 17 12 5 17 9 7 17 8 9 17 10 1 18 8 4 18 8 5 18 8 9 18 15
69 238 1 1 1 3 10 13
70 245 1 1 1 5 17 11
71 247 2 2 1 0 19 8 2 19 13
72 253 1 1 1 9 19 10
73 257 40 4 10 2 10 11 3 10 8 6 10 6 8 10 14 2 11 13 3 11 9 6 11 10 8 11 5 2 12 13 3 12 12 6 12 9 8 12 9 2 13 14 3 13 8 6 13 9 8 13 9 2 14 9 3 14 10 6 14 9 8 14 8 2 15 9 3 15 13 6 15 12 8 15 12 2 16 14 3 16 11 6 16 9 8 16 9 2 17 15 3 17 7 6 17 11 8 17 7 2 18 9 3 18 9 6 18 8 8 18 12 2 19 6 3 19 9 6 19 9 8 19 9
74 258 3 3 1 1 11 12 4 11 17 5 11 6
75 264 12 4 5 4 10 10 8 10 14 9 10 10 4 13 8 8 13 9 3 15 10 4 15 13 8 15 7 9 15 7 3 16 9 3 18 15 9 18 9
76 270 1 1 1 7 19 10
77 275 6 6 2 3 15 14 5 15 9 0 19 16 1 19 8 4 19 14 7 19 12
78 276 3 3 1 3 14 11 4 14 10 7 14 10
79 277 12 4 4 2 10 12 3 10 9 4 10 11 6 10 13 2 12 11 3 12 13 4 12 9 2 14 8 3 14 9 4 14 10 6 14 12 6 18 9
80 282 20 2 10 2 10 15 9 10 14 2 11 7 9 11 12 2 12 7 9 12 14 2 13 11 9 13 12 2 14 12 9 14 10 2 15 12 9 15 9 2 16 14 9 16 10 2 17 14 9 17 13 2 18 9 9 18 12 2 19 8 9 19 9
81 288 8 4 3 4 14 12 9 14 8 1 16 12 2 16 13 9 16 9 1 19 9 2 19 12 4 19 9
82 291 18 6 6 0 10 8 5 10 15 6 10 8 7 10 12 8 10 11 7 11 7 8 11 13 0 12 10 6 12 9 7 12 9 0 13 7 4 13 7 5 13 14 6 13 9 4 15 14 4 16 12 5 16 9 8 16 10
83 298 2 2 1 2 19 11 5 19 10
84 299 1 1 1 6 12 10
85 305 1 1 1 7 10 11
86 306 18 6 5 0 11 13 3 11 10 4 11 9 5 11 8 8 11 10 0 12 11 3 12 7 4 12 6 5 12 11 6 12 12 0 13 8 3 13 12 8 13 11 4 15 9 6 15 8 5 17 11 6 17 12 8 17 11
87 312 4 4 1 2 14 10 3 14 9 4 14 11 5 14 8
88 313 2 2 1 1 10 9 8 10 7
89 314 2 2 1 0 10 7 9 10 8
90 319 20 2 10 1 10 12 9 10 13 1 11 10 9 11 13 1 12 12 9 12 11 1 13 10 9 13 12 1 14 10 9 14 13 1 15 9 9 15 12 1 16 13 9 16 10 1 17 11 9 17 11 1 18 13 9 18 10 1 19 10 9 19 8
91 325 2 2 1 5 19 13 9 19 17
92 334 18 6 5 0 10 7 1 10 10 4 10 12 5 10 11 7 10 13 9 10 10 0 12 14 1 12 13 4 12 11 7 12 11 4 15 11 9 15 10 0 16 9 5 16 12 7 16 8 9 16 15 1 17 9 5 17 10
93 337 24 6 8 6 10 10 7 10 8 6 11 9 7 11 10 9 11 11 1 12 14 2 12 8 6 12 9 7 12 7 9 12 14 3 13 8 1 14 10 2 14 10 7 14 9 9 14 13 2 15 9 3 15 12 1 16 10 2 16 11 3 16 11 6 16 10 9 16 9 1 19 11 3 19 11
94 342 6 6 1 0 13 11 1 13 12 2 13 8 3 13 10 7 13 12 8 13 11
95 343 6 6 2 3 13 10 5 13 10 0 16 14 1 16 10 7 16 9 9 16 13
96 344 6 6 2 0 10 14 3 10 10 6 10 10 7 10 11 5 18 10 8 18 12
97 354 2 2 1 3 11 11 9 11 10
98 356 18 6 5 2 12 8 4 12 14 5 12 11 9 12 9 4 14 11 8 14 13 9 14 14 1 15 6 2 15 13 5 15 9 1 17 10 2 17 11 4 17 10 8 17 9 1 19 14 5 19 6 8 19 9 9 19 11
99 359 2 2 1 5 11 11 6 11 13
