20 100
0 0 6 6 1 0 16 9 3 16 11 4 16 12 6 16 8 8 16 10 9 16 11
1 2 2 2 1 0 10 6 7 10 10
2 4 6 6 3 1 11 13 2 11 12 4 11 11 0 12 8 7 12 11 8 16 11
3 8 2 2 1 0 14 7 4 14 9
4 10 60 6 10 0 10 11 1 10 12 4 10 11 5 10 8 6 10 11 9 10 11 0 11 12 1 11 11 4 11 13 5 11 9 6 11 13 9 11 10 0 12 8 1 12 10 4 12 10 5 12 11 6 12 12 9 12 13 0 13 10 1 13 13 4 13 10 5 13 8 6 13 11 9 13 8 0 14 11 1 14 12 4 14 10 5 14 9 6 14 9 9 14 9 0 15 11 1 15 10 4 15 8 5 15 14 6 15 10 9 15 11 0 16 13 1 16 10 4 16 12 5 16 9 6 16 8 9 16 10 0 17 8 1 17 14 4 17 8 5 17 9 6 17 11 9 17 13 0 18 11 1 18 14 4 18 11 5 18 12 6 18 13 9 18 11 0 19 12 1 19 8 4 19 13 5 19 11 6 19 7 9 19 7
5 11 4 4 1 3 18 10 5 18 9 7 18 9 8 18 11
6 13 3 3 1 2 13 8 4 13 8 9 13 10
7 14 6 6 2 3 12 7 9 12 8 0 14 12 4 14 8 7 14 11 8 14 13
8 17 3 3 2 1 17 9 8 17 11 6 19 7
9 20 3 3 1 0 18 8 1 18 8 7 18 10
10 24 3 3 1 1 17 12 4 17 10 7 17 12
11 27 1 1 1 2 11 12
12 28 4 4 2 2 12 10 4 12 11 6 15 11 7 15 6
13 42 2 2 1 0 12 8 6 12 13
14 43 6 6 1 0 12 9 1 12 10 4 12 11 6 12 8 7 12 8 9 12 10
15 45 6 6 2 1 15 9 5 15 11 9 15 7 0 19 11 3 19 15 7 19 9
16 46 12 6 5 2 10 14 8 10 11 3 11 8 5 11 5 6 11 8 9 12 15 3 13 10 8 13 8 9 13 6 2 16 9 5 16 12 6 16 13
17 47 2 2 1 0 19 11 4 19 9
18 52 24 6 7 3 11 12 0 14 11 4 14 10 5 14 13 7 14 11 9 14 12 0 15 9 4 15 12 7 15 11 0 16 6 3 16 9 5 16 10 7 16 8 9 16 12 3 17 12 4 17 11 5 17 10 9 17 16 3 18 13 4 18 13 9 18 15 0 19 9 5 19 12 7 19 11
19 57 2 2 1 7 14 12 9 14 9
20 59 6 6 2 3 11 11 4 11 15 5 11 10 1 16 9 6 16 9 8 16 12
21 67 2 2 1 0 15 8 7 15 10
22 68 60 6 10 0 10 7 2 10 10 4 10 7 7 10 11 8 10 8 9 10 13 0 11 9 2 11 11 4 11 12 7 11 11 8 11 9 9 11 9 0 12 9 2 12 10 4 12 11 7 12 11 8 12 13 9 12 11 0 13 11 2 13 10 4 13 12 7 13 9 8 13 12 9 13 10 0 14 10 2 14 10 4 14 11 7 14 10 8 14 11 9 14 10 0 15 15 2 15 9 4 15 13 7 15 14 8 15 10 9 15 11 0 16 14 2 16 13 4 16 10 7 16 12 8 16 10 9 16 9 0 17 12 2 17 13 4 17 9 7 17 9 8 17 10 9 17 13 0 18 8 2 18 10 4 18 12 7 18 14 8 18 10 9 18 3 0 19 13 2 19 9 4 19 10 7 19 12 8 19 10 9 19 10
23 71 35 5 10 2 10 11 3 10 11 6 10 12 1 11 9 2 11 9 4 11 12 6 11 11 1 12 6 2 12 10 3 12 10 4 12 12 6 12 11 1 13 10 3 13 9 6 13 14 2 14 8 4 14 8 6 14 11 3 15 11 4 15 12 6 15 10 1 16 10 2 16 8 3 16 8 4 16 9 6 16 14 1 17 10 4 17 6 1 18 12 2 18 12 3 18 11 1 19 7 2 19 8 3 19 9 4 19 10
24 80 2 2 2 6 16 9 9 17 11
25 86 1 1 1 8 16 13
26 89 4 4 1 0 12 12 1 12 12 4 12 11 5 12 12
27 90 24 6 6 5 10 9 6 10 9 2 11 11 4 11 11 5 11 12 6 11 13 7 11 13 2 12 10 4 12 9 5 12 12 8 12 10 2 13 9 5 13 12 6 13 13 7 13 8 8 13 8 2 15 11 4 15 8 7 15 6 8 15 7 4 17 10 6 17 10 7 17 11 8 17 8
28 91 18 6 6 3 10 13 4 10 9 8 10 12 9 10 9 6 13 14 7 13 11 9 13 13 3 16 14 4 16 11 8 16 6 9 16 12 4 17 10 6 17 7 3 18 12 6 18 9 7 18 10 8 18 15 7 19 7
29 95 12 6 3 0 11 8 4 11 11 7 11 10 8 11 10 9 11 12 6 13 10 7 13 9 0 14 10 4 14 12 6 14 13 8 14 10 9 14 10
30 101 2 2 1 5 19 13 8 19 12
31 107 20 2 10 1 10 9 6 10 13 1 11 12 6 11 10 1 12 12 6 12 7 1 13 11 6 13 10 1 14 11 6 14 10 1 15 8 6 15 12 1 16 10 6 16 12 1 17 8 6 17 7 1 18 12 6 18 8 1 19 10 6 19 9
32 114 2 2 1 0 10 11 9 10 9
33 120 18 6 6 0 11 12 4 11 8 1 12 11 5 12 13 9 12 11 1 13 11 4 13 11 8 13 10 5 14 12 8 14 13 0 16 13 1 16 11 9 16 10 0 17 12 4 17 13 5 17 15 8 17 10 9 17 9
34 125 6 6 3 3 12 10 2 17 9 4 17 10 6 17 11 7 19 13 9 19 14
35 127 2 2 1 0 19 8 5 19 12
36 132 24 6 7 4 12 10 5 12 11 2 13 12 3 13 9 4 13 8 9 13 8 2 14 10 3 14 14 4 14 11 8 14 12 4 15 13 5 15 11 9 15 12 2 17 11 3 17 8 8 17 9 9 17 11 2 18 12 3 18 10 5 18 9 8 18 10 9 18 10 5 19 12 8 19 6
37 135 27 3 10 2 10 9 7 10 8 9 10 6 2 11 10 7 11 10 9 11 7 2 12 8 7 12 8 9 12 9 2 13 11 7 13 6 9 13 8 2 14 12 7 14 11 7 15 9 9 15 9 2 16 13 7 16 10 9 16 12 2 17 10 7 17 11 9 17 7 2 18 12 9 18 7 2 19 12 7 19 10 9 19 12
38 137 60 6 10 3 10 8 4 10 9 6 10 10 7 10 8 8 10 10 9 10 7 3 11 12 4 11 10 6 11 10 7 11 7 8 11 8 9 11 10 3 12 16 4 12 12 6 12 11 7 12 10 8 12 14 9 12 9 3 13 9 4 13 11 6 13 10 7 13 12 8 13 10 9 13 14 3 14 11 4 14 12 6 14 13 7 14 8 8 14 13 9 14 8 3 15 9 4 15 11 6 15 10 7 15 12 8 15 10 9 15 12 3 16 9 4 16 10 6 16 6 7 16 9 8 16 12 9 16 6 3 17 7 4 17 13 6 17 13 7 17 8 8 17 13 9 17 9 3 18 9 4 18 11 6 18 13 7 18 14 8 18 13 9 18 9 3 19 14 4 19 11 6 19 12 7 19 12 8 19 11 9 19 10
39 140 24 3 10 4 10 10 8 10 11 3 11 8 8 11 11 3 12 9 4 12 9 8 12 13 3 13 11 4 13 10 8 13 13 3 14 13 4 14 9 8 14 10 4 15 8 3 16 12 4 16 11 8 16 6 3 17 11 4 17 10 3 18 8 8 18 10 3 19 16 4 19 9 8 19 12
40 146 1 1 1 4 11 11
41 149 1 1 1 0 15 10
42 155 1 1 1 8 11 9
43 156 10 1 10 2 10 12 2 11 11 2 12 13 2 13 9 2 14 15 2 15 12 2 16 15 2 17 12 2 18 8 2 19 11
44 159 2 2 1 0 13 11 7 13 11
45 160 2 2 1 1 18 9 6 18 10
46 161 2 2 1 3 15 8 8 15 13
47 163 1 1 1 0 17 10
48 166 4 4 1 0 16 13 3 16 11 6 16 8 8 16 11
49 167 1 1 1 2 18 13
50 169 12 6 3 1 15 6 3 15 11 4 15 8 5 15 12 9 15 8 2 18 9 4 18 11 5 18 9 1 19 14 2 19 9 3 19 10 9 19 8
51 170 40 4 10 3 10 11 4 10 12 7 10 10 9 10 11 3 11 14 4 11 8 7 11 12 9 11 11 3 12 13 4 12 11 7 12 8 9 12 7 3 13 13 4 13 7 7 13 8 9 13 13 3 14 13 4 14 12 7 14 7 9 14 12 3 15 11 4 15 9 7 15 9 9 15 11 3 16 8 4 16 12 7 16 7 9 16 12 3 17 12 4 17 12 7 17 12 9 17 11 3 18 9 4 18 12 7 18 8 9 18 9 3 19 9 4 19 8 7 19 11 9 19 6
52 176 30 3 10 4 10 11 5 10 12 6 10 9 4 11 11 5 11 11 6 11 11 4 12 8 5 12 7 6 12 7 4 13 8 5 13 10 6 13 8 4 14 12 5 14 13 6 14 10 4 15 9 5 15 10 6 15 9 4 16 7 5 16 7 6 16 11 4 17 10 5 17 11 6 17 11 4 18 13 5 18 10 6 18 11 4 19 13 5 19 10 6 19 11
53 177 6 3 3 1 13 13 2 13 12 6 13 11 2 15 6 1 18 10 6 18 11
54 184 4 4 2 1 14 9 6 14 10 4 18 13 9 18 9
55 188 6 3 3 6 13 10 8 13 11 0 14 13 6 14 8 8 14 11 0 15 11
56 189 1 1 1 9 11 7
57 193 6 3 3 7 10 16 5 14 10 6 14 11 5 18 8 6 18 8 7 18 15
58 198 6 6 2 1 11 10 0 12 11 2 12 11 3 12 10 6 12 12 7 12 15
59 204 1 1 1 9 15 9
60 206 12 6 4 4 12 10 5 12 15 7 12 12 3 16 9 6 16 10 8 16 7 4 18 13 5 18 11 8 18 11 3 19 13 6 19 12 7 19 8
61 208 40 4 10 2 10 8 4 10 8 5 10 11 8 10 11 2 11 9 4 11 13 5 11 12 8 11 12 2 12 12 4 12 7 5 12 14 8 12 14 2 13 11 4 13 11 5 13 9 8 13 9 2 14 9 4 14 10 5 14 9 8 14 14 2 15 12 4 15 8 5 15 10 8 15 11 2 16 12 4 16 10 5 16 10 8 16 10 2 17 9 4 17 9 5 17 8 8 17 10 2 18 12 4 18 10 5 18 8 8 18 13 2 19 13 4 19 8 5 19 11 8 19 9
62 219 1 1 1 5 15 11
63 225 20 2 10 4 10 12 5 10 13 4 11 10 5 11 9 4 12 9 5 12 12 4 13 14 5 13 8 4 14 9 5 14 8 4 15 9 5 15 8 4 16 11 5 16 9 4 17 8 5 17 11 4 18 10 5 18 12 4 19 9 5 19 11
64 229 4 4 1 1 14 8 5 14 13 8 14 12 9 14 11
65 231 2 2 1 0 11 9 3 11 12
66 232 1 1 1 6 13 12
67 235 20 2 10 0 10 8 8 10 7 0 11 9 8 11 11 0 12 11 8 12 13 0 13 11 8 13 10 0 14 8 8 14 8 0 15 11 8 15 14 0 16 11 8 16 12 0 17 12 8 17 13 0 18 11 8 18 10 0 19 10 8 19 12
68 236 12 6 4 0 14 12 2 14 9 7 14 9 8 14 12 1 15 9 7 15 8 0 16 12 1 16 8 2 16 11 8 16 7 9 16 11 9 19 9
69 238 12 6 4 0 14 9 1 14 12 7 14 13 0 15 11 8 15 10 1 16 12 2 16 9 6 16 9 7 16 11 2 18 9 6 18 10 8 18 9
70 245 6 6 2 0 11 11 2 11 8 4 11 7 1 12 8 5 12 8 9 12 9
71 247 2 2 2 7 11 15 9 12 12
72 253 60 6 10 0 10 9 2 10 11 3 10 11 4 10 12 5 10 11 8 10 12 0 11 13 2 11 11 3 11 10 4 11 11 5 11 12 8 11 12 0 12 9 2 12 12 3 12 8 4 12 12 5 12 9 8 12 11 0 13 11 2 13 10 3 13 6 4 13 13 5 13 10 8 13 13 0 14 9 2 14 12 3 14 11 4 14 7 5 14 11 8 14 14 0 15 7 2 15 14 3 15 9 4 15 9 5 15 12 8 15 9 0 16 10 2 16 7 3 16 9 4 16 12 5 16 11 8 16 10 0 17 10 2 17 10 3 17 7 4 17 14 5 17 13 8 17 10 0 18 10 2 18 9 3 18 9 4 18 14 5 18 9 8 18 12 0 19 9 2 19 9 3 19 10 4 19 12 5 19 13 8 19 12
73 257 6 3 2 3 12 16 6 12 12 8 12 12 3 13 10 6 13 14 8 13 12
74 258 1 1 1 9 15 13
75 264 3 3 2 7 10 8 6 19 12 9 19 7
76 270 2 2 1 1 18 14 4 18 7
77 275 6 3 4 0 13 12 0 17 13 2 17 12 2 18 12 6 18 10 6 19 8
78 276 18 6 6 4 12 8 9 12 13 1 13 13 6 13 12 9 13 12 1 14 12 3 14 9 5 14 8 3 15 10 6 15 8 4 16 10 5 16 12 9 16 12 1 19 11 3 19 10 4 19 8 5 19 11 6 19 9
79 277 5 5 1 0 17 8 1 17 11 2 17 11 3 17 11 7 17 8
80 282 2 2 1 5 19 11 9 19 9
81 288 3 3 1 5 10 10 6 10 9 7 10 12
82 291 12 6 3 3 11 13 6 11 8 2 17 14 4 17 11 5 17 12 6 17 11 8 17 11 2 18 13 3 18 11 4 18 12 5 18 13 8 18 8
83 298 60 6 10 1 10 8 2 10 8 3 10 8 4 10 11 6 10 12 8 10 11 1 11 10 2 11 6 3 11 9 4 11 12 6 11 10 8 11 8 1 12 8 2 12 9 3 12 14 4 12 9 6 12 9 8 12 13 1 13 9 2 13 12 3 13 7 4 13 11 6 13 7 8 13 7 1 14 12 2 14 13 3 14 8 4 14 13 6 14 7 8 14 7 1 15 9 2 15 12 3 15 12 4 15 7 6 15 11 8 15 8 1 16 12 2 16 11 3 16 14 4 16 10 6 16 8 8 16 9 1 17 13 2 17 11 3 17 13 4 17 6 6 17 11 8 17 10 1 18 10 2 18 12 3 18 10 4 18 10 6 18 9 8 18 10 1 19 11 2 19 11 3 19 10 4 19 13 6 19 13 8 19 10
84 299 1 1 1 1 13 11
85 305 12 4 4 7 11 10 8 11 12 1 12 9 3 12 9 7 12 8 8 12 11 1 13 10 3 13 10 7 13 11 1 17 14 3 17 12 8 17 12
86 306 12 6 5 1 10 9 8 10 9 9 10 11 1 12 12 6 12 6 4 14 12 5 14 8 6 14 12 8 14 13 4 15 10 5 17 9 9 17 12
87 312 3 3 1 1 14 9 2 14 10 6 14 11
88 313 12 6 4 2 13 13 5 13 11 7 13 14 1 14 12 2 18 11 3 18 8 5 18 11 9 18 9 1 19 10 3 19 8 7 19 8 9 19 12
89 314 1 1 1 9 18 10
90 319 24 6 8 0 10 13 4 10 11 5 10 9 8 10 9 0 11 9 2 11 10 5 11 11 8 11 8 2 12 9 1 14 9 8 14 13 0 15 12 1 15 10 2 15 11 4 15 10 5 15 11 0 16 9 2 16 12 4 16 14 5 16 10 1 17 9 4 17 9 8 17 8 1 19 12
91 325 3 1 3 7 10 15 7 16 11 7 17 12
92 334 6 6 1 0 13 10 1 13 11 4 13 7 6 13 10 7 13 10 8 13 8
93 337 2 2 1 0 14 15 6 14 9
94 342 4 4 1 2 19 11 5 19 12 7 19 12 8 19 15
95 343 3 3 1 2 15 14 3 15 13 5 15 7
96 344 3 3 1 1 11 10 4 11 13 9 11 10
97 354 40 4 10 1 10 12 2 10 9 3 10 13 7 10 9 1 11 9 2 11 12 3 11 11 7 11 8 1 12 10 2 12 12 3 12 12 7 12 12 1 13 11 2 13 11 3 13 10 7 13 13 1 14 8 2 14 11 3 14 14 7 14 12 1 15 13 2 15 8 3 15 12 7 15 10 1 16 11 2 16 14 3 16 12 7 16 13 1 17 14 2 17 9 3 17 8 7 17 8 1 18 13 2 18 11 3 18 9 7 18 12 1 19 8 2 19 9 3 19 10 7 19 9
98 356 2 2 1 7 14 8 9 14 8
99 359 6 3 3 6 11 8 2 15 10 6 15 8 9 15 7 2 17 10 9 17 9
