20 100
0 0 2 2 1 3 12 7 8 12 10
1 2 1 1 1 5 17 8
2 4 20 2 10 1 10 11 3 10 10 1 11 10 3 11 11 1 12 12 3 12 8 1 13 12 3 13 14 1 14 7 3 14 15 1 15 9 3 15 11 1 16 12 3 16 13 1 17 11 3 17 11 1 18 9 3 18 10 1 19 7 3 19 11
3 8 1 1 1 5 16 13
4 10 4 4 2 1 17 9 3 17 10 5 17 11 7 18 8
5 11 30 3 10 0 10 10 1 10 8 5 10 13 0 11 6 1 11 10 5 11 6 0 12 11 1 12 9 5 12 11 0 13 11 1 13 10 5 13 9 0 14 9 1 14 10 5 14 11 0 15 15 1 15 10 5 15 12 0 16 12 1 16 10 5 16 11 0 17 9 1 17 9 5 17 13 0 18 10 1 18 9 5 18 15 0 19 13 1 19 9 5 19 12
6 13 7 1 7 4 10 9 4 11 7 4 12 11 4 14 12 4 15 9 4 17 9 4 18 11
7 14 1 1 1 0 12 7
8 17 6 6 1 1 15 11 2 15 8 4 15 8 5 15 7 7 15 8 8 15 9
9 20 1 1 1 2 15 14
10 24 1 1 1 9 17 11
11 27 15 5 6 1 11 8 4 11 10 6 11 12 1 14 13 4 14 7 7 14 10 5 15 11 6 15 9 5 16 11 1 18 13 4 18 9 5 18 9 6 18 12 7 18 15 7 19 11
12 28 4 4 1 1 17 8 5 17 10 7 17 9 9 17 11
13 42 30 3 10 1 10 12 4 10 13 7 10 12 1 11 12 4 11 12 7 11 13 1 12 13 4 12 7 7 12 10 1 13 11 4 13 10 7 13 8 1 14 12 4 14 8 7 14 10 1 15 12 4 15 7 7 15 12 1 16 9 4 16 9 7 16 10 1 17 12 4 17 9 7 17 14 1 18 6 4 18 11 7 18 9 1 19 7 4 19 11 7 19 11
14 43 1 1 1 4 11 10
15 45 8 4 4 4 10 13 6 10 10 4 16 11 3 18 10 8 18 15 3 19 11 6 19 8 8 19 12
16 46 18 6 5 0 10 10 6 10 9 7 10 9 2 16 12 3 16 11 4 16 10 6 16 13 2 17 10 3 17 12 7 17 12 0 18 11 2 18 9 4 18 16 6 18 11 0 19 12 3 19 9 4 19 12 7 19 14
17 47 1 1 1 8 12 11
18 52 6 6 2 2 10 9 4 10 8 6 10 8 8 10 12 1 19 6 5 19 12
19 57 18 6 5 4 10 9 7 10 9 0 11 12 4 11 8 5 11 9 7 11 12 9 11 12 0 14 12 5 14 8 8 14 9 9 14 11 0 17 11 4 17 10 5 17 10 7 17 10 8 17 14 8 18 12 9 18 12
20 59 8 4 3 1 12 11 2 12 10 3 12 8 0 17 12 3 17 11 0 18 12 1 18 9 2 18 11
21 67 18 6 5 0 12 8 6 12 15 8 12 12 0 14 12 2 14 12 7 14 11 0 15 13 2 15 10 3 15 11 6 15 10 7 15 13 8 15 11 3 17 14 6 17 9 8 17 12 2 19 10 3 19 7 7 19 10
22 68 24 6 7 2 10 11 2 11 9 4 11 10 5 11 10 5 13 9 6 13 12 9 13 11 4 14 10 5 14 8 6 14 6 8 14 12 9 14 12 4 15 7 6 15 14 8 15 7 9 15 12 2 16 11 5 16 13 8 16 13 2 17 12 4 17 15 6 17 7 8 17 10 9 17 11
23 71 12 6 4 1 12 10 3 12 9 6 12 11 9 12 11 0 14 10 1 14 10 7 14 10 9 14 9 7 15 8 0 19 11 3 19 10 6 19 11
24 80 8 4 4 5 11 8 5 12 8 6 12 9 7 12 7 9 12 9 6 13 9 9 13 15 7 19 11
25 86 6 6 1 0 14 11 5 14 7 6 14 12 7 14 10 8 14 13 9 14 9
26 89 1 1 1 0 15 9
27 90 3 3 1 0 16 13 2 16 9 4 16 11
28 91 1 1 1 7 11 10
29 95 18 6 5 1 10 10 5 10 13 7 10 14 3 13 10 4 13 10 7 13 14 8 13 12 1 17 9 4 17 13 8 17 10 3 18 9 4 18 12 5 18 8 7 18 12 8 18 9 1 19 10 3 19 12 5 19 10
30 101 3 3 1 1 18 9 7 18 10 9 18 9
31 107 1 1 1 5 13 9
32 114 1 1 1 7 15 7
33 120 1 1 1 6 10 10
34 125 1 1 1 4 11 12
35 127 1 1 1 4 13 10
36 132 1 1 1 0 15 13
37 135 5 5 1 0 15 10 1 15 11 2 15 11 5 15 15 8 15 9
38 137 1 1 1 0 18 8
39 140 4 4 1 1 15 12 5 15 12 7 15 13 9 15 9
40 146 5 5 2 0 11 12 1 11 11 3 11 15 6 11 12 9 15 12
41 149 6 6 1 0 10 11 2 10 17 4 10 10 5 10 8 8 10 8 9 10 14
42 155 6 6 1 1 15 10 4 15 12 6 15 15 7 15 10 8 15 8 9 15 10
43 156 6 6 2 3 15 12 6 15 7 8 15 7 0 18 9 2 18 12 7 18 9
44 159 1 1 1 6 14 9
45 160 18 6 5 2 11 11 5 11 5 8 11 9 9 11 8 3 13 13 5 13 10 9 13 16 2 14 11 3 14 7 5 14 11 6 14 10 2 15 12 6 15 10 8 15 9 9 15 8 3 17 10 6 17 10 8 17 9
46 161 2 2 1 3 17 13 6 17 11
47 163 60 6 10 0 10 12 1 10 12 2 10 13 5 10 12 7 10 15 9 10 13 0 11 12 1 11 12 2 11 10 5 11 12 7 11 12 9 11 12 0 12 8 1 12 9 2 12 5 5 12 11 7 12 12 9 12 9 0 13 9 1 13 9 2 13 10 5 13 12 7 13 10 9 13 12 0 14 9 1 14 9 2 14 11 5 14 9 7 14 11 9 14 10 0 15 12 1 15 7 2 15 10 5 15 8 7 15 9 9 15 12 0 16 9 1 16 13 2 16 7 5 16 9 7 16 13 9 16 11 0 17 10 1 17 13 2 17 7 5 17 7 7 17 11 9 17 11 0 18 12 1 18 11 2 18 10 5 18 13 7 18 8 9 18 11 0 19 11 1 19 13 2 19 12 5 19 12 7 19 10 9 19 13
48 166 12 6 4 4 11 16 9 11 12 0 14 11 1 14 14 5 14 14 9 14 11 0 15 13 2 15 9 1 17 8 2 17 8 4 17 10 5 17 8
49 167 60 6 10 3 10 14 5 10 10 6 10 11 7 10 10 8 10 14 9 10 13 3 11 10 5 11 13 6 11 10 7 11 11 8 11 14 9 11 11 3 12 13 5 12 10 6 12 11 7 12 11 8 12 11 9 12 14 3 13 8 5 13 14 6 13 10 7 13 11 8 13 11 9 13 8 3 14 11 5 14 14 6 14 10 7 14 13 8 14 7 9 14 9 3 15 10 5 15 7 6 15 13 7 15 6 8 15 10 9 15 10 3 16 9 5 16 9 6 16 13 7 16 10 8 16 11 9 16 12 3 17 8 5 17 10 6 17 8 7 17 11 8 17 9 9 17 11 3 18 12 5 18 10 6 18 5 7 18 11 8 18 10 9 18 9 3 19 9 5 19 11 6 19 10 7 19 13 8 19 9 9 19 11
50 169 6 6 2 4 11 8 5 11 9 7 11 11 2 16 13 3 16 10 6 16 10
51 170 12 6 4 9 14 9 2 15 8 5 15 10 7 15 12 8 15 12 2 17 9 3 17 6 5 17 12 3 18 14 7 18 14 8 18 12 9 18 11
52 176 18 6 5 8 12 12 9 12 11 4 13 8 9 13 12 3 14 11 4 14 11 5 14 10 6 14 12 8 14 10 3 16 8 5 16 13 6 16 10 8 16 11 3 19 10 4 19 15 5 19 12 6 19 10 9 19 11
53 177 12 6 4 3 10 9 6 10 9 9 10 10 0 11 13 9 11 12 0 12 9 2 12 12 3 12 10 4 12 13 2 14 11 4 14 13 6 14 12
54 184 3 1 3 4 10 8 4 13 7 4 18 11
55 188 1 1 1 2 17 10
56 189 1 1 1 1 15 8
57 193 4 2 2 0 12 11 2 12 14 0 13 14 2 13 7
58 198 6 6 2 4 15 9 7 15 12 9 15 9 2 16 13 6 16 14 8 16 10
59 204 18 6 6 2 10 8 4 11 14 5 11 13 7 11 10 9 11 14 9 12 13 2 14 9 4 14 8 5 14 13 6 14 9 7 14 13 2 16 14 6 16 7 7 16 11 4 17 10 5 17 12 6 17 14 9 17 13
60 206 12 6 3 1 10 9 3 10 11 5 10 9 6 10 11 0 11 11 1 11 11 2 11 11 5 11 9 6 11 12 0 13 15 2 13 8 3 13 11
61 208 3 3 1 0 18 11 2 18 10 3 18 7
62 219 30 3 10 3 10 11 7 10 11 8 10 10 3 11 9 7 11 14 8 11 12 3 12 10 7 12 11 8 12 11 3 13 13 7 13 10 8 13 12 3 14 10 7 14 9 8 14 8 3 15 11 7 15 13 8 15 10 3 16 16 7 16 12 8 16 10 3 17 10 7 17 10 8 17 11 3 18 8 7 18 12 8 18 13 3 19 10 7 19 12 8 19 11
63 225 10 1 10 0 10 12 0 11 10 0 12 8 0 13 11 0 14 11 0 15 10 0 16 11 0 17 8 0 18 12 0 19 13
64 229 3 3 2 5 11 11 0 15 12 6 15 8
65 231 6 3 3 0 10 11 6 10 10 7 10 13 6 13 14 7 13 11 0 16 10
66 232 2 2 1 0 15 8 4 15 13
67 235 12 4 4 5 11 17 8 11 9 1 12 10 5 12 6 6 12 13 8 12 13 1 15 11 5 15 10 6 15 13 8 15 11 1 16 12 6 16 12
68 236 1 1 1 0 16 8
69 238 40 4 10 1 10 12 3 10 14 6 10 11 7 10 11 1 11 9 3 11 11 6 11 15 7 11 12 1 12 10 3 12 13 6 12 10 7 12 13 1 13 7 3 13 9 6 13 12 7 13 9 1 14 8 3 14 7 6 14 11 7 14 11 1 15 12 3 15 10 6 15 11 7 15 10 1 16 9 3 16 10 6 16 11 7 16 13 1 17 10 3 17 12 6 17 11 7 17 12 1 18 11 3 18 9 6 18 10 7 18 8 1 19 10 3 19 16 6 19 11 7 19 10
70 245 4 4 1 3 14 13 4 14 15 5 14 10 7 14 11
71 247 8 4 3 0 11 6 2 11 9 5 11 8 2 13 13 5 13 8 8 13 11 0 17 11 8 17 8
72 253 1 1 1 5 18 13
73 257 6 6 1 0 16 8 2 16 9 3 16 11 4 16 13 6 16 7 7 16 9
74 258 2 2 1 3 10 9 9 10 7
75 264 20 2 10 7 10 13 9 10 8 7 11 12 9 11 11 7 12 15 9 12 11 7 13 10 9 13 6 7 14 13 9 14 9 7 15 8 9 15 10 7 16 10 9 16 14 7 17 15 9 17 10 7 18 7 9 18 11 7 19 8 9 19 9
76 270 6 6 1 1 18 9 2 18 5 3 18 11 5 18 13 7 18 13 9 18 9
77 275 2 2 1 2 12 9 6 12 8
78 276 18 6 5 2 10 13 3 10 14 5 10 10 6 10 8 2 11 7 3 11 9 4 11 10 6 11 10 3 17 10 4 17 10 5 17 12 6 17 10 8 17 11 8 18 11 2 19 11 4 19 12 5 19 9 8 19 12
79 277 3 3 1 2 17 10 3 17 11 6 17 12
80 282 2 2 1 1 19 8 8 19 12
81 288 24 6 7 3 11 10 7 11 10 2 12 12 6 12 10 2 14 7 3 14 12 4 14 7 6 14 12 7 14 11 9 14 9 2 15 10 3 15 13 6 15 9 7 15 11 2 16 12 4 16 8 9 16 7 4 17 7 6 17 11 9 17 10 3 18 12 4 18 14 7 18 14 9 18 11
82 291 10 1 10 4 10 8 4 11 10 4 12 11 4 13 15 4 14 8 4 15 12 4 16 14 4 17 11 4 18 12 4 19 10
83 298 6 6 2 1 14 11 3 14 8 4 14 10 7 18 9 8 18 10 9 18 11
84 299 1 1 1 0 12 7
85 305 1 1 1 1 16 11
86 306 3 3 1 1 19 9 2 19 10 7 19 9
87 312 30 3 10 0 10 9 3 10 11 9 10 12 0 11 10 3 11 6 9 11 9 0 12 12 3 12 11 9 12 10 0 13 15 3 13 9 9 13 11 0 14 13 3 14 11 9 14 9 0 15 12 3 15 10 9 15 10 0 16 13 3 16 12 9 16 11 0 17 11 3 17 10 9 17 15 0 18 9 3 18 13 9 18 9 0 19 11 3 19 12 9 19 14
88 313 15 5 5 5 10 10 6 10 10 8 10 10 4 12 9 5 12 13 6 12 15 8 12 12 3 14 13 5 14 11 3 17 7 4 17 11 6 17 8 3 18 10 4 18 13 8 18 10
89 314 18 6 5 0 11 9 5 11 12 1 13 9 2 13 9 4 13 12 5 13 10 9 13 10 1 15 9 2 15 13 9 15 12 0 18 14 1 18 10 2 18 8 4 18 11 9 18 8 0 19 11 4 19 6 5 19 11
90 319 8 4 3 5 12 12 7 12 10 4 13 7 8 13 8 4 19 13 5 19 13 7 19 10 8 19 12
91 325 2 2 1 7 16 12 9 16 14
92 334 6 3 3 5 11 11 6 11 10 5 13 10 6 13 10 7 13 10 7 18 6
93 337 2 2 1 8 19 8 9 19 13
94 342 2 2 1 8 13 12 9 13 11
95 343 24 6 7 2 11 13 9 11 11 3 12 13 4 12 13 6 12 10 9 12 11 2 13 9 3 13 12 6 13 11 7 13 10 2 15 14 7 15 10 3 16 13 4 16 8 6 16 12 7 16 10 9 16 11 2 17 15 4 17 10 6 17 11 7 17 10 3 18 11 4 18 8 9 18 9
96 344 1 1 1 0 13 9
97 354 6 6 2 4 18 7 5 18 12 7 18 10 0 19 10 2 19 11 6 19 10
98 356 12 6 4 1 12 13 8 12 9 1 14 7 3 14 8 5 14 13 6 14 10 4 15 12 6 15 11 8 15 7 3 17 10 4 17 12 5 17 12
99 359 3 3 1 0 17 9 1 17 13 8 17 10
