20 100
0 0 24 6 7 2 10 13 4 10 9 8 10 9 9 10 7 1 11 11 4 11 10 8 11 12 9 11 13 0 14 13 1 14 13 2 14 9 1 15 8 8 15 11 0 17 9 4 17 12 9 17 9 0 18 10 2 18 12 4 18 13 9 18 11 0 19 11 1 19 11 2 19 12 8 19 10
1 2 3 3 1 1 11 10 3 11 8 4 11 12
2 4 2 2 1 4 11 11 9 11 10
3 8 6 3 3 5 12 12 3 13 9 9 13 11 3 14 11 5 14 12 9 14 9
4 10 18 6 6 0 10 9 4 10 12 9 10 8 6 11 12 7 11 12 0 12 11 7 12 15 5 15 11 9 15 10 4 16 12 5 16 12 6 16 10 7 16 9 9 16 12 0 18 8 4 18 12 5 18 13 6 18 9
5 11 7 1 7 0 10 11 0 11 10 0 13 9 0 15 8 0 16 8 0 17 13 0 18 16
6 13 6 6 3 0 14 12 9 15 10 1 18 13 5 18 14 7 18 9 8 18 11
7 14 6 6 1 0 11 10 2 11 9 3 11 10 4 11 11 5 11 13 6 11 14
8 17 18 6 5 2 10 10 8 10 9 3 11 10 8 11 12 9 11 7 1 13 11 2 13 11 3 13 10 7 13 12 8 13 10 9 13 9 1 14 9 3 14 11 7 14 10 1 19 13 2 19 16 7 19 12 9 19 9
9 20 60 6 10 0 10 12 1 10 10 2 10 13 3 10 11 6 10 9 8 10 9 0 11 10 1 11 12 2 11 12 3 11 8 6 11 13 8 11 11 0 12 12 1 12 10 2 12 6 3 12 15 6 12 9 8 12 12 0 13 9 1 13 10 2 13 10 3 13 12 6 13 12 8 13 12 0 14 9 1 14 12 2 14 7 3 14 13 6 14 12 8 14 13 0 15 9 1 15 8 2 15 11 3 15 8 6 15 9 8 15 8 0 16 9 1 16 9 2 16 11 3 16 11 6 16 11 8 16 11 0 17 13 1 17 11 2 17 9 3 17 9 6 17 11 8 17 13 0 18 11 1 18 12 2 18 10 3 18 9 6 18 12 8 18 10 0 19 11 1 19 11 2 19 8 3 19 9 6 19 10 8 19 12
10 24 2 2 1 6 17 11 8 17 7
11 27 24 6 7 3 10 15 8 10 12 9 10 8 1 11 10 6 11 11 9 11 10 1 12 10 3 12 10 4 12 7 8 12 8 4 13 10 6 13 9 8 13 7 1 14 9 3 14 11 4 14 8 1 15 12 6 15 9 8 15 11 9 15 14 3 17 13 4 17 13 6 17 12 9 17 11
12 28 18 6 5 0 10 12 5 10 11 0 12 10 4 12 14 6 12 11 0 13 12 3 13 9 4 13 11 6 13 11 8 13 12 3 14 11 4 14 9 5 14 14 6 14 11 8 14 11 3 19 11 5 19 10 8 19 9
13 42 1 1 1 6 12 9
14 43 12 6 3 7 12 11 9 12 10 0 13 11 3 13 9 5 13 8 6 13 14 0 17 11 3 17 14 5 17 14 6 17 7 7 17 9 9 17 13
15 45 2 2 1 2 17 11 3 17 11
16 46 2 2 1 0 13 8 9 13 11
17 47 18 6 6 1 10 11 3 10 13 6 10 10 2 11 14 1 12 9 8 12 13 9 12 12 2 13 10 3 13 11 6 13 11 8 13 12 9 13 11 3 16 7 6 16 5 8 16 10 9 16 12 1 17 6 2 17 9
18 52 4 4 1 0 15 14 3 15 11 5 15 9 7 15 7
19 57 18 6 6 6 10 12 7 10 14 8 10 12 4 13 9 5 13 11 7 13 14 8 13 11 2 14 12 4 14 8 5 14 11 6 14 14 7 14 12 5 16 10 6 16 7 8 16 11 2 17 11 4 17 12 2 18 7
20 59 1 1 1 9 14 13
21 67 24 6 7 8 11 11 0 12 7 4 12 13 8 12 10 0 13 10 2 13 11 8 13 13 9 13 11 2 14 12 4 14 10 5 14 13 9 14 9 0 16 9 2 16 12 4 16 16 5 16 9 9 16 8 5 17 7 9 17 9 0 19 12 2 19 13 4 19 12 5 19 12 8 19 8
22 68 18 6 6 2 14 8 6 14 11 9 14 10 1 15 12 7 15 11 8 15 10 9 15 8 2 16 14 8 16 15 1 17 11 7 17 11 8 17 7 9 17 9 2 18 14 6 18 9 1 19 9 6 19 9 7 19 11
23 71 60 6 10 0 10 11 2 10 7 5 10 11 6 10 13 8 10 9 9 10 9 0 11 10 2 11 10 5 11 7 6 11 10 8 11 10 9 11 9 0 12 10 2 12 11 5 12 12 6 12 10 8 12 11 9 12 11 0 13 10 2 13 8 5 13 12 6 13 11 8 13 11 9 13 12 0 14 9 2 14 13 5 14 12 6 14 10 8 14 12 9 14 12 0 15 11 2 15 11 5 15 14 6 15 7 8 15 12 9 15 10 0 16 10 2 16 9 5 16 14 6 16 11 8 16 11 9 16 11 0 17 11 2 17 14 5 17 7 6 17 12 8 17 8 9 17 10 0 18 11 2 18 10 5 18 11 6 18 13 8 18 12 9 18 9 0 19 10 2 19 12 5 19 7 6 19 10 8 19 14 9 19 10
24 80 3 3 1 1 19 11 2 19 10 3 19 11
25 86 8 4 3 2 11 11 5 11 11 2 12 11 3 12 9 8 12 9 3 17 10 5 17 9 8 17 10
26 89 2 2 2 8 17 13 4 19 10
27 90 30 3 10 0 10 10 1 10 10 3 10 12 0 11 12 1 11 13 3 11 8 0 12 13 1 12 12 3 12 15 0 13 9 1 13 11 3 13 8 0 14 10 1 14 13 3 14 7 0 15 14 1 15 11 3 15 10 0 16 7 1 16 9 3 16 13 0 17 13 1 17 13 3 17 8 0 18 13 1 18 9 3 18 11 0 19 11 1 19 13 3 19 10
28 91 1 1 1 7 12 10
29 95 4 4 2 3 12 10 4 12 11 9 12 8 8 19 8
30 101 6 6 1 0 14 13 1 14 10 6 14 7 7 14 14 8 14 7 9 14 15
31 107 1 1 1 5 19 8
32 114 3 3 1 1 13 10 5 13 10 9 13 10
33 120 2 2 1 4 19 12 9 19 8
34 125 6 6 1 2 15 11 3 15 11 5 15 10 7 15 10 8 15 10 9 15 11
35 127 10 2 5 3 11 10 5 11 7 3 13 10 5 13 12 3 15 9 5 15 11 3 16 10 5 16 11 3 18 11 5 18 11
36 132 6 6 2 1 12 7 2 12 12 8 12 11 3 15 16 4 15 7 9 15 9
37 135 2 2 1 3 17 8 6 17 10
38 137 3 3 2 2 10 11 6 10 7 5 13 8
39 140 6 3 4 8 10 14 3 13 13 7 13 11 7 16 15 8 16 10 3 18 10
40 146 60 6 10 0 10 9 1 10 8 2 10 12 4 10 10 6 10 11 9 10 7 0 11 10 1 11 7 2 11 7 4 11 13 6 11 11 9 11 13 0 12 15 1 12 7 2 12 10 4 12 11 6 12 12 9 12 8 0 13 11 1 13 9 2 13 9 4 13 7 6 13 11 9 13 9 0 14 14 1 14 10 2 14 6 4 14 10 6 14 9 9 14 10 0 15 10 1 15 11 2 15 9 4 15 9 6 15 13 9 15 11 0 16 10 1 16 12 2 16 11 4 16 10 6 16 11 9 16 12 0 17 9 1 17 11 2 17 16 4 17 10 6 17 14 9 17 10 0 18 14 1 18 11 2 18 15 4 18 10 6 18 14 9 18 9 0 19 9 1 19 11 2 19 10 4 19 12 6 19 12 9 19 5
41 149 12 6 3 2 10 7 4 10 7 5 10 11 0 14 10 1 14 14 4 14 13 5 14 9 6 14 11 0 19 11 1 19 14 2 19 13 6 19 15
42 155 1 1 1 9 19 13
43 156 6 6 1 2 17 14 3 17 8 4 17 6 7 17 13 8 17 8 9 17 10
44 159 40 4 10 1 10 12 2 10 11 5 10 9 9 10 9 1 11 7 2 11 9 5 11 7 9 11 9 1 12 12 2 12 8 5 12 12 9 12 10 1 13 14 2 13 15 5 13 13 9 13 11 1 14 9 2 14 9 5 14 8 9 14 10 1 15 10 2 15 9 5 15 12 9 15 9 1 16 12 2 16 12 5 16 12 9 16 8 1 17 8 2 17 11 5 17 11 9 17 10 1 18 7 2 18 12 5 18 8 9 18 11 1 19 9 2 19 11 5 19 12 9 19 9
45 160 18 6 5 1 10 11 2 10 10 3 10 13 4 10 10 1 11 13 2 11 10 3 11 10 4 11 14 6 11 11 7 11 9 2 14 9 6 14 14 7 14 8 3 15 8 4 15 8 6 15 11 1 18 10 7 18 11
46 161 6 6 2 2 15 13 5 15 9 6 15 8 9 15 7 3 18 10 4 18 11
47 163 1 1 1 9 10 11
48 166 4 2 2 1 16 13 7 16 13 1 19 12 7 19 9
49 167 1 1 1 2 15 9
50 169 3 3 1 2 10 9 4 10 10 5 10 11
51 170 24 6 7 0 10 11 5 10 7 8 10 11 0 12 8 3 12 12 5 12 14 7 13 6 8 13 13 0 14 11 3 14 14 7 14 7 9 14 12 3 17 10 8 17 9 9 17 10 3 18 8 5 18 11 7 18 8 9 18 11 0 19 12 5 19 12 7 19 11 8 19 11 9 19 6
52 176 60 6 10 0 10 12 1 10 11 2 10 13 3 10 8 6 10 11 8 10 10 0 11 15 1 11 8 2 11 12 3 11 12 6 11 14 8 11 12 0 12 6 1 12 14 2 12 8 3 12 9 6 12 10 8 12 8 0 13 13 1 13 11 2 13 13 3 13 10 6 13 10 8 13 10 0 14 13 1 14 17 2 14 10 3 14 12 6 14 8 8 14 8 0 15 14 1 15 12 2 15 12 3 15 12 6 15 12 8 15 10 0 16 11 1 16 14 2 16 11 3 16 14 6 16 13 8 16 8 0 17 11 1 17 8 2 17 11 3 17 8 6 17 11 8 17 13 0 18 11 1 18 13 2 18 12 3 18 9 6 18 11 8 18 9 0 19 10 1 19 9 2 19 6 3 19 11 6 19 7 8 19 10
53 177 8 4 4 1 11 11 4 11 9 5 11 10 6 11 10 4 13 11 1 18 10 6 18 11 5 19 12
54 184 60 6 10 0 10 10 2 10 11 3 10 8 4 10 12 8 10 9 9 10 10 0 11 10 2 11 8 3 11 16 4 11 10 8 11 13 9 11 11 0 12 10 2 12 9 3 12 13 4 12 7 8 12 10 9 12 11 0 13 9 2 13 12 3 13 9 4 13 11 8 13 5 9 13 11 0 14 12 2 14 13 3 14 9 4 14 9 8 14 8 9 14 7 0 15 11 2 15 11 3 15 13 4 15 9 8 15 10 9 15 11 0 16 10 2 16 10 3 16 11 4 16 12 8 16 8 9 16 7 0 17 6 2 17 10 3 17 15 4 17 12 8 17 13 9 17 11 0 18 11 2 18 13 3 18 9 4 18 12 8 18 11 9 18 12 0 19 14 2 19 12 3 19 8 4 19 8 8 19 13 9 19 14
55 188 6 6 2 2 10 14 4 10 10 5 10 12 6 10 10 9 10 13 8 18 12
56 189 3 3 1 4 16 11 7 16 14 9 16 13
57 193 3 3 1 2 11 8 6 11 11 8 11 9
58 198 2 2 1 5 17 12 6 17 11
59 204 6 6 1 0 15 8 1 15 10 2 15 12 4 15 11 6 15 9 9 15 8
60 206 4 4 1 1 19 10 4 19 12 5 19 12 8 19 10
61 208 6 6 1 2 12 13 4 12 12 5 12 10 6 12 11 7 12 13 9 12 12
62 219 6 6 2 0 13 12 4 13 13 5 13 12 3 14 9 7 14 12 8 14 14
63 225 18 6 6 4 11 6 7 11 10 8 11 12 2 13 12 6 13 9 3 15 10 4 15 7 7 15 10 2 16 9 3 16 16 8 16 15 3 17 11 6 17 13 8 17 12 2 19 11 4 19 10 6 19 12 7 19 10
64 229 18 6 5 2 11 12 3 11 14 7 11 12 8 11 11 5 12 10 8 12 9 0 13 9 2 13 7 3 13 8 7 13 10 8 13 13 0 16 11 3 16 10 5 16 10 7 16 9 0 18 14 2 18 10 5 18 10
65 231 6 6 1 0 12 6 1 12 6 2 12 10 5 12 12 7 12 11 8 12 11
66 232 4 4 2 2 14 9 6 14 11 0 18 9 8 18 13
67 235 6 6 1 0 10 13 1 10 10 2 10 11 3 10 10 7 10 10 8 10 14
68 236 6 6 1 2 17 13 4 17 12 5 17 12 6 17 11 7 17 10 8 17 13
69 238 6 6 1 0 11 10 1 11 10 5 11 6 6 11 9 7 11 14 8 11 13
70 245 12 6 4 3 10 9 4 10 9 1 12 10 3 12 13 4 12 9 7 12 12 8 12 6 1 16 12 9 16 15 7 18 11 8 18 9 9 18 14
71 247 6 3 3 6 10 12 7 10 10 8 11 9 6 17 10 7 17 11 8 17 13
72 253 10 1 10 0 10 11 0 11 13 0 12 9 0 13 13 0 14 9 0 15 16 0 16 8 0 17 13 0 18 10 0 19 9
73 257 18 6 6 0 10 5 2 10 11 5 10 9 7 10 11 8 10 12 9 10 10 8 11 11 9 11 11 2 13 12 0 14 12 5 14 8 9 14 13 0 16 11 7 16 9 8 16 12 2 18 10 5 18 7 7 18 11
74 258 60 6 10 0 10 10 3 10 13 4 10 10 5 10 12 6 10 13 8 10 9 0 11 9 3 11 11 4 11 12 5 11 11 6 11 10 8 11 12 0 12 12 3 12 12 4 12 13 5 12 11 6 12 10 8 12 11 0 13 12 3 13 9 4 13 11 5 13 10 6 13 11 8 13 13 0 14 12 3 14 10 4 14 11 5 14 9 6 14 15 8 14 12 0 15 8 3 15 7 4 15 10 5 15 11 6 15 11 8 15 12 0 16 13 3 16 7 4 16 11 5 16 12 6 16 10 8 16 9 0 17 12 3 17 12 4 17 11 5 17 10 6 17 13 8 17 11 0 18 10 3 18 13 4 18 12 5 18 7 6 18 8 8 18 8 0 19 12 3 19 11 4 19 12 5 19 11 6 19 11 8 19 9
75 264 60 6 10 0 10 11 1 10 10 4 10 10 6 10 10 7 10 9 8 10 11 0 11 12 1 11 11 4 11 12 6 11 9 7 11 13 8 11 12 0 12 11 1 12 13 4 12 10 6 12 8 7 12 9 8 12 5 0 13 10 1 13 14 4 13 9 6 13 10 7 13 11 8 13 8 0 14 11 1 14 11 4 14 10 6 14 10 7 14 8 8 14 9 0 15 9 1 15 11 4 15 13 6 15 10 7 15 10 8 15 9 0 16 11 1 16 13 4 16 10 6 16 9 7 16 9 8 16 8 0 17 12 1 17 13 4 17 8 6 17 11 7 17 10 8 17 11 0 18 14 1 18 11 4 18 11 6 18 13 7 18 12 8 18 9 0 19 12 1 19 9 4 19 10 6 19 11 7 19 16 8 19 8
76 270 30 3 10 0 10 11 5 10 10 7 10 8 0 11 10 5 11 9 7 11 8 0 12 11 5 12 8 7 12 10 0 13 8 5 13 9 7 13 9 0 14 8 5 14 10 7 14 14 0 15 11 5 15 9 7 15 8 0 16 10 5 16 14 7 16 11 0 17 9 5 17 9 7 17 11 0 18 8 5 18 11 7 18 11 0 19 12 5 19 7 7 19 11
77 275 30 3 10 0 10 12 4 10 8 6 10 8 0 11 6 4 11 13 6 11 8 0 12 10 4 12 12 6 12 11 0 13 13 4 13 13 6 13 11 0 14 12 4 14 9 6 14 14 0 15 11 4 15 13 6 15 10 0 16 10 4 16 9 6 16 10 0 17 15 4 17 12 6 17 10 0 18 12 4 18 11 6 18 11 0 19 12 4 19 10 6 19 11
78 276 6 6 1 0 11 10 1 11 12 3 11 10 4 11 10 5 11 13 7 11 8
79 277 30 3 10 0 10 8 6 10 16 7 10 11 0 11 12 6 11 12 7 11 13 0 12 9 6 12 7 7 12 12 0 13 11 6 13 12 7 13 9 0 14 9 6 14 14 7 14 10 0 15 7 6 15 10 7 15 10 0 16 12 6 16 8 7 16 15 0 17 11 6 17 10 7 17 10 0 18 13 6 18 13 7 18 10 0 19 13 6 19 14 7 19 10
80 282 10 1 10 9 10 8 9 11 10 9 12 6 9 13 12 9 14 11 9 15 10 9 16 9 9 17 14 9 18 9 9 19 10
81 288 1 1 1 2 19 8
82 291 1 1 1 3 11 15
83 298 18 6 6 2 10 10 3 10 11 9 10 10 9 12 13 2 15 9 3 15 10 5 15 14 6 15 12 7 15 12 3 17 10 5 17 11 6 17 10 7 17 7 5 18 10 6 18 14 7 18 11 2 19 12 9 19 12
84 299 6 6 2 0 13 12 6 13 8 8 13 15 2 19 10 4 19 11 5 19 9
85 305 20 2 10 1 10 10 9 10 7 1 11 9 9 11 12 1 12 10 9 12 9 1 13 9 9 13 9 1 14 11 9 14 13 1 15 8 9 15 6 1 16 9 9 16 10 1 17 9 9 17 11 1 18 13 9 18 7 1 19 9 9 19 14
86 306 18 6 6 1 10 13 2 10 13 5 10 12 6 10 12 7 10 10 5 12 10 1 14 7 4 14 10 2 16 4 4 16 14 7 16 6 1 17 9 2 17 16 6 17 9 7 17 13 4 19 11 5 19 10 6 19 12
87 312 1 1 1 8 17 5
88 313 18 6 6 1 10 14 5 10 13 3 13 10 8 13 12 1 14 12 2 14 9 9 14 12 2 17 13 3 17 12 8 17 10 9 17 8 5 18 9 8 18 7 9 18 13 1 19 13 2 19 13 3 19 12 5 19 10
89 314 6 6 1 0 18 10 2 18 9 3 18 12 4 18 12 6 18 12 9 18 10
90 319 2 2 1 1 16 11 8 16 13
91 325 6 6 1 0 12 8 1 12 8 3 12 11 4 12 11 6 12 10 8 12 10
92 334 1 1 1 4 11 13
93 337 1 1 1 3 17 12
94 342 6 3 3 4 15 7 7 15 9 9 15 11 4 18 9 7 19 11 9 19 8
95 343 2 2 1 1 11 7 8 11 11
96 344 12 6 3 1 14 11 4 14 8 6 14 12 9 14 11 1 16 11 3 16 10 4 16 9 7 16 10 9 16 15 3 19 12 6 19 9 7 19 14
97 354 12 4 4 1 13 9 4 13 9 5 13 9 6 13 11 1 14 12 4 14 12 5 14 8 6 14 6 4 16 14 5 16 12 1 17 8 6 17 15
98 356 6 3 2 3 16 11 7 16 11 8 16 9 3 18 8 7 18 9 8 18 6
99 359 60 6 10 0 10 9 1 10 11 5 10 10 6 10 10 7 10 8 9 10 10 0 11 12 1 11 13 5 11 13 6 11 8 7 11 14 9 11 12 0 12 11 1 12 12 5 12 7 6 12 8 7 12 10 9 12 13 0 13 12 1 13 13 5 13 12 6 13 11 7 13 9 9 13 14 0 14 6 1 14 11 5 14 13 6 14 9 7 14 11 9 14 8 0 15 10 1 15 12 5 15 11 6 15 9 7 15 7 9 15 11 0 16 7 1 16 15 5 16 10 6 16 13 7 16 11 9 16 9 0 17 9 1 17 5 5 17 9 6 17 10 7 17 11 9 17 12 0 18 12 1 18 11 5 18 7 6 18 9 7 18 13 9 18 11 0 19 10 1 19 8 5 19 11 6 19 10 7 19 11 9 19 9
