20 100
0 0 2 2 2 2 14 11 0 19 12
1 2 2 2 1 0 13 14 4 13 12
2 4 60 6 10 0 10 9 3 10 12 4 10 10 5 10 12 7 10 12 8 10 12 0 11 12 3 11 13 4 11 10 5 11 15 7 11 12 8 11 6 0 12 10 3 12 10 4 12 8 5 12 13 7 12 13 8 12 15 0 13 11 3 13 11 4 13 14 5 13 14 7 13 9 8 13 11 0 14 11 3 14 15 4 14 13 5 14 9 7 14 10 8 14 8 0 15 9 3 15 10 4 15 7 5 15 9 7 15 11 8 15 12 0 16 10 3 16 10 4 16 9 5 16 10 7 16 10 8 16 9 0 17 12 3 17 9 4 17 10 5 17 12 7 17 11 8 17 14 0 18 10 3 18 13 4 18 10 5 18 13 7 18 14 8 18 15 0 19 8 3 19 10 4 19 9 5 19 11 7 19 11 8 19 10
3 8 2 2 1 3 17 12 6 17 11
4 10 20 2 10 0 10 9 1 10 12 0 11 8 1 11 13 0 12 11 1 12 9 0 13 9 1 13 9 0 14 9 1 14 10 0 15 6 1 15 11 0 16 13 1 16 12 0 17 14 1 17 7 0 18 13 1 18 9 0 19 13 1 19 12
5 11 5 5 1 0 18 14 3 18 10 6 18 11 7 18 10 9 18 14
6 13 4 4 1 2 16 11 4 16 8 6 16 8 7 16 15
7 14 10 5 4 4 10 10 5 10 10 9 10 11 2 12 9 4 12 10 5 12 13 9 12 11 0 16 14 0 19 13 2 19 11
8 17 24 6 7 0 12 11 1 12 9 2 12 10 8 12 14 0 14 8 1 14 12 2 14 11 8 14 7 9 14 9 0 15 12 2 15 11 7 15 9 8 15 12 0 16 10 7 16 12 9 16 12 1 17 11 2 17 10 9 17 12 1 18 9 7 18 8 7 19 12 8 19 13 9 19 11
9 20 2 2 1 2 15 10 3 15 12
10 24 20 2 10 7 10 7 8 10 11 7 11 11 8 11 15 7 12 10 8 12 13 7 13 12 8 13 8 7 14 10 8 14 7 7 15 9 8 15 13 7 16 13 8 16 13 7 17 12 8 17 12 7 18 12 8 18 11 7 19 13 8 19 9
11 27 6 3 3 0 11 12 1 11 10 4 11 13 4 13 9 0 16 12 1 16 8
12 28 2 2 1 1 14 9 2 14 10
13 42 4 4 1 1 18 11 2 18 7 5 18 5 6 18 12
14 43 1 1 1 3 19 11
15 45 18 6 6 2 12 9 8 12 9 3 15 11 5 15 13 7 15 9 5 16 8 7 16 15 8 16 10 1 17 9 5 17 12 1 18 12 2 18 12 3 18 14 7 18 10 1 19 12 2 19 11 3 19 8 8 19 10
16 46 6 6 2 1 12 12 5 12 13 7 12 10 8 12 10 4 16 11 9 16 11
17 47 6 6 2 1 14 7 4 14 11 9 14 9 0 16 12 2 16 9 8 16 11
18 52 40 4 10 1 10 10 3 10 10 4 10 10 7 10 13 1 11 8 3 11 9 4 11 7 7 11 9 1 12 10 3 12 11 4 12 11 7 12 11 1 13 11 3 13 9 4 13 7 7 13 9 1 14 13 3 14 14 4 14 11 7 14 13 1 15 8 3 15 9 4 15 7 7 15 12 1 16 10 3 16 7 4 16 12 7 16 13 1 17 9 3 17 9 4 17 13 7 17 11 1 18 11 3 18 13 4 18 10 7 18 12 1 19 13 3 19 11 4 19 10 7 19 11
19 57 10 5 4 1 10 13 2 10 6 4 10 11 9 10 10 5 14 10 9 14 11 2 17 10 4 17 10 5 17 9 1 19 12
20 59 6 3 3 7 10 14 8 10 11 1 13 10 1 15 8 7 15 10 8 15 13
21 67 2 2 1 0 11 13 1 11 11
22 68 2 2 1 0 18 11 3 18 7
23 71 8 4 3 4 11 13 6 11 12 8 11 13 9 11 8 4 12 11 9 12 12 6 16 9 8 16 9
24 80 6 6 1 0 12 13 1 12 13 3 12 10 4 12 12 8 12 11 9 12 9
25 86 12 6 4 5 10 11 6 10 10 9 10 10 1 11 15 4 11 9 8 11 11 5 17 9 6 17 9 9 17 12 1 18 10 4 18 9 8 18 8
26 89 18 6 5 4 11 5 6 11 8 7 11 10 2 15 10 4 15 11 6 15 11 7 15 9 8 15 12 1 16 12 2 16 12 6 16 11 8 16 8 1 17 14 2 17 14 8 17 10 1 18 9 4 18 17 7 18 10
27 90 6 6 1 0 15 10 3 15 11 5 15 9 6 15 11 8 15 11 9 15 10
28 91 2 2 1 1 14 8 3 14 12
29 95 3 3 2 4 12 10 5 12 8 6 18 14
30 101 6 6 2 4 13 13 5 13 11 6 13 9 8 13 11 1 18 11 3 18 13
31 107 4 4 1 0 18 7 2 18 12 3 18 10 9 18 15
32 114 5 5 1 2 12 10 5 12 12 7 12 13 8 12 12 9 12 9
33 120 18 6 5 3 10 11 5 12 11 7 12 6 9 12 13 1 13 11 4 13 11 5 13 5 7 13 11 9 13 13 1 15 12 3 15 10 4 15 9 5 15 13 7 15 10 9 15 9 1 18 11 3 18 13 4 18 10
34 125 2 2 2 4 15 13 9 17 15
35 127 2 2 1 0 17 8 5 17 12
36 132 12 6 3 2 13 12 3 13 11 6 13 8 9 13 10 1 15 10 2 15 12 4 15 9 1 17 14 3 17 11 4 17 11 6 17 8 9 17 8
37 135 24 6 8 5 10 10 7 10 11 8 10 7 1 11 11 2 11 10 6 11 12 8 11 12 2 12 13 5 12 9 1 13 13 5 13 11 8 13 10 6 14 7 7 14 9 1 17 11 2 17 9 5 17 9 6 17 12 7 17 13 1 18 9 2 18 13 8 18 9 6 19 11 7 19 14
38 137 6 6 1 3 11 13 4 11 12 5 11 11 6 11 10 8 11 9 9 11 13
39 140 18 6 5 2 12 11 3 12 11 2 14 7 3 14 9 4 14 9 5 14 6 8 14 12 9 14 13 2 15 9 3 15 12 5 15 12 9 15 11 4 16 10 5 16 9 8 16 11 4 17 9 8 17 9 9 17 9
40 146 15 5 6 4 11 10 5 11 8 5 12 8 8 12 12 0 14 9 4 14 10 5 14 6 8 14 7 0 15 10 4 15 10 7 15 9 0 17 9 7 17 11 8 17 10 7 18 8
41 149 40 4 10 1 10 6 2 10 9 3 10 7 7 10 13 1 11 10 2 11 10 3 11 14 7 11 11 1 12 12 2 12 13 3 12 6 7 12 13 1 13 13 2 13 6 3 13 9 7 13 10 1 14 11 2 14 12 3 14 11 7 14 9 1 15 13 2 15 13 3 15 13 7 15 9 1 16 14 2 16 8 3 16 9 7 16 8 1 17 10 2 17 8 3 17 9 7 17 13 1 18 7 2 18 9 3 18 14 7 18 12 1 19 15 2 19 10 3 19 9 7 19 9
42 155 2 2 1 3 10 9 9 10 11
43 156 6 6 2 1 14 8 3 14 13 5 14 12 6 14 12 8 14 12 7 16 11
44 159 6 6 1 1 10 10 2 10 5 4 10 12 5 10 11 6 10 12 9 10 8
45 160 2 2 1 6 13 14 7 13 10
46 161 30 3 10 0 10 10 1 10 10 8 10 11 0 11 9 1 11 11 8 11 9 0 12 9 1 12 10 8 12 11 0 13 9 1 13 11 8 13 13 0 14 12 1 14 11 8 14 9 0 15 13 1 15 12 8 15 13 0 16 12 1 16 13 8 16 10 0 17 5 1 17 12 8 17 8 0 18 9 1 18 10 8 18 9 0 19 7 1 19 10 8 19 13
47 163 24 6 7 1 10 10 2 10 8 4 10 11 6 10 11 1 11 13 6 11 12 7 11 8 2 13 9 4 13 13 5 13 10 7 13 11 2 15 8 7 15 15 1 16 10 2 16 13 4 16 13 5 16 10 6 16 10 5 17 10 6 17 13 7 17 11 1 18 9 4 18 11 5 18 11
48 166 1 1 1 4 16 10
49 167 12 6 3 0 12 12 6 12 7 0 14 12 4 14 10 5 14 11 6 14 8 7 14 9 8 14 11 4 19 11 5 19 9 7 19 12 8 19 10
50 169 12 6 5 4 10 14 2 13 8 4 13 12 7 13 9 9 13 14 2 16 12 6 16 8 5 18 10 5 19 11 6 19 9 7 19 12 9 19 11
51 170 6 6 1 1 13 6 2 13 11 4 13 13 6 13 8 7 13 7 8 13 10
52 176 2 2 1 2 12 12 7 12 8
53 177 24 6 7 0 11 11 6 11 11 7 11 9 8 13 12 0 14 9 4 14 11 6 14 9 7 14 10 8 14 12 0 15 12 4 15 13 5 15 9 0 16 13 4 16 8 5 16 12 5 17 7 6 17 11 7 17 8 8 17 11 4 18 12 5 18 6 6 18 12 7 18 7 8 18 13
54 184 18 6 6 3 10 2 4 10 10 5 10 13 6 10 12 0 13 10 3 13 14 4 13 12 5 13 10 6 13 11 0 14 11 3 14 12 5 14 10 7 14 8 4 17 11 7 17 13 0 18 7 6 19 11 7 19 12
55 188 6 6 1 0 18 12 1 18 11 3 18 13 4 18 13 5 18 7 7 18 11
56 189 5 5 2 4 15 8 5 15 6 6 15 10 7 15 13 1 19 10
57 193 3 3 1 1 14 11 6 14 8 9 14 12
58 198 12 4 4 2 13 13 3 13 12 8 13 10 0 15 11 3 15 11 8 15 15 0 17 7 2 17 12 8 17 11 0 19 9 2 19 12 3 19 14
59 204 1 1 1 2 11 6
60 206 6 3 3 1 11 9 2 14 12 9 14 7 1 19 12 2 19 12 9 19 10
61 208 4 4 2 6 13 11 7 13 12 1 18 12 3 18 11
62 219 12 6 4 1 13 11 7 13 7 8 13 12 9 13 10 1 15 10 2 15 12 6 15 10 7 15 10 2 18 12 6 18 11 9 18 13 8 19 13
63 225 20 2 10 5 10 10 7 10 13 5 11 12 7 11 8 5 12 13 7 12 8 5 13 10 7 13 11 5 14 11 7 14 13 5 15 11 7 15 13 5 16 7 7 16 10 5 17 12 7 17 13 5 18 13 7 18 10 5 19 10 7 19 11
64 229 6 6 2 0 11 8 1 11 7 7 11 9 3 19 10 6 19 9 9 19 13
65 231 24 6 7 3 10 9 5 10 11 8 10 9 9 10 11 3 11 7 5 11 10 8 11 10 3 14 9 4 14 9 4 15 11 5 15 10 7 15 9 8 15 12 9 15 14 3 16 8 4 16 12 7 16 10 9 16 8 5 17 12 7 17 11 9 17 10 4 18 10 7 18 11 8 18 10
66 232 2 2 1 4 11 10 7 11 12
67 235 2 2 1 3 17 8 5 17 10
68 236 3 3 2 4 13 13 8 13 9 3 14 11
69 238 1 1 1 7 14 7
70 245 8 4 3 2 10 10 5 10 8 3 16 8 4 16 10 5 16 10 2 18 10 3 18 11 4 18 10
71 247 9 3 4 5 10 6 1 11 10 5 11 12 9 11 14 1 12 11 5 12 9 9 12 10 1 15 14 9 15 10
72 253 12 6 3 4 10 6 6 10 8 7 10 11 8 10 12 1 13 11 4 13 8 5 13 12 7 13 10 1 14 10 5 14 11 6 14 8 8 14 6
73 257 8 4 3 2 10 7 8 10 9 9 10 12 6 11 5 9 11 15 2 12 10 6 12 12 8 12 11
74 258 3 3 1 2 19 10 5 19 10 6 19 9
75 264 12 6 4 1 14 14 2 14 10 4 14 9 2 16 9 4 16 11 6 16 12 7 16 9 5 17 11 6 17 10 7 17 11 1 19 13 5 19 9
76 270 60 6 10 1 10 10 2 10 11 3 10 10 4 10 10 6 10 14 8 10 9 1 11 12 2 11 7 3 11 9 4 11 11 6 11 12 8 11 14 1 12 11 2 12 9 3 12 10 4 12 11 6 12 9 8 12 14 1 13 7 2 13 11 3 13 14 4 13 10 6 13 10 8 13 11 1 14 7 2 14 12 3 14 12 4 14 11 6 14 14 8 14 9 1 15 11 2 15 8 3 15 11 4 15 10 6 15 11 8 15 7 1 16 12 2 16 7 3 16 8 4 16 10 6 16 10 8 16 11 1 17 10 2 17 14 3 17 11 4 17 11 6 17 17 8 17 13 1 18 4 2 18 8 3 18 7 4 18 12 6 18 8 8 18 11 1 19 11 2 19 13 3 19 8 4 19 12 6 19 10 8 19 13
77 275 6 3 3 0 10 11 2 10 12 4 10 10 4 12 12 0 15 11 2 15 10
78 276 2 2 1 8 12 7 9 12 11
79 277 6 6 1 0 17 11 1 17 11 2 17 11 3 17 8 4 17 11 9 17 12
80 282 6 3 2 1 13 11 3 13 12 6 13 13 1 14 13 3 14 10 6 14 11
81 288 1 1 1 1 16 11
82 291 2 2 1 6 11 13 9 11 6
83 298 4 4 2 8 11 13 3 19 8 5 19 10 7 19 11
84 299 2 2 1 3 10 11 6 10 13
85 305 2 2 1 2 16 11 9 16 11
86 306 60 6 10 0 10 11 1 10 10 4 10 10 5 10 12 7 10 11 9 10 13 0 11 16 1 11 12 4 11 9 5 11 12 7 11 10 9 11 9 0 12 12 1 12 8 4 12 12 5 12 7 7 12 8 9 12 12 0 13 8 1 13 12 4 13 12 5 13 11 7 13 14 9 13 8 0 14 10 1 14 9 4 14 10 5 14 11 7 14 9 9 14 11 0 15 14 1 15 12 4 15 10 5 15 11 7 15 12 9 15 13 0 16 10 1 16 9 4 16 8 5 16 12 7 16 8 9 16 16 0 17 10 1 17 10 4 17 12 5 17 10 7 17 13 9 17 10 0 18 8 1 18 12 4 18 12 5 18 9 7 18 8 9 18 14 0 19 8 1 19 10 4 19 13 5 19 13 7 19 13 9 19 5
87 312 15 5 6 1 12 10 6 12 7 8 12 11 4 14 7 9 14 9 1 15 6 6 15 10 1 17 8 4 17 13 8 17 9 9 17 10 8 18 12 4 19 8 6 19 9 9 19 9
88 313 24 6 7 1 10 11 2 10 6 6 10 12 7 10 10 3 11 10 6 11 10 7 11 8 8 11 12 1 13 8 2 13 11 6 13 10 7 13 8 2 14 12 3 14 9 7 14 10 1 15 7 2 15 12 3 15 12 6 15 14 8 15 8 3 16 7 8 16 13 1 19 12 8 19 8
89 314 12 6 4 0 12 9 1 12 12 4 12 10 5 12 9 0 13 9 1 13 10 3 13 13 4 13 4 7 16 13 3 19 9 5 19 9 7 19 12
90 319 2 2 1 5 13 10 7 13 10
91 325 10 1 10 5 10 12 5 11 9 5 12 10 5 13 11 5 14 12 5 15 7 5 16 11 5 17 10 5 18 12 5 19 5
92 334 6 6 1 0 14 9 1 14 13 2 14 11 3 14 9 4 14 10 8 14 9
93 337 10 2 7 3 10 12 3 11 12 9 11 11 9 12 12 9 14 11 3 15 14 3 17 11 9 17 8 3 18 12 9 18 12
94 342 1 1 1 1 13 12
95 343 2 2 1 4 12 12 7 12 10
96 344 1 1 1 7 15 11
97 354 2 2 1 1 15 13 3 15 8
98 356 18 6 6 0 12 12 1 12 11 4 12 13 6 12 14 9 12 11 0 14 8 4 14 11 6 14 12 8 14 10 9 14 11 1 15 13 6 15 12 8 17 11 0 18 7 4 18 9 9 18 13 1 19 9 8 19 8
99 359 10 1 10 3 10 9 3 11 13 3 12 13 3 13 14 3 14 11 3 15 13 3 16 10 3 17 13 3 18 11 3 19 9
