20 100
0 0 3 3 1 3 17 11 8 17 9 9 17 11
1 2 4 4 2 1 11 14 2 11 9 8 11 12 6 17 9
2 4 4 4 1 0 10 8 1 10 10 2 10 10 9 10 14
3 8 4 4 1 2 17 10 5 17 7 6 17 7 8 17 10
4 10 1 1 1 1 18 11
5 11 3 3 1 2 17 14 4 17 9 8 17 9
6 13 24 6 7 1 10 12 6 10 11 8 10 9 9 10 7 1 11 12 7 11 13 2 14 9 6 14 12 7 14 8 1 15 10 2 15 8 7 15 10 8 15 11 6 17 12 7 17 9 8 17 14 9 17 8 2 18 10 9 18 11 1 19 11 2 19 5 6 19 8 8 19 10 9 19 7
7 14 60 6 10 1 10 12 2 10 12 3 10 14 6 10 11 8 10 11 9 10 11 1 11 15 2 11 12 3 11 8 6 11 12 8 11 7 9 11 9 1 12 10 2 12 10 3 12 10 6 12 8 8 12 9 9 12 11 1 13 10 2 13 12 3 13 12 6 13 11 8 13 11 9 13 12 1 14 13 2 14 10 3 14 9 6 14 10 8 14 8 9 14 14 1 15 11 2 15 11 3 15 8 6 15 9 8 15 11 9 15 10 1 16 13 2 16 9 3 16 13 6 16 10 8 16 12 9 16 9 1 17 11 2 17 11 3 17 14 6 17 8 8 17 10 9 17 12 1 18 10 2 18 8 3 18 10 6 18 11 8 18 10 9 18 13 1 19 10 2 19 12 3 19 9 6 19 8 8 19 9 9 19 10
8 17 10 1 10 9 10 12 9 11 8 9 12 9 9 13 9 9 14 7 9 15 11 9 16 10 9 17 10 9 18 8 9 19 13
9 20 6 6 3 1 11 13 6 11 12 8 11 10 9 13 13 0 17 10 5 17 8
10 24 6 6 1 1 17 10 2 17 11 3 17 8 4 17 12 6 17 10 7 17 12
11 27 6 3 3 1 12 12 7 12 6 1 14 10 9 14 8 7 15 11 9 15 12
12 28 18 6 5 0 10 12 1 10 10 3 10 9 5 10 8 0 11 10 3 11 11 5 11 10 3 13 16 5 13 10 6 13 15 7 13 11 1 14 8 6 14 8 7 14 9 0 18 12 1 18 9 6 18 11 7 18 9
13 42 3 3 1 0 19 8 1 19 12 7 19 14
14 43 18 6 5 1 10 7 5 10 10 6 10 11 1 11 12 3 11 9 5 11 8 6 11 7 9 11 8 1 13 11 4 13 11 6 13 11 9 13 9 3 14 10 4 14 11 5 14 10 9 14 12 3 15 11 4 15 10
15 45 1 1 1 1 17 13
16 46 2 2 1 0 15 11 5 15 10
17 47 6 6 1 0 19 11 2 19 12 5 19 13 7 19 13 8 19 11 9 19 6
18 52 4 4 1 0 13 9 2 13 11 4 13 12 8 13 8
19 57 6 6 1 0 15 9 3 15 12 4 15 8 6 15 11 8 15 11 9 15 12
20 59 2 2 1 1 19 10 9 19 12
21 67 6 6 2 0 14 10 5 14 12 1 17 13 6 17 13 7 17 10 8 17 14
22 68 3 3 2 6 15 8 7 15 11 4 16 9
23 71 2 2 1 3 15 11 4 15 10
24 80 8 4 4 9 12 12 0 13 10 5 13 11 9 13 8 0 15 13 3 15 9 5 15 12 3 16 13
25 86 2 2 1 0 12 11 5 12 11
26 89 1 1 1 7 19 12
27 90 3 3 1 1 10 12 6 10 10 9 10 11
28 91 6 3 2 1 13 10 5 13 7 7 13 11 1 14 8 5 14 11 7 14 9
29 95 1 1 1 8 15 14
30 101 24 6 6 0 12 12 2 12 10 7 12 10 9 12 13 3 13 12 5 13 8 9 13 12 0 14 9 2 14 12 3 14 13 5 14 10 7 14 7 0 15 9 2 15 11 3 15 12 5 15 12 7 15 7 9 15 15 5 16 9 7 16 12 0 18 10 2 18 13 3 18 11 9 18 9
31 107 1 1 1 0 16 10
32 114 6 3 3 6 10 8 9 10 13 4 11 8 4 16 7 6 16 9 9 16 12
33 120 60 6 10 2 10 8 3 10 12 4 10 10 5 10 8 6 10 10 8 10 11 2 11 7 3 11 11 4 11 11 5 11 11 6 11 11 8 11 14 2 12 11 3 12 14 4 12 9 5 12 9 6 12 11 8 12 11 2 13 12 3 13 10 4 13 5 5 13 11 6 13 9 8 13 13 2 14 12 3 14 12 4 14 10 5 14 11 6 14 7 8 14 11 2 15 11 3 15 7 4 15 10 5 15 14 6 15 9 8 15 10 2 16 13 3 16 9 4 16 11 5 16 12 6 16 10 8 16 10 2 17 11 3 17 12 4 17 11 5 17 10 6 17 10 8 17 12 2 18 9 3 18 9 4 18 10 5 18 10 6 18 11 8 18 9 2 19 9 3 19 11 4 19 12 5 19 11 6 19 8 8 19 9
34 125 3 3 1 0 13 13 7 13 8 9 13 9
35 127 60 6 10 0 10 11 2 10 14 4 10 9 5 10 10 6 10 10 7 10 9 0 11 11 2 11 5 4 11 8 5 11 8 6 11 11 7 11 8 0 12 10 2 12 5 4 12 8 5 12 11 6 12 10 7 12 11 0 13 9 2 13 12 4 13 11 5 13 10 6 13 12 7 13 5 0 14 11 2 14 7 4 14 9 5 14 10 6 14 10 7 14 11 0 15 9 2 15 13 4 15 9 5 15 8 6 15 10 7 15 7 0 16 15 2 16 8 4 16 14 5 16 10 6 16 12 7 16 9 0 17 9 2 17 7 4 17 12 5 17 12 6 17 9 7 17 10 0 18 11 2 18 8 4 18 12 5 18 14 6 18 8 7 18 11 0 19 7 2 19 8 4 19 13 5 19 10 6 19 10 7 19 12
36 132 2 2 1 3 10 14 8 10 12
37 135 3 3 1 3 14 12 8 14 12 9 14 11
38 137 6 6 2 1 11 10 4 11 11 7 11 12 0 16 11 2 16 12 5 16 7
39 140 12 6 4 2 13 6 6 13 11 8 13 12 1 14 13 2 14 9 6 14 8 7 14 7 8 14 8 9 14 8 9 17 11 1 19 7 7 19 9
40 146 6 6 3 2 10 13 4 10 12 7 10 12 8 13 7 6 18 9 9 18 11
41 149 2 2 1 1 18 13 7 18 14
42 155 6 6 1 1 14 11 3 14 7 4 14 11 5 14 9 6 14 7 9 14 7
43 156 12 6 3 0 14 12 2 14 12 3 14 12 7 14 9 0 16 12 2 16 13 6 16 14 9 16 11 3 17 8 6 17 11 7 17 13 9 17 11
44 159 6 3 3 6 13 9 8 13 11 9 13 11 8 14 11 9 14 9 6 17 11
45 160 60 6 10 0 10 11 1 10 9 2 10 8 3 10 12 8 10 10 9 10 14 0 11 13 1 11 10 2 11 12 3 11 11 8 11 12 9 11 10 0 12 8 1 12 11 2 12 9 3 12 12 8 12 12 9 12 13 0 13 11 1 13 9 2 13 14 3 13 13 8 13 8 9 13 9 0 14 11 1 14 12 2 14 14 3 14 11 8 14 13 9 14 12 0 15 11 1 15 9 2 15 11 3 15 9 8 15 13 9 15 10 0 16 12 1 16 12 2 16 8 3 16 9 8 16 7 9 16 9 0 17 13 1 17 8 2 17 10 3 17 12 8 17 10 9 17 9 0 18 12 1 18 13 2 18 15 3 18 12 8 18 11 9 18 10 0 19 7 1 19 13 2 19 13 3 19 10 8 19 12 9 19 11
46 161 6 6 2 1 14 9 2 14 11 5 18 11 7 18 12 8 18 14 9 18 12
47 163 24 6 8 0 10 10 1 10 11 6 10 12 9 10 11 0 13 10 3 13 10 4 13 11 6 13 7 9 13 8 0 14 10 1 14 12 6 14 11 1 15 15 3 15 9 4 15 11 1 16 11 3 16 12 9 16 12 4 17 13 3 18 10 4 18 14 6 18 9 9 18 11 0 19 12
48 166 6 3 2 0 11 12 3 11 13 4 11 12 0 17 8 3 17 12 4 17 11
49 167 2 2 2 7 11 11 1 14 14
50 169 6 6 1 0 10 11 1 10 11 4 10 7 5 10 9 7 10 9 9 10 11
51 170 3 3 2 4 12 12 3 18 13 7 18 10
52 176 6 6 3 2 12 12 8 12 9 5 14 12 9 14 12 3 18 12 4 18 7
53 177 3 3 1 7 17 11 8 17 11 9 17 10
54 184 10 1 10 3 10 11 3 11 10 3 12 12 3 13 10 3 14 12 3 15 11 3 16 15 3 17 12 3 18 9 3 19 8
55 188 12 6 3 1 10 13 3 10 9 7 10 11 0 14 9 1 14 8 2 14 11 3 14 14 6 14 3 7 14 11 0 16 10 2 16 7 6 16 9
56 189 2 2 1 0 14 12 8 14 10
57 193 6 6 1 1 12 10 2 12 10 3 12 13 4 12 12 5 12 10 6 12 11
58 198 4 4 1 1 19 12 2 19 7 3 19 14 6 19 13
59 204 8 4 4 4 10 10 5 10 12 9 10 11 5 12 12 8 12 8 4 15 9 8 15 8 9 18 8
60 206 18 6 6 0 10 8 8 10 9 9 10 8 1 11 11 5 11 8 8 11 7 0 15 13 3 15 9 5 15 11 1 16 8 3 16 9 9 16 7 1 17 8 3 17 13 9 17 8 0 18 13 5 18 8 8 18 13
61 208 36 6 10 0 10 10 2 10 9 0 11 7 1 11 11 2 11 14 3 11 9 6 11 6 0 12 8 3 12 10 5 12 9 0 13 8 1 13 14 2 13 10 3 13 9 5 13 13 1 14 15 3 14 13 6 14 10 1 15 13 2 15 9 5 15 9 6 15 11 1 16 12 5 16 10 6 16 13 0 17 8 2 17 10 3 17 13 6 17 11 0 18 11 2 18 11 3 18 11 5 18 9 6 18 11 1 19 10 5 19 11
62 219 2 2 1 4 11 11 8 11 10
63 225 15 5 5 0 12 14 2 12 11 4 12 10 5 12 11 5 15 11 0 16 9 4 16 10 7 16 11 2 17 9 5 17 13 7 17 12 0 18 7 2 18 13 4 18 11 7 18 10
64 229 1 1 1 3 16 14
65 231 6 6 2 1 11 8 2 11 9 8 11 13 4 12 7 5 12 6 9 12 13
66 232 4 4 1 0 17 15 2 17 9 5 17 12 8 17 7
67 235 18 6 5 0 13 12 2 13 14 3 13 10 6 13 12 9 13 12 0 14 12 2 14 10 6 14 8 9 14 8 3 16 10 7 16 11 2 17 12 7 17 12 0 19 7 3 19 13 6 19 13 7 19 6 9 19 13
68 236 60 6 10 0 10 11 1 10 14 2 10 11 3 10 13 4 10 8 7 10 12 0 11 13 1 11 13 2 11 9 3 11 12 4 11 7 7 11 12 0 12 12 1 12 8 2 12 15 3 12 12 4 12 11 7 12 10 0 13 13 1 13 7 2 13 7 3 13 16 4 13 12 7 13 13 0 14 13 1 14 11 2 14 11 3 14 8 4 14 9 7 14 12 0 15 10 1 15 10 2 15 10 3 15 10 4 15 8 7 15 12 0 16 9 1 16 12 2 16 16 3 16 12 4 16 12 7 16 11 0 17 12 1 17 11 2 17 8 3 17 12 4 17 8 7 17 11 0 18 14 1 18 13 2 18 10 3 18 12 4 18 11 7 18 9 0 19 11 1 19 13 2 19 15 3 19 12 4 19 9 7 19 12
69 238 6 6 1 1 11 10 2 11 12 3 11 10 4 11 10 6 11 11 9 11 11
70 245 24 6 7 1 10 7 3 10 9 4 10 10 9 10 12 1 11 10 4 11 16 8 11 9 1 13 10 2 13 10 9 13 9 2 15 12 4 15 12 8 15 11 3 16 10 8 16 9 9 16 7 1 18 8 2 18 11 3 18 12 4 18 6 9 18 11 2 19 11 3 19 10 8 19 11
71 247 5 5 1 0 12 10 1 12 10 2 12 14 3 12 9 7 12 13
72 253 2 2 1 0 18 11 3 18 11
73 257 6 6 3 7 15 12 1 16 12 6 16 11 8 16 7 9 16 9 0 17 12
74 258 1 1 1 1 10 12
75 264 24 6 7 1 11 13 2 11 11 5 12 9 9 12 7 0 14 16 1 14 8 4 14 8 0 15 11 1 15 10 2 15 9 9 15 8 2 16 9 4 16 11 5 16 10 9 16 9 0 17 11 1 17 7 2 17 12 4 17 11 5 17 8 9 17 11 0 18 11 4 18 7 5 18 12
76 270 12 6 4 3 11 8 4 11 14 0 14 9 4 14 11 6 14 11 9 14 10 6 17 13 7 17 10 0 18 14 3 18 9 7 18 9 9 18 13
77 275 12 6 4 0 11 13 1 11 12 4 11 14 7 11 11 8 11 9 0 13 11 4 13 10 7 13 10 9 13 8 1 14 14 8 14 14 9 18 9
78 276 18 6 5 2 10 10 3 10 9 4 10 12 7 10 9 5 11 13 7 11 11 2 14 9 4 14 8 5 14 6 6 14 12 7 14 9 2 17 10 3 17 8 4 17 11 5 17 10 6 17 12 3 18 9 6 18 13
79 277 2 2 1 0 15 10 5 15 6
80 282 60 6 10 0 10 12 1 10 8 4 10 10 5 10 14 8 10 12 9 10 12 0 11 10 1 11 8 4 11 12 5 11 14 8 11 6 9 11 11 0 12 10 1 12 11 4 12 10 5 12 11 8 12 13 9 12 10 0 13 7 1 13 15 4 13 6 5 13 11 8 13 12 9 13 10 0 14 10 1 14 11 4 14 9 5 14 13 8 14 11 9 14 6 0 15 12 1 15 13 4 15 11 5 15 9 8 15 12 9 15 10 0 16 11 1 16 11 4 16 11 5 16 6 8 16 11 9 16 10 0 17 10 1 17 8 4 17 14 5 17 14 8 17 9 9 17 11 0 18 13 1 18 9 4 18 8 5 18 11 8 18 13 9 18 13 0 19 9 1 19 13 4 19 9 5 19 10 8 19 9 9 19 13
81 288 60 6 10 2 10 10 4 10 7 5 10 9 6 10 10 7 10 10 8 10 10 2 11 9 4 11 10 5 11 12 6 11 7 7 11 10 8 11 10 2 12 9 4 12 8 5 12 10 6 12 10 7 12 10 8 12 11 2 13 6 4 13 9 5 13 12 6 13 12 7 13 11 8 13 10 2 14 12 4 14 11 5 14 11 6 14 11 7 14 8 8 14 11 2 15 10 4 15 13 5 15 9 6 15 10 7 15 11 8 15 10 2 16 11 4 16 12 5 16 8 6 16 9 7 16 11 8 16 13 2 17 7 4 17 11 5 17 6 6 17 9 7 17 12 8 17 13 2 18 13 4 18 11 5 18 12 6 18 11 7 18 14 8 18 12 2 19 9 4 19 10 5 19 12 6 19 11 7 19 7 8 19 12
82 291 8 4 3 0 13 6 3 13 8 2 18 9 3 18 10 7 18 10 0 19 12 2 19 12 7 19 10
83 298 30 3 10 0 10 7 8 10 10 9 10 8 0 11 12 8 11 11 9 11 12 0 12 12 8 12 6 9 12 9 0 13 10 8 13 11 9 13 14 0 14 8 8 14 7 9 14 11 0 15 13 8 15 11 9 15 9 0 16 15 8 16 10 9 16 11 0 17 13 8 17 9 9 17 14 0 18 12 8 18 12 9 18 11 0 19 11 8 19 6 9 19 9
84 299 6 6 1 0 16 13 2 16 13 4 16 10 6 16 11 7 16 10 9 16 12
85 305 8 4 4 6 12 11 2 13 6 4 13 11 1 14 8 2 14 7 1 16 12 4 16 10 6 16 11
86 306 12 6 3 1 10 10 2 10 7 4 10 9 6 10 13 9 10 11 1 14 10 2 14 6 3 14 11 4 14 10 9 14 5 3 16 10 6 16 10
87 312 2 2 1 0 16 13 3 16 11
88 313 6 3 3 2 10 12 2 16 7 3 16 10 8 16 12 3 19 10 8 19 11
89 314 12 6 4 1 11 9 2 11 11 3 11 12 7 11 13 0 13 11 6 13 12 1 14 15 7 14 10 0 15 11 2 15 9 3 15 12 6 15 12
90 319 15 5 5 1 12 8 2 12 10 7 12 14 9 12 5 1 14 12 2 14 12 7 14 9 8 14 10 9 14 12 2 16 12 7 16 13 8 16 7 1 17 7 8 18 10 9 18 12
91 325 60 6 10 1 10 8 2 10 8 3 10 12 4 10 11 6 10 10 8 10 11 1 11 13 2 11 9 3 11 11 4 11 9 6 11 11 8 11 11 1 12 11 2 12 10 3 12 9 4 12 12 6 12 9 8 12 15 1 13 11 2 13 9 3 13 11 4 13 11 6 13 9 8 13 8 1 14 9 2 14 11 3 14 10 4 14 9 6 14 10 8 14 10 1 15 10 2 15 9 3 15 9 4 15 10 6 15 13 8 15 8 1 16 12 2 16 11 3 16 10 4 16 13 6 16 12 8 16 12 1 17 9 2 17 3 3 17 10 4 17 8 6 17 10 8 17 14 1 18 12 2 18 10 3 18 10 4 18 12 6 18 11 8 18 12 1 19 12 2 19 12 3 19 8 4 19 12 6 19 11 8 19 15
92 334 10 5 3 0 10 7 3 10 8 4 10 12 5 10 9 6 10 9 4 11 12 5 11 9 6 11 12 0 16 10 3 16 12
93 337 2 2 1 1 13 9 2 13 13
94 342 12 6 4 0 12 11 8 12 13 1 14 12 2 14 14 3 14 8 3 16 7 7 16 10 8 16 11 0 19 12 1 19 11 2 19 11 7 19 7
95 343 2 1 2 3 14 11 3 19 10
96 344 3 3 1 0 13 14 5 13 9 9 13 9
97 354 40 4 10 0 10 11 5 10 9 6 10 11 9 10 14 0 11 8 5 11 12 6 11 13 9 11 13 0 12 8 5 12 7 6 12 13 9 12 11 0 13 14 5 13 11 6 13 9 9 13 11 0 14 10 5 14 10 6 14 9 9 14 7 0 15 9 5 15 12 6 15 11 9 15 9 0 16 10 5 16 9 6 16 12 9 16 11 0 17 10 5 17 14 6 17 11 9 17 8 0 18 11 5 18 11 6 18 10 9 18 11 0 19 9 5 19 11 6 19 12 9 19 15
98 356 40 4 10 2 10 10 3 10 8 4 10 11 7 10 8 2 11 10 3 11 11 4 11 8 7 11 8 2 12 13 3 12 10 4 12 10 7 12 12 2 13 13 3 13 11 4 13 14 7 13 8 2 14 9 3 14 10 4 14 7 7 14 10 2 15 6 3 15 6 4 15 6 7 15 10 2 16 8 3 16 10 4 16 12 7 16 12 2 17 11 3 17 7 4 17 9 7 17 12 2 18 12 3 18 13 4 18 9 7 18 10 2 19 15 3 19 10 4 19 9 7 19 11
99 359 2 2 2 4 13 11 3 16 13
