20 100
0 0 60 6 10 1 10 10 2 10 11 3 10 8 5 10 10 7 10 9 8 10 10 1 11 14 2 11 8 3 11 9 5 11 10 7 11 11 8 11 11 1 12 12 2 12 7 3 12 10 5 12 11 7 12 12 8 12 10 1 13 13 2 13 9 3 13 6 5 13 13 7 13 12 8 13 7 1 14 11 2 14 10 3 14 13 5 14 9 7 14 11 8 14 12 1 15 14 2 15 9 3 15 13 5 15 15 7 15 14 8 15 10 1 16 15 2 16 9 3 16 10 5 16 9 7 16 11 8 16 13 1 17 9 2 17 11 3 17 13 5 17 13 7 17 13 8 17 8 1 18 11 2 18 8 3 18 12 5 18 11 7 18 12 8 18 12 1 19 11 2 19 12 3 19 9 5 19 11 7 19 11 8 19 10
1 2 8 4 4 3 10 12 8 10 7 2 11 10 4 11 9 3 14 10 4 14 10 2 16 10 8 16 9
2 4 6 6 3 8 12 9 1 16 10 2 16 12 4 16 8 5 16 8 7 19 11
3 8 12 6 3 0 10 13 2 10 13 5 10 9 8 10 13 2 11 11 4 11 8 5 11 11 6 11 11 0 16 11 4 16 11 6 16 11 8 16 11
4 10 5 5 1 0 18 10 1 18 12 3 18 12 5 18 15 6 18 12
5 11 6 6 1 1 15 12 3 15 10 4 15 14 6 15 12 8 15 5 9 15 8
6 13 1 1 1 6 16 12
7 14 60 6 10 0 10 14 1 10 13 5 10 13 6 10 9 8 10 9 9 10 9 0 11 9 1 11 12 5 11 13 6 11 13 8 11 12 9 11 11 0 12 8 1 12 10 5 12 11 6 12 10 8 12 8 9 12 10 0 13 9 1 13 13 5 13 14 6 13 7 8 13 14 9 13 11 0 14 8 1 14 9 5 14 11 6 14 11 8 14 11 9 14 12 0 15 7 1 15 13 5 15 9 6 15 9 8 15 9 9 15 8 0 16 13 1 16 13 5 16 8 6 16 12 8 16 13 9 16 9 0 17 8 1 17 9 5 17 8 6 17 11 8 17 8 9 17 11 0 18 11 1 18 11 5 18 10 6 18 9 8 18 10 9 18 11 0 19 13 1 19 7 5 19 8 6 19 10 8 19 10 9 19 10
8 17 12 6 4 4 11 7 6 11 9 8 11 11 0 14 7 1 14 9 4 14 10 6 14 12 7 14 11 8 15 9 0 18 10 1 18 9 7 18 8
9 20 30 3 10 1 10 11 3 10 10 5 10 10 1 11 8 3 11 12 5 11 10 1 12 9 3 12 9 5 12 12 1 13 10 3 13 8 5 13 10 1 14 12 3 14 12 5 14 15 1 15 10 3 15 10 5 15 10 1 16 13 3 16 12 5 16 10 1 17 8 3 17 10 5 17 11 1 18 12 3 18 11 5 18 9 1 19 5 3 19 12 5 19 11
10 24 6 6 1 1 10 12 2 10 8 3 10 12 4 10 5 7 10 11 8 10 11
11 27 1 1 1 8 18 9
12 28 6 6 2 5 14 8 7 14 7 2 15 12 3 15 13 6 15 12 9 15 12
13 42 6 6 2 0 10 11 8 10 12 9 10 10 1 14 10 2 14 11 6 14 8
14 43 2 2 1 6 17 9 8 17 11
15 45 1 1 1 2 11 15
16 46 2 2 2 4 12 14 9 13 8
17 47 10 5 4 6 10 13 8 10 14 9 10 9 0 13 11 5 13 15 8 13 12 0 14 10 9 14 9 5 18 14 6 18 11
18 52 2 2 1 0 11 13 4 11 12
19 57 20 2 10 1 10 9 5 10 9 1 11 12 5 11 12 1 12 6 5 12 11 1 13 10 5 13 10 1 14 12 5 14 10 1 15 12 5 15 11 1 16 12 5 16 12 1 17 12 5 17 10 1 18 10 5 18 10 1 19 9 5 19 9
20 59 1 1 1 4 19 13
21 67 6 3 2 3 15 10 5 15 10 7 15 8 3 19 13 5 19 14 7 19 15
22 68 3 3 1 3 15 11 6 15 9 8 15 14
23 71 12 6 4 0 14 12 9 14 10 4 15 10 5 15 10 7 15 10 9 15 14 0 17 11 3 17 7 5 17 9 7 17 10 3 18 14 4 18 14
24 80 1 1 1 7 15 10
25 86 2 2 1 1 16 13 4 16 9
26 89 1 1 1 5 10 7
27 90 15 5 6 0 10 13 4 10 10 2 13 9 3 13 11 6 13 11 0 14 8 3 14 10 6 14 15 4 15 9 2 17 14 4 17 12 6 17 8 0 18 13 2 18 10 3 18 11
28 91 6 6 2 0 12 10 3 12 9 6 12 9 7 12 12 2 19 9 9 19 12
29 95 3 3 1 0 16 10 2 16 6 3 16 11
30 101 50 5 10 3 10 11 4 10 10 6 10 13 7 10 9 8 10 11 3 11 11 4 11 11 6 11 12 7 11 10 8 11 12 3 12 8 4 12 13 6 12 4 7 12 11 8 12 12 3 13 9 4 13 9 6 13 10 7 13 10 8 13 12 3 14 14 4 14 8 6 14 14 7 14 14 8 14 9 3 15 9 4 15 10 6 15 10 7 15 8 8 15 10 3 16 12 4 16 11 6 16 10 7 16 13 8 16 12 3 17 14 4 17 11 6 17 12 7 17 11 8 17 9 3 18 6 4 18 10 6 18 12 7 18 11 8 18 16 3 19 14 4 19 16 6 19 9 7 19 9 8 19 6
31 107 6 6 1 0 15 12 1 15 12 2 15 9 5 15 8 7 15 9 9 15 9
32 114 3 3 1 5 19 10 6 19 12 8 19 8
33 120 2 2 1 0 19 10 4 19 9
34 125 2 2 1 7 13 13 9 13 11
35 127 6 6 3 6 10 9 0 13 9 4 13 9 1 14 7 5 14 11 7 14 8
36 132 18 6 5 2 14 9 5 14 10 8 14 7 9 14 10 3 15 9 8 15 14 2 16 10 3 16 11 4 16 11 5 16 7 8 16 10 9 16 9 2 17 13 4 17 10 5 17 8 3 18 7 4 18 14 9 18 11
37 135 18 6 6 2 10 11 5 10 8 6 10 7 9 10 10 0 11 10 5 11 10 8 11 7 2 12 9 8 12 10 9 12 7 2 13 8 6 13 12 9 13 11 0 17 13 6 17 11 8 17 9 0 18 11 5 18 11
38 137 60 6 10 0 10 11 1 10 13 5 10 8 6 10 12 8 10 9 9 10 12 0 11 12 1 11 12 5 11 10 6 11 10 8 11 11 9 11 12 0 12 12 1 12 19 5 12 11 6 12 8 8 12 9 9 12 12 0 13 9 1 13 7 5 13 9 6 13 13 8 13 9 9 13 5 0 14 10 1 14 15 5 14 9 6 14 11 8 14 10 9 14 14 0 15 6 1 15 15 5 15 12 6 15 12 8 15 10 9 15 9 0 16 10 1 16 15 5 16 7 6 16 10 8 16 8 9 16 11 0 17 11 1 17 12 5 17 11 6 17 13 8 17 10 9 17 9 0 18 12 1 18 10 5 18 9 6 18 11 8 18 7 9 18 9 0 19 9 1 19 12 5 19 10 6 19 10 8 19 10 9 19 8
39 140 18 6 6 6 12 14 0 13 12 4 13 9 6 13 12 7 13 11 4 14 8 7 14 9 4 16 10 5 16 11 9 16 10 0 17 11 5 17 11 6 17 12 9 17 10 0 18 14 5 18 12 7 18 13 9 18 9
40 146 12 6 3 1 10 12 3 10 10 5 10 5 6 10 8 0 12 7 6 12 10 8 12 9 0 17 11 1 17 11 3 17 11 5 17 11 8 17 11
41 149 3 3 1 2 17 13 7 17 13 9 17 11
42 155 6 6 1 3 19 13 4 19 8 5 19 10 6 19 9 7 19 10 9 19 8
43 156 15 5 5 0 12 15 2 12 9 0 14 12 3 14 10 5 14 10 6 14 5 2 15 9 3 15 8 6 15 10 0 16 10 2 16 7 5 16 6 3 18 11 5 18 8 6 18 8
44 159 60 6 10 0 10 7 1 10 15 2 10 10 4 10 13 5 10 8 8 10 9 0 11 13 1 11 11 2 11 10 4 11 9 5 11 9 8 11 14 0 12 10 1 12 13 2 12 10 4 12 8 5 12 9 8 12 11 0 13 10 1 13 5 2 13 13 4 13 7 5 13 8 8 13 10 0 14 14 1 14 13 2 14 11 4 14 12 5 14 10 8 14 14 0 15 9 1 15 9 2 15 9 4 15 8 5 15 8 8 15 12 0 16 10 1 16 12 2 16 11 4 16 16 5 16 6 8 16 12 0 17 9 1 17 11 2 17 10 4 17 9 5 17 8 8 17 13 0 18 11 1 18 8 2 18 13 4 18 7 5 18 13 8 18 10 0 19 9 1 19 6 2 19 11 4 19 9 5 19 12 8 19 12
45 160 4 2 2 3 10 13 4 10 8 3 18 13 4 18 9
46 161 6 6 1 0 10 12 1 10 10 2 10 10 4 10 9 8 10 9 9 10 8
47 163 1 1 1 6 14 9
48 166 60 6 10 0 10 11 3 10 13 5 10 12 7 10 8 8 10 9 9 10 11 0 11 13 3 11 11 5 11 14 7 11 12 8 11 12 9 11 16 0 12 13 3 12 11 5 12 10 7 12 9 8 12 14 9 12 10 0 13 9 3 13 11 5 13 12 7 13 8 8 13 12 9 13 13 0 14 7 3 14 11 5 14 8 7 14 8 8 14 11 9 14 9 0 15 10 3 15 11 5 15 7 7 15 8 8 15 10 9 15 13 0 16 8 3 16 5 5 16 12 7 16 9 8 16 12 9 16 8 0 17 13 3 17 8 5 17 11 7 17 10 8 17 8 9 17 12 0 18 9 3 18 9 5 18 12 7 18 9 8 18 9 9 18 9 0 19 12 3 19 12 5 19 9 7 19 12 8 19 12 9 19 10
49 167 4 4 1 1 17 12 2 17 7 3 17 9 6 17 13
50 169 12 6 4 0 11 8 3 11 12 6 11 13 9 11 12 2 14 13 8 14 9 9 14 12 0 17 10 2 17 10 3 17 11 6 19 8 8 19 9
51 170 24 6 7 2 11 11 3 11 14 6 11 13 5 12 10 6 12 14 8 12 8 1 13 11 2 13 10 3 13 10 5 13 13 6 13 12 8 13 10 1 14 9 2 14 10 5 14 4 6 14 11 8 14 12 1 16 8 2 16 10 3 16 10 8 16 7 5 17 13 1 19 12 3 19 10
52 176 24 6 7 1 10 13 8 10 9 5 11 9 6 11 12 1 12 11 3 12 11 5 12 10 8 12 15 9 12 12 3 13 12 5 13 12 6 13 9 8 13 9 9 13 8 1 14 14 3 14 9 9 14 13 3 15 8 5 15 10 6 15 9 8 15 9 9 15 12 1 18 11 6 18 12
53 177 12 6 3 1 10 8 6 10 11 7 10 10 9 10 8 0 13 12 4 13 11 6 13 9 7 13 9 9 13 10 0 19 9 1 19 12 4 19 10
54 184 60 6 10 0 10 15 1 10 12 2 10 14 6 10 13 7 10 13 8 10 13 0 11 8 1 11 11 2 11 9 6 11 11 7 11 8 8 11 14 0 12 12 1 12 15 2 12 6 6 12 16 7 12 12 8 12 15 0 13 10 1 13 12 2 13 11 6 13 11 7 13 10 8 13 11 0 14 12 1 14 9 2 14 10 6 14 11 7 14 13 8 14 9 0 15 10 1 15 11 2 15 11 6 15 9 7 15 9 8 15 9 0 16 13 1 16 10 2 16 6 6 16 7 7 16 9 8 16 9 0 17 9 1 17 9 2 17 10 6 17 16 7 17 11 8 17 9 0 18 10 1 18 10 2 18 12 6 18 10 7 18 13 8 18 13 0 19 10 1 19 13 2 19 10 6 19 9 7 19 11 8 19 11
55 188 1 1 1 0 19 7
56 189 18 6 6 1 11 8 2 11 12 6 11 12 9 11 11 7 12 9 8 12 15 9 12 6 6 13 9 7 13 7 9 13 10 2 14 10 1 15 12 2 15 10 6 15 9 7 15 12 8 15 12 1 16 11 8 16 9
57 193 24 6 7 1 10 12 3 10 13 7 10 10 9 10 12 1 11 7 3 11 11 8 13 9 9 13 11 1 15 12 3 15 10 5 15 11 7 15 8 8 15 16 9 15 10 5 16 6 7 16 11 1 17 11 3 17 12 5 17 13 7 17 10 8 17 13 9 17 9 5 19 11 8 19 9
58 198 20 2 10 0 10 12 1 10 13 0 11 15 1 11 11 0 12 8 1 12 10 0 13 10 1 13 16 0 14 11 1 14 11 0 15 13 1 15 10 0 16 12 1 16 8 0 17 12 1 17 10 0 18 11 1 18 9 0 19 12 1 19 11
59 204 6 6 1 1 14 8 2 14 11 3 14 10 5 14 9 6 14 10 9 14 11
60 206 60 6 10 0 10 9 2 10 14 4 10 10 6 10 12 7 10 9 8 10 11 0 11 12 2 11 13 4 11 12 6 11 12 7 11 12 8 11 13 0 12 11 2 12 10 4 12 12 6 12 12 7 12 9 8 12 9 0 13 9 2 13 9 4 13 9 6 13 14 7 13 8 8 13 13 0 14 11 2 14 8 4 14 9 6 14 12 7 14 9 8 14 7 0 15 12 2 15 15 4 15 13 6 15 13 7 15 9 8 15 14 0 16 10 2 16 12 4 16 10 6 16 8 7 16 8 8 16 7 0 17 9 2 17 10 4 17 9 6 17 9 7 17 14 8 17 13 0 18 11 2 18 9 4 18 13 6 18 14 7 18 9 8 18 12 0 19 7 2 19 11 4 19 11 6 19 10 7 19 12 8 19 9
61 208 60 6 10 0 10 10 1 10 10 3 10 10 4 10 13 6 10 11 9 10 10 0 11 11 1 11 10 3 11 14 4 11 13 6 11 12 9 11 12 0 12 8 1 12 12 3 12 11 4 12 10 6 12 5 9 12 11 0 13 10 1 13 9 3 13 13 4 13 12 6 13 10 9 13 13 0 14 13 1 14 10 3 14 13 4 14 10 6 14 9 9 14 6 0 15 8 1 15 12 3 15 9 4 15 10 6 15 11 9 15 10 0 16 9 1 16 7 3 16 11 4 16 10 6 16 11 9 16 9 0 17 10 1 17 11 3 17 6 4 17 6 6 17 10 9 17 8 0 18 12 1 18 13 3 18 9 4 18 9 6 18 9 9 18 12 0 19 12 1 19 11 3 19 8 4 19 10 6 19 10 9 19 11
62 219 4 4 2 3 10 12 5 17 11 6 17 11 8 17 13
63 225 1 1 1 1 15 10
64 229 6 6 3 0 13 9 3 15 11 4 15 9 6 15 11 2 17 12 5 17 11
65 231 3 3 1 4 16 14 5 16 10 9 16 9
66 232 6 6 1 0 14 9 1 14 7 3 14 11 4 14 14 5 14 9 9 14 11
67 235 6 6 1 0 15 8 3 15 11 4 15 13 5 15 10 6 15 6 9 15 9
68 236 6 6 1 1 12 7 2 12 8 4 12 13 5 12 11 7 12 9 8 12 10
69 238 1 1 1 4 11 9
70 245 6 6 1 1 12 11 2 12 8 5 12 12 6 12 9 8 12 13 9 12 14
71 247 6 6 3 4 10 11 5 10 13 7 10 10 2 16 11 8 18 14 9 18 11
72 253 60 6 10 1 10 8 3 10 13 5 10 8 7 10 9 8 10 10 9 10 6 1 11 9 3 11 10 5 11 11 7 11 9 8 11 13 9 11 10 1 12 13 3 12 5 5 12 12 7 12 12 8 12 10 9 12 11 1 13 7 3 13 10 5 13 12 7 13 9 8 13 9 9 13 14 1 14 9 3 14 10 5 14 10 7 14 6 8 14 12 9 14 11 1 15 15 3 15 10 5 15 15 7 15 10 8 15 10 9 15 8 1 16 10 3 16 7 5 16 12 7 16 12 8 16 13 9 16 15 1 17 8 3 17 11 5 17 8 7 17 10 8 17 8 9 17 8 1 18 11 3 18 9 5 18 10 7 18 9 8 18 7 9 18 9 1 19 12 3 19 10 5 19 7 7 19 6 8 19 14 9 19 9
73 257 18 6 5 6 10 10 9 10 7 0 11 11 1 11 10 9 11 9 1 15 12 5 15 11 7 15 5 0 16 11 5 16 10 6 16 12 7 16 10 9 16 12 0 17 7 1 17 10 5 17 11 6 17 10 7 17 10
74 258 6 6 1 1 17 15 2 17 9 3 17 9 4 17 8 6 17 13 8 17 8
75 264 42 6 10 3 10 13 4 10 9 5 10 9 8 10 10 8 11 9 0 12 11 3 12 11 4 12 9 5 12 14 6 12 10 0 13 11 4 13 12 5 13 8 6 13 7 0 14 10 3 14 11 6 14 16 8 14 8 0 15 8 3 15 9 4 15 14 5 15 16 8 15 9 0 16 10 4 16 8 5 16 8 6 16 13 8 16 12 3 17 13 4 17 11 5 17 11 6 17 12 8 17 7 0 18 15 3 18 8 4 18 12 6 18 13 8 18 8 0 19 11 3 19 11 5 19 12 6 19 13
76 270 3 3 1 3 14 11 6 14 12 9 14 9
77 275 60 6 10 0 10 7 2 10 11 3 10 14 4 10 11 5 10 11 9 10 11 0 11 7 2 11 8 3 11 5 4 11 8 5 11 11 9 11 12 0 12 7 2 12 11 3 12 10 4 12 13 5 12 10 9 12 9 0 13 13 2 13 12 3 13 9 4 13 10 5 13 8 9 13 11 0 14 8 2 14 10 3 14 11 4 14 12 5 14 12 9 14 11 0 15 10 2 15 12 3 15 9 4 15 7 5 15 9 9 15 13 0 16 12 2 16 12 3 16 8 4 16 8 5 16 10 9 16 9 0 17 9 2 17 13 3 17 8 4 17 13 5 17 11 9 17 10 0 18 10 2 18 10 3 18 10 4 18 13 5 18 13 9 18 4 0 19 8 2 19 8 3 19 18 4 19 12 5 19 13 9 19 10
78 276 2 2 1 2 10 10 4 10 12
79 277 12 6 4 2 15 12 4 15 7 1 17 7 6 17 12 7 17 11 9 17 8 2 18 8 7 18 12 9 18 11 1 19 10 4 19 9 6 19 12
80 282 6 6 2 2 17 11 4 17 10 6 17 14 8 17 7 1 19 14 5 19 9
81 288 6 6 1 0 16 10 3 16 14 4 16 9 5 16 15 6 16 10 9 16 9
82 291 2 2 1 0 18 11 1 18 10
83 298 12 6 3 4 11 14 7 11 11 8 11 16 9 11 11 1 13 12 2 13 11 1 16 10 2 16 9 4 16 12 7 16 11 8 16 8 9 16 6
84 299 2 2 1 3 19 8 9 19 10
85 305 6 3 4 0 10 11 5 10 10 0 11 12 2 11 13 5 12 13 2 15 8
86 306 4 4 1 1 12 10 3 12 10 5 12 8 6 12 11
87 312 6 6 1 0 12 9 1 12 13 4 12 10 5 12 12 7 12 13 9 12 11
88 313 60 6 10 2 10 11 4 10 11 5 10 8 7 10 12 8 10 12 9 10 11 2 11 13 4 11 11 5 11 11 7 11 14 8 11 11 9 11 7 2 12 11 4 12 10 5 12 11 7 12 13 8 12 11 9 12 14 2 13 11 4 13 8 5 13 11 7 13 13 8 13 12 9 13 8 2 14 9 4 14 14 5 14 11 7 14 12 8 14 10 9 14 11 2 15 8 4 15 15 5 15 15 7 15 14 8 15 11 9 15 12 2 16 8 4 16 11 5 16 9 7 16 11 8 16 8 9 16 12 2 17 9 4 17 9 5 17 11 7 17 14 8 17 6 9 17 12 2 18 12 4 18 11 5 18 12 7 18 12 8 18 10 9 18 10 2 19 9 4 19 6 5 19 11 7 19 11 8 19 9 9 19 11
89 314 3 3 2 3 12 11 2 18 9 8 18 14
90 319 2 2 1 2 15 12 6 15 10
91 325 10 1 10 9 10 8 9 11 11 9 12 13 9 13 10 9 14 7 9 15 11 9 16 13 9 17 15 9 18 9 9 19 12
92 334 1 1 1 4 16 11
93 337 2 2 1 1 12 8 6 12 13
94 342 60 6 10 4 10 14 5 10 11 6 10 12 7 10 11 8 10 9 9 10 9 4 11 13 5 11 12 6 11 11 7 11 9 8 11 10 9 11 12 4 12 12 5 12 13 6 12 9 7 12 9 8 12 15 9 12 9 4 13 13 5 13 11 6 13 7 7 13 9 8 13 11 9 13 9 4 14 11 5 14 15 6 14 12 7 14 15 8 14 11 9 14 11 4 15 8 5 15 10 6 15 13 7 15 12 8 15 8 9 15 12 4 16 12 5 16 13 6 16 11 7 16 10 8 16 8 9 16 16 4 17 9 5 17 9 6 17 14 7 17 12 8 17 9 9 17 11 4 18 8 5 18 10 6 18 13 7 18 11 8 18 10 9 18 11 4 19 10 5 19 9 6 19 5 7 19 8 8 19 11 9 19 11
95 343 1 1 1 6 10 12
96 344 6 6 3 1 11 8 2 11 9 4 14 11 0 17 9 3 17 8 9 17 12
97 354 3 3 1 1 14 14 3 14 14 5 14 7
98 356 4 4 1 0 15 9 4 15 10 5 15 9 7 15 10
99 359 12 6 5 2 10 11 3 10 10 7 10 12 8 10 12 9 11 10 3 12 10 6 12 10 6 15 9 2 18 15 7 18 9 8 18 11 9 18 11
