20 100
0 0 2 2 1 4 11 9 8 11 11
1 2 6 6 1 0 14 12 1 14 7 2 14 10 3 14 13 6 14 11 9 14 10
2 4 28 4 10 3 10 11 7 10 10 9 10 12 3 11 9 4 11 13 3 12 9 4 12 8 7 12 10 9 12 15 4 13 11 7 13 10 9 13 7 4 14 15 7 14 9 9 14 8 3 15 7 4 15 10 9 15 12 3 16 11 7 16 10 3 17 8 4 17 11 9 17 12 3 18 11 4 18 12 7 18 9 7 19 12 9 19 11
3 8 3 3 1 1 11 9 6 11 12 8 11 15
4 10 2 2 1 0 16 10 5 16 11
5 11 18 6 5 2 11 10 4 11 11 7 11 8 2 12 8 7 12 13 9 12 7 2 13 10 5 13 11 6 13 9 7 13 9 9 13 9 4 15 11 5 15 12 6 15 7 9 15 13 4 19 10 5 19 12 6 19 13
6 13 1 1 1 8 16 9
7 14 30 3 10 3 10 10 5 10 10 7 10 10 3 11 9 5 11 11 7 11 8 3 12 9 5 12 10 7 12 9 3 13 9 5 13 10 7 13 12 3 14 9 5 14 14 7 14 9 3 15 13 5 15 11 7 15 9 3 16 9 5 16 9 7 16 9 3 17 9 5 17 9 7 17 13 3 18 14 5 18 10 7 18 13 3 19 12 5 19 12 7 19 9
8 17 12 6 3 1 12 11 6 12 11 8 12 16 9 12 9 0 15 13 1 15 11 2 15 13 6 15 7 9 15 8 0 16 8 2 16 11 8 16 10
9 20 2 2 1 1 12 10 7 12 12
10 24 6 6 1 1 15 13 2 15 9 3 15 10 5 15 12 6 15 10 7 15 10
11 27 18 6 5 6 10 11 7 10 15 9 10 14 2 11 9 5 11 10 9 11 13 3 14 10 5 14 8 7 14 12 2 16 12 3 16 12 5 16 11 6 16 10 9 16 14 2 17 10 3 17 10 6 17 8 7 17 10
12 28 2 2 1 1 10 11 4 10 11
13 42 3 3 1 0 15 10 3 15 10 8 15 9
14 43 6 3 3 2 10 14 8 10 13 0 12 6 8 12 7 0 19 10 2 19 11
15 45 24 6 7 0 10 9 5 10 9 6 10 12 8 10 13 0 11 11 4 11 10 5 11 14 0 12 8 4 12 9 5 12 8 6 12 10 8 12 11 4 14 13 5 14 10 7 14 11 8 14 10 7 17 11 0 18 9 4 18 7 6 18 9 7 18 10 8 18 11 6 19 10 7 19 9
16 46 10 5 4 1 14 9 2 14 10 3 15 12 4 15 8 0 16 9 2 16 11 0 18 11 1 18 8 3 18 9 4 18 7
17 47 6 6 1 0 12 9 3 12 6 4 12 12 5 12 12 6 12 11 8 12 9
18 52 3 3 1 2 13 9 5 13 11 6 13 14
19 57 6 3 3 3 13 10 4 13 7 3 16 8 4 16 8 9 16 12 9 19 11
20 59 1 1 1 1 18 13
21 67 3 3 2 9 13 8 6 16 10 8 16 10
22 68 12 6 4 4 11 10 8 11 11 9 11 12 0 16 11 4 16 10 5 16 9 5 18 10 7 18 13 9 18 7 0 19 10 7 19 10 8 19 9
23 71 12 6 3 2 11 12 4 11 9 8 11 10 9 11 10 5 16 9 7 16 9 9 16 11 2 19 9 4 19 11 5 19 8 7 19 15 8 19 11
24 80 20 2 10 3 10 11 9 10 10 3 11 9 9 11 12 3 12 13 9 12 10 3 13 14 9 13 10 3 14 11 9 14 12 3 15 11 9 15 12 3 16 7 9 16 11 3 17 12 9 17 10 3 18 9 9 18 15 3 19 13 9 19 11
25 86 18 6 5 0 11 11 5 11 11 6 11 13 9 11 12 2 12 11 6 12 15 2 13 10 4 13 9 5 13 13 6 13 11 9 13 12 0 14 10 2 14 10 4 14 11 5 14 8 0 16 12 4 16 11 9 16 9
26 89 6 3 3 0 13 10 1 13 12 2 13 10 1 14 9 2 14 10 0 19 10
27 90 6 6 1 1 18 12 2 18 8 3 18 10 5 18 6 6 18 8 9 18 11
28 91 4 4 1 1 10 11 3 10 11 5 10 9 6 10 11
29 95 2 2 1 6 10 10 7 10 12
30 101 40 4 10 0 10 14 2 10 14 5 10 8 8 10 11 0 11 7 2 11 6 5 11 12 8 11 13 0 12 8 2 12 12 5 12 12 8 12 9 0 13 10 2 13 11 5 13 10 8 13 12 0 14 10 2 14 11 5 14 12 8 14 14 0 15 16 2 15 13 5 15 11 8 15 12 0 16 9 2 16 12 5 16 12 8 16 9 0 17 12 2 17 12 5 17 9 8 17 12 0 18 8 2 18 9 5 18 9 8 18 10 0 19 11 2 19 12 5 19 15 8 19 14
31 107 1 1 1 3 14 8
32 114 4 2 2 0 11 9 7 11 11 0 14 7 7 14 13
33 120 12 6 4 4 10 12 6 10 11 7 10 11 8 10 9 2 13 14 1 16 10 4 16 11 7 16 8 8 16 12 1 18 8 2 18 8 6 18 14
34 125 1 1 1 2 19 13
35 127 1 1 1 4 18 12
36 132 8 4 3 8 11 6 9 11 8 1 14 11 4 14 8 9 14 8 1 18 12 4 18 9 8 18 9
37 135 1 1 1 8 15 11
38 137 6 6 1 0 14 9 1 14 7 2 14 14 5 14 10 6 14 12 9 14 9
39 140 24 6 7 1 10 11 4 10 8 7 10 6 8 10 7 0 11 9 3 11 14 0 12 11 1 12 8 3 12 8 4 12 10 8 12 9 1 14 12 4 14 7 7 14 9 8 14 9 0 16 10 1 16 10 8 16 11 3 18 11 7 18 6 0 19 15 3 19 10 4 19 7 7 19 13
40 146 20 2 10 3 10 11 4 10 10 3 11 10 4 11 10 3 12 11 4 12 10 3 13 10 4 13 9 3 14 12 4 14 7 3 15 12 4 15 8 3 16 10 4 16 10 3 17 7 4 17 10 3 18 11 4 18 10 3 19 9 4 19 11
41 149 4 4 1 0 16 9 1 16 9 4 16 13 7 16 12
42 155 2 2 1 1 11 8 2 11 10
43 156 6 6 1 1 17 9 2 17 15 4 17 10 6 17 9 7 17 10 8 17 10
44 159 12 6 4 3 10 8 7 10 7 8 10 10 3 13 10 6 13 8 8 13 10 9 13 9 2 15 10 7 15 10 2 17 14 6 17 12 9 17 13
45 160 24 6 7 5 10 9 6 10 14 7 10 11 9 10 10 1 11 10 4 11 8 5 11 10 7 13 13 9 13 12 4 14 13 7 14 12 1 15 12 4 15 11 5 15 10 6 15 9 1 17 11 5 17 12 6 17 9 9 17 10 1 18 9 4 18 10 6 18 11 7 18 11 9 18 8
46 161 6 6 1 2 18 11 3 18 8 5 18 11 6 18 12 7 18 7 8 18 10
47 163 3 3 1 0 11 13 3 11 10 4 11 10
48 166 3 3 1 2 13 10 7 13 13 8 13 10
49 167 6 6 2 0 14 14 2 17 11 4 17 10 5 17 10 6 17 11 9 17 9
50 169 4 4 1 2 18 11 5 18 11 6 18 14 8 18 11
51 170 1 1 1 1 11 9
52 176 6 3 2 0 10 13 1 10 5 5 10 9 0 14 13 1 14 12 5 14 11
53 177 1 1 1 3 19 11
54 184 1 1 1 1 19 8
55 188 5 5 2 8 17 11 9 17 11 5 19 10 6 19 8 7 19 9
56 189 3 3 1 3 16 9 4 16 13 7 16 11
57 193 60 6 10 3 10 11 4 10 6 5 10 14 7 10 12 8 10 12 9 10 10 3 11 11 4 11 8 5 11 13 7 11 8 8 11 14 9 11 12 3 12 12 4 12 13 5 12 10 7 12 12 8 12 11 9 12 14 3 13 8 4 13 6 5 13 10 7 13 8 8 13 10 9 13 11 3 14 10 4 14 9 5 14 7 7 14 9 8 14 11 9 14 10 3 15 13 4 15 9 5 15 9 7 15 9 8 15 14 9 15 9 3 16 12 4 16 11 5 16 13 7 16 10 8 16 15 9 16 10 3 17 11 4 17 11 5 17 12 7 17 12 8 17 12 9 17 13 3 18 9 4 18 9 5 18 7 7 18 7 8 18 9 9 18 11 3 19 12 4 19 9 5 19 11 7 19 9 8 19 11 9 19 11
58 198 2 2 1 6 10 8 7 10 11
59 204 12 6 3 0 12 13 2 12 13 5 12 7 6 12 10 9 12 9 8 15 12 9 15 12 0 16 9 2 16 9 5 16 12 6 16 11 8 16 10
60 206 18 6 6 0 12 9 3 12 9 1 13 10 2 13 11 3 13 12 8 13 12 1 14 15 3 14 9 4 14 9 0 15 15 1 15 10 2 15 9 4 15 15 8 15 9 2 16 8 0 17 10 4 17 12 8 17 12
61 208 40 4 10 0 10 14 2 10 11 5 10 8 9 10 11 0 11 10 2 11 12 5 11 10 9 11 13 0 12 11 2 12 12 5 12 9 9 12 12 0 13 8 2 13 14 5 13 7 9 13 8 0 14 9 2 14 10 5 14 12 9 14 13 0 15 11 2 15 13 5 15 9 9 15 10 0 16 10 2 16 7 5 16 12 9 16 8 0 17 9 2 17 11 5 17 11 9 17 9 0 18 10 2 18 10 5 18 9 9 18 7 0 19 10 2 19 11 5 19 12 9 19 8
62 219 4 4 1 1 16 10 2 16 10 7 16 9 9 16 15
63 225 10 5 4 2 10 8 6 10 10 7 10 9 0 16 9 6 16 11 0 18 8 1 18 14 2 18 12 7 18 10 1 19 10
64 229 18 6 5 0 10 9 1 10 13 5 10 11 8 10 11 1 11 10 2 11 13 4 11 10 8 11 11 0 13 7 2 13 9 4 13 8 2 17 10 5 17 5 0 18 10 1 18 9 4 18 14 5 18 8 8 18 13
65 231 1 1 1 2 16 9
66 232 60 6 10 1 10 13 2 10 12 4 10 7 5 10 11 6 10 10 9 10 9 1 11 10 2 11 11 4 11 9 5 11 9 6 11 11 9 11 12 1 12 10 2 12 12 4 12 7 5 12 9 6 12 9 9 12 10 1 13 12 2 13 8 4 13 9 5 13 11 6 13 12 9 13 11 1 14 10 2 14 9 4 14 7 5 14 11 6 14 10 9 14 6 1 15 7 2 15 9 4 15 11 5 15 9 6 15 10 9 15 13 1 16 11 2 16 13 4 16 8 5 16 15 6 16 10 9 16 7 1 17 11 2 17 11 4 17 14 5 17 9 6 17 7 9 17 12 1 18 8 2 18 13 4 18 11 5 18 10 6 18 11 9 18 10 1 19 9 2 19 13 4 19 10 5 19 8 6 19 9 9 19 9
67 235 30 3 10 2 10 10 3 10 13 4 10 8 2 11 10 3 11 12 4 11 10 2 12 11 3 12 10 4 12 9 2 13 9 3 13 7 4 13 8 2 14 10 3 14 11 4 14 12 2 15 12 3 15 10 4 15 12 2 16 10 3 16 7 4 16 9 2 17 10 3 17 10 4 17 8 2 18 10 3 18 8 4 18 14 2 19 12 3 19 13 4 19 13
68 236 3 3 1 0 17 10 1 17 7 2 17 13
69 238 60 6 10 0 10 11 3 10 8 4 10 6 5 10 10 6 10 10 9 10 13 0 11 11 3 11 8 4 11 11 5 11 11 6 11 10 9 11 11 0 12 9 3 12 13 4 12 8 5 12 10 6 12 10 9 12 13 0 13 8 3 13 8 4 13 8 5 13 9 6 13 12 9 13 11 0 14 9 3 14 12 4 14 12 5 14 9 6 14 6 9 14 13 0 15 11 3 15 14 4 15 13 5 15 6 6 15 11 9 15 10 0 16 8 3 16 8 4 16 11 5 16 9 6 16 12 9 16 9 0 17 10 3 17 12 4 17 8 5 17 10 6 17 9 9 17 12 0 18 9 3 18 13 4 18 10 5 18 8 6 18 9 9 18 14 0 19 9 3 19 6 4 19 14 5 19 7 6 19 10 9 19 13
70 245 1 1 1 9 11 13
71 247 8 4 3 6 14 9 8 14 9 9 14 12 5 17 14 6 17 11 8 17 13 9 17 14 5 18 9
72 253 4 4 1 2 14 10 6 14 9 7 14 12 9 14 11
73 257 4 4 1 0 19 14 1 19 11 4 19 7 8 19 8
74 258 3 1 3 7 12 12 7 13 10 7 16 12
75 264 6 3 3 2 10 12 3 10 8 5 10 12 2 14 12 3 18 11 5 18 10
76 270 10 1 10 4 10 14 4 11 17 4 12 10 4 13 12 4 14 11 4 15 9 4 16 12 4 17 10 4 18 12 4 19 13
77 275 10 1 10 0 10 12 0 11 12 0 12 7 0 13 10 0 14 13 0 15 10 0 16 10 0 17 9 0 18 9 0 19 10
78 276 18 6 5 0 12 9 3 12 12 5 12 14 8 12 13 2 14 11 3 14 11 5 14 13 7 14 12 0 15 15 8 15 13 2 16 10 7 16 9 8 16 9 0 19 9 2 19 10 3 19 10 5 19 10 7 19 13
79 277 6 3 3 4 11 13 0 13 13 2 13 11 0 17 8 2 17 10 4 17 11
80 282 1 1 1 3 15 8
81 288 1 1 1 5 14 9
82 291 12 6 4 0 10 13 1 10 8 6 10 12 7 10 12 9 10 8 1 14 12 0 15 10 3 15 9 6 15 13 7 15 12 9 15 12 3 19 12
83 298 1 1 1 2 19 9
84 299 1 1 1 3 15 9
85 305 6 6 1 0 10 12 1 10 14 3 10 14 4 10 10 7 10 8 9 10 5
86 306 5 5 2 0 15 10 5 15 10 7 15 12 3 17 10 9 17 10
87 312 3 3 1 2 17 11 6 17 9 9 17 11
88 313 30 3 10 1 10 9 7 10 13 9 10 9 1 11 8 7 11 9 9 11 15 1 12 9 7 12 12 9 12 13 1 13 10 7 13 10 9 13 12 1 14 12 7 14 13 9 14 11 1 15 11 7 15 10 9 15 13 1 16 6 7 16 9 9 16 11 1 17 10 7 17 8 9 17 12 1 18 11 7 18 10 9 18 12 1 19 12 7 19 9 9 19 10
89 314 60 6 10 0 10 13 1 10 10 2 10 10 4 10 8 5 10 14 9 10 8 0 11 10 1 11 11 2 11 9 4 11 13 5 11 9 9 11 10 0 12 11 1 12 10 2 12 8 4 12 13 5 12 8 9 12 8 0 13 12 1 13 10 2 13 9 4 13 11 5 13 5 9 13 11 0 14 12 1 14 11 2 14 9 4 14 10 5 14 12 9 14 12 0 15 11 1 15 9 2 15 10 4 15 10 5 15 11 9 15 10 0 16 10 1 16 11 2 16 8 4 16 9 5 16 8 9 16 10 0 17 8 1 17 16 2 17 8 4 17 7 5 17 12 9 17 12 0 18 16 1 18 10 2 18 10 4 18 10 5 18 12 9 18 10 0 19 14 1 19 9 2 19 11 4 19 9 5 19 9 9 19 12
90 319 3 3 1 0 18 9 3 18 9 5 18 11
91 325 6 6 1 0 14 9 1 14 11 2 14 9 4 14 11 6 14 13 8 14 11
92 334 12 6 4 0 11 10 5 11 13 7 11 11 8 11 13 9 11 7 6 15 10 5 18 11 6 18 14 9 18 10 0 19 9 7 19 9 8 19 10
93 337 24 6 8 0 10 10 1 10 11 3 10 9 4 10 12 0 11 12 2 11 17 1 12 8 4 12 11 9 12 12 1 13 11 2 13 7 2 14 8 3 14 9 9 14 14 0 16 13 1 16 10 4 16 14 9 16 10 2 17 9 3 17 13 9 17 13 0 19 11 3 19 11 4 19 11
94 342 12 6 4 1 14 10 4 14 7 7 14 10 7 15 9 1 17 9 3 17 11 5 17 10 9 17 13 3 18 10 4 18 12 5 18 13 9 18 11
95 343 12 6 4 0 11 8 6 11 11 7 11 13 9 11 9 2 12 11 6 12 12 8 12 10 9 12 11 2 14 12 7 14 10 8 14 14 0 17 10
96 344 60 6 10 0 10 10 2 10 11 4 10 9 5 10 10 7 10 10 8 10 11 0 11 10 2 11 9 4 11 10 5 11 9 7 11 13 8 11 10 0 12 10 2 12 10 4 12 12 5 12 8 7 12 13 8 12 10 0 13 11 2 13 11 4 13 13 5 13 9 7 13 9 8 13 12 0 14 10 2 14 12 4 14 9 5 14 11 7 14 8 8 14 11 0 15 9 2 15 10 4 15 11 5 15 10 7 15 11 8 15 12 0 16 9 2 16 14 4 16 10 5 16 11 7 16 9 8 16 7 0 17 13 2 17 11 4 17 7 5 17 8 7 17 9 8 17 12 0 18 10 2 18 9 4 18 13 5 18 14 7 18 12 8 18 7 0 19 12 2 19 9 4 19 8 5 19 10 7 19 13 8 19 14
97 354 12 3 6 4 10 6 7 10 10 4 13 7 8 13 11 4 14 9 7 14 11 8 14 10 7 15 12 8 15 6 4 18 15 7 19 10 8 19 10
98 356 3 3 1 1 16 13 3 16 9 6 16 14
99 359 2 2 1 2 14 10 5 14 11
