20 100
0 0 24 6 6 1 10 6 2 10 10 6 10 12 8 10 9 1 13 12 4 13 8 5 13 10 8 13 14 1 14 8 2 15 6 4 15 10 5 15 8 6 15 13 8 15 7 2 16 12 4 16 10 5 16 12 6 16 9 1 18 12 2 18 8 4 18 11 5 18 9 6 18 11 8 18 12
1 2 60 6 10 1 10 8 2 10 13 3 10 12 4 10 10 6 10 10 9 10 10 1 11 7 2 11 10 3 11 14 4 11 9 6 11 11 9 11 7 1 12 9 2 12 11 3 12 8 4 12 9 6 12 11 9 12 7 1 13 8 2 13 9 3 13 11 4 13 9 6 13 9 9 13 13 1 14 11 2 14 11 3 14 6 4 14 12 6 14 12 9 14 15 1 15 11 2 15 9 3 15 12 4 15 10 6 15 9 9 15 15 1 16 10 2 16 11 3 16 8 4 16 14 6 16 7 9 16 9 1 17 10 2 17 15 3 17 10 4 17 11 6 17 12 9 17 8 1 18 10 2 18 7 3 18 7 4 18 8 6 18 8 9 18 12 1 19 11 2 19 6 3 19 10 4 19 13 6 19 10 9 19 13
2 4 8 4 4 9 11 9 0 13 15 3 13 10 5 13 10 0 16 9 3 16 8 5 16 11 9 17 13
3 8 50 5 10 2 10 11 4 10 13 5 10 9 6 10 11 9 10 9 2 11 7 4 11 14 5 11 10 6 11 12 9 11 9 2 12 12 4 12 15 5 12 11 6 12 12 9 12 9 2 13 8 4 13 15 5 13 11 6 13 10 9 13 12 2 14 13 4 14 11 5 14 9 6 14 12 9 14 8 2 15 11 4 15 10 5 15 11 6 15 6 9 15 13 2 16 12 4 16 8 5 16 9 6 16 15 9 16 9 2 17 7 4 17 12 5 17 11 6 17 10 9 17 15 2 18 13 4 18 13 5 18 12 6 18 9 9 18 10 2 19 9 4 19 11 5 19 13 6 19 9 9 19 14
4 10 8 4 4 2 10 14 7 10 9 2 11 10 3 11 7 5 11 10 7 11 8 3 14 13 5 19 10
5 11 18 6 6 0 10 11 9 10 14 1 11 11 5 11 11 7 11 11 6 12 8 5 13 12 6 13 10 0 16 7 1 16 15 6 16 14 7 16 12 9 16 14 0 18 5 1 18 11 5 18 8 7 18 15 9 18 9
6 13 18 6 5 3 11 10 4 11 10 6 11 8 0 12 10 1 12 10 4 12 12 6 12 10 4 14 12 6 14 9 9 14 9 0 15 11 1 15 11 3 15 12 9 15 9 0 18 12 1 18 10 3 18 8 9 18 10
7 14 12 6 4 3 10 13 7 10 11 9 10 12 1 14 11 7 14 11 9 14 10 0 15 14 1 15 11 8 15 11 0 18 10 3 18 11 8 18 13
8 17 15 5 5 4 11 10 7 11 12 0 13 10 4 13 9 8 13 12 9 13 8 0 16 10 4 16 12 7 16 9 8 16 7 9 16 11 7 18 7 8 18 10 0 19 12 9 19 14
9 20 3 3 1 1 19 11 2 19 8 7 19 11
10 24 3 1 3 4 11 10 4 12 12 4 18 12
11 27 1 1 1 6 16 10
12 28 6 6 2 1 12 12 2 12 10 6 12 13 7 12 12 9 12 10 5 16 12
13 42 2 2 1 2 15 11 3 15 7
14 43 4 2 3 0 10 15 5 15 9 0 18 11 5 18 10
15 45 24 6 7 0 10 14 3 10 12 5 10 10 7 10 10 9 10 9 0 12 11 9 12 12 0 13 10 1 13 10 3 13 8 5 13 15 7 13 10 9 13 12 1 16 10 3 16 13 1 17 14 3 17 8 7 17 12 9 17 17 5 18 9 7 18 10 0 19 11 1 19 12 5 19 13
16 46 6 6 1 0 11 12 2 11 13 3 11 10 6 11 11 7 11 11 9 11 13
17 47 2 2 1 1 10 9 5 10 10
18 52 60 6 10 2 10 10 4 10 8 5 10 8 6 10 10 8 10 9 9 10 10 2 11 9 4 11 11 5 11 10 6 11 10 8 11 12 9 11 11 2 12 7 4 12 10 5 12 9 6 12 11 8 12 11 9 12 9 2 13 12 4 13 10 5 13 12 6 13 12 8 13 12 9 13 13 2 14 11 4 14 13 5 14 12 6 14 11 8 14 12 9 14 13 2 15 12 4 15 13 5 15 11 6 15 13 8 15 13 9 15 7 2 16 11 4 16 12 5 16 13 6 16 12 8 16 13 9 16 9 2 17 8 4 17 14 5 17 12 6 17 11 8 17 13 9 17 9 2 18 11 4 18 10 5 18 8 6 18 12 8 18 10 9 18 10 2 19 11 4 19 9 5 19 10 6 19 10 8 19 10 9 19 9
19 57 18 6 6 1 10 11 1 13 8 7 13 8 8 13 9 0 14 7 5 14 12 9 14 9 0 15 13 5 15 14 7 15 10 8 15 12 9 15 12 5 16 14 0 18 14 1 18 11 7 18 6 8 18 11 9 18 11
20 59 1 1 1 7 10 13
21 67 15 5 5 2 12 11 4 12 10 5 12 9 2 13 10 7 13 10 4 15 5 5 15 9 7 15 12 9 15 13 9 16 6 2 17 7 4 17 13 5 17 11 7 17 9 9 17 7
22 68 2 2 1 3 19 10 5 19 12
23 71 60 6 10 0 10 14 4 10 7 5 10 13 6 10 12 7 10 14 8 10 11 0 11 13 4 11 11 5 11 10 6 11 13 7 11 11 8 11 11 0 12 14 4 12 11 5 12 11 6 12 8 7 12 9 8 12 9 0 13 11 4 13 7 5 13 10 6 13 8 7 13 13 8 13 13 0 14 8 4 14 10 5 14 6 6 14 12 7 14 13 8 14 14 0 15 8 4 15 10 5 15 9 6 15 13 7 15 9 8 15 12 0 16 11 4 16 8 5 16 10 6 16 8 7 16 13 8 16 11 0 17 11 4 17 9 5 17 10 6 17 10 7 17 9 8 17 14 0 18 12 4 18 12 5 18 10 6 18 9 7 18 11 8 18 10 0 19 11 4 19 9 5 19 9 6 19 5 7 19 10 8 19 9
24 80 12 6 3 2 16 8 3 16 10 7 16 11 9 16 12 1 17 13 3 17 11 5 17 10 7 17 14 1 19 10 2 19 10 5 19 11 9 19 7
25 86 10 1 10 0 10 9 0 11 9 0 12 10 0 13 12 0 14 13 0 15 8 0 16 13 0 17 11 0 18 12 0 19 11
26 89 18 6 6 5 11 10 7 11 12 9 11 11 3 12 8 4 12 14 7 12 11 9 12 11 4 13 9 5 13 11 1 15 11 3 15 6 4 15 7 7 15 7 1 16 9 5 16 8 1 18 12 3 18 13 9 18 10
27 90 10 1 10 3 10 11 3 11 12 3 12 10 3 13 10 3 14 11 3 15 8 3 16 8 3 17 11 3 18 14 3 19 12
28 91 6 3 3 9 11 8 2 13 15 4 13 11 9 13 8 2 19 8 4 19 11
29 95 18 6 5 0 10 13 5 10 10 6 10 11 7 10 14 9 10 13 2 11 13 6 11 12 0 15 9 6 15 10 7 15 13 9 15 10 0 18 9 2 18 8 5 18 13 2 19 12 5 19 13 7 19 9 9 19 10
30 101 12 4 5 2 10 13 5 10 13 2 15 10 4 16 11 5 16 13 9 16 7 2 17 10 4 17 11 5 17 14 9 17 9 4 19 14 9 19 9
31 107 8 4 4 0 14 10 6 14 9 1 16 8 3 16 8 6 16 10 1 17 8 3 17 12 0 19 8
32 114 50 5 10 0 10 11 2 10 10 7 10 10 8 10 8 9 10 14 0 11 15 2 11 8 7 11 9 8 11 11 9 11 12 0 12 9 2 12 10 7 12 9 8 12 12 9 12 9 0 13 12 2 13 12 7 13 10 8 13 6 9 13 10 0 14 12 2 14 14 7 14 13 8 14 11 9 14 9 0 15 12 2 15 10 7 15 10 8 15 11 9 15 12 0 16 9 2 16 11 7 16 10 8 16 9 9 16 10 0 17 9 2 17 9 7 17 6 8 17 11 9 17 9 0 18 11 2 18 12 7 18 9 8 18 16 9 18 15 0 19 11 2 19 11 7 19 9 8 19 11 9 19 11
33 120 20 4 7 3 10 11 5 10 11 2 11 10 3 11 14 5 11 6 9 11 13 2 12 10 3 12 9 5 12 12 9 12 12 2 14 9 3 14 12 9 14 12 2 16 11 5 16 13 5 17 9 9 17 11 2 18 13 3 18 12 9 18 10
34 125 18 6 6 1 11 8 4 11 9 0 12 12 3 12 13 4 12 10 7 12 11 8 12 12 0 14 8 3 14 12 7 14 9 3 15 14 8 15 10 1 16 8 7 16 11 0 17 9 1 17 12 4 17 11 8 17 11
35 127 20 2 10 6 10 7 8 10 14 6 11 10 8 11 9 6 12 10 8 12 8 6 13 11 8 13 8 6 14 9 8 14 10 6 15 12 8 15 8 6 16 12 8 16 9 6 17 12 8 17 11 6 18 11 8 18 12 6 19 11 8 19 11
36 132 6 6 1 1 14 11 2 14 7 5 14 11 6 14 12 7 14 12 9 14 9
37 135 2 2 1 0 16 12 3 16 8
38 137 8 2 4 7 11 13 8 11 7 7 16 10 8 16 8 7 17 13 8 17 10 7 18 11 8 18 14
39 140 6 3 3 5 10 10 8 10 8 0 13 10 0 19 11 5 19 13 8 19 11
40 146 6 6 3 4 10 8 5 11 7 8 11 8 9 11 11 0 18 12 6 18 9
41 149 60 6 10 0 10 13 2 10 12 3 10 10 4 10 9 5 10 10 6 10 8 0 11 11 2 11 14 3 11 7 4 11 9 5 11 9 6 11 9 0 12 11 2 12 10 3 12 8 4 12 12 5 12 11 6 12 10 0 13 12 2 13 7 3 13 8 4 13 11 5 13 12 6 13 10 0 14 11 2 14 10 3 14 8 4 14 13 5 14 11 6 14 15 0 15 12 2 15 12 3 15 10 4 15 8 5 15 9 6 15 10 0 16 9 2 16 10 3 16 12 4 16 11 5 16 9 6 16 11 0 17 11 2 17 10 3 17 9 4 17 13 5 17 8 6 17 10 0 18 13 2 18 10 3 18 13 4 18 12 5 18 11 6 18 7 0 19 12 2 19 14 3 19 9 4 19 13 5 19 10 6 19 12
42 155 6 6 1 0 18 11 1 18 14 4 18 11 5 18 12 6 18 8 8 18 11
43 156 12 6 4 4 11 13 5 11 17 9 11 10 0 12 10 3 12 11 8 12 10 9 12 13 0 15 7 4 15 7 3 18 8 5 18 9 8 18 13
44 159 2 2 1 2 10 12 5 10 7
45 160 3 3 1 2 11 12 4 11 14 9 11 12
46 161 5 5 3 3 13 8 7 13 10 9 13 15 6 15 8 2 18 12
47 163 30 6 10 2 10 10 1 11 7 3 11 12 4 11 10 1 12 7 4 12 9 5 12 9 8 12 11 2 13 10 3 13 9 4 13 11 5 13 11 8 13 9 2 14 13 3 14 12 3 15 13 8 15 13 1 16 7 2 16 8 4 16 9 1 17 10 2 17 9 5 17 11 8 17 13 1 18 10 5 18 9 3 19 8 4 19 11 5 19 12 8 19 11
48 166 1 1 1 1 18 10
49 167 4 4 1 5 10 11 7 10 7 8 10 12 9 10 10
50 169 6 6 2 1 10 13 6 10 8 8 10 8 2 15 8 5 15 11 7 15 14
51 170 3 3 1 1 12 13 6 12 9 7 12 11
52 176 12 6 3 2 10 9 3 10 9 0 14 10 1 14 11 2 14 12 8 14 10 9 14 10 0 16 9 1 16 7 3 16 12 8 16 7 9 16 15
53 177 2 2 1 0 16 10 5 16 12
54 184 24 6 7 0 10 14 3 10 7 6 10 11 7 10 10 0 11 10 5 11 14 6 11 13 7 11 10 0 12 12 4 12 11 5 12 9 3 13 10 4 15 7 6 15 12 7 15 10 0 18 14 3 18 13 4 18 11 5 18 10 3 19 8 4 19 13 5 19 10 6 19 10 7 19 9
55 188 2 2 2 4 11 9 3 19 10
56 189 12 6 3 2 10 10 3 10 10 4 10 11 5 10 11 6 10 10 8 10 9 2 11 12 4 11 14 5 11 7 8 11 12 3 12 8 6 12 9
57 193 3 3 2 4 13 9 1 14 13 7 14 13
58 198 60 6 10 0 10 10 1 10 12 2 10 13 6 10 13 7 10 11 8 10 10 0 11 8 1 11 6 2 11 9 6 11 10 7 11 7 8 11 8 0 12 10 1 12 10 2 12 13 6 12 14 7 12 10 8 12 8 0 13 7 1 13 9 2 13 13 6 13 11 7 13 13 8 13 9 0 14 8 1 14 10 2 14 9 6 14 8 7 14 12 8 14 12 0 15 10 1 15 14 2 15 11 6 15 9 7 15 6 8 15 5 0 16 10 1 16 14 2 16 12 6 16 11 7 16 10 8 16 12 0 17 8 1 17 8 2 17 11 6 17 9 7 17 12 8 17 13 0 18 13 1 18 11 2 18 9 6 18 13 7 18 15 8 18 13 0 19 12 1 19 10 2 19 13 6 19 9 7 19 10 8 19 11
59 204 8 4 4 1 13 10 4 13 11 5 14 10 9 14 9 4 15 11 5 15 13 9 15 13 1 19 11
60 206 2 2 1 0 14 7 3 14 8
61 208 18 6 6 2 10 10 6 10 11 3 11 12 4 11 11 5 11 11 7 11 9 2 15 13 3 15 11 7 15 10 2 16 7 3 16 9 4 16 12 6 16 11 4 17 12 5 17 9 6 17 10 5 19 10 7 19 8
62 219 10 1 10 0 10 11 0 11 10 0 12 8 0 13 10 0 14 7 0 15 13 0 16 11 0 17 11 0 18 8 0 19 8
63 225 2 2 2 2 12 10 5 17 6
64 229 10 1 10 1 10 9 1 11 11 1 12 11 1 13 11 1 14 8 1 15 10 1 16 10 1 17 10 1 18 10 1 19 11
65 231 1 1 1 7 13 11
66 232 20 2 10 0 10 14 4 10 12 0 11 14 4 11 12 0 12 11 4 12 11 0 13 11 4 13 9 0 14 10 4 14 9 0 15 13 4 15 10 0 16 11 4 16 9 0 17 10 4 17 11 0 18 13 4 18 12 0 19 9 4 19 12
67 235 8 4 3 4 12 10 2 13 7 3 13 9 9 13 15 2 17 9 3 17 10 4 17 12 9 17 10
68 236 60 6 10 1 10 11 2 10 11 5 10 10 7 10 8 8 10 10 9 10 10 1 11 12 2 11 9 5 11 12 7 11 9 8 11 10 9 11 10 1 12 11 2 12 9 5 12 8 7 12 15 8 12 9 9 12 11 1 13 13 2 13 8 5 13 8 7 13 11 8 13 7 9 13 11 1 14 8 2 14 12 5 14 11 7 14 6 8 14 15 9 14 10 1 15 14 2 15 13 5 15 12 7 15 11 8 15 6 9 15 7 1 16 9 2 16 10 5 16 9 7 16 11 8 16 10 9 16 12 1 17 11 2 17 10 5 17 11 7 17 13 8 17 11 9 17 10 1 18 12 2 18 12 5 18 13 7 18 8 8 18 12 9 18 13 1 19 8 2 19 10 5 19 13 7 19 9 8 19 15 9 19 9
69 238 12 6 3 2 14 7 3 14 7 6 14 8 8 14 6 9 14 9 0 15 12 3 15 12 6 15 12 8 15 11 0 17 8 2 17 7 9 17 8
70 245 60 6 10 1 10 8 3 10 12 4 10 11 6 10 11 8 10 10 9 10 12 1 11 9 3 11 11 4 11 12 6 11 11 8 11 11 9 11 9 1 12 9 3 12 12 4 12 7 6 12 12 8 12 8 9 12 8 1 13 9 3 13 13 4 13 12 6 13 16 8 13 9 9 13 12 1 14 11 3 14 14 4 14 12 6 14 12 8 14 9 9 14 8 1 15 14 3 15 11 4 15 10 6 15 10 8 15 11 9 15 12 1 16 9 3 16 11 4 16 8 6 16 10 8 16 10 9 16 11 1 17 11 3 17 8 4 17 9 6 17 11 8 17 13 9 17 9 1 18 9 3 18 12 4 18 8 6 18 11 8 18 10 9 18 13 1 19 7 3 19 8 4 19 12 6 19 11 8 19 10 9 19 10
71 247 6 6 1 0 10 10 1 10 11 3 10 12 5 10 9 6 10 12 7 10 9
72 253 4 4 2 1 11 13 5 11 8 6 11 11 3 17 7
73 257 18 6 6 1 11 10 0 12 9 2 12 11 3 12 13 6 12 9 0 13 12 1 13 8 2 13 13 6 13 13 2 16 13 3 16 7 7 16 9 3 17 10 6 17 14 7 17 9 0 19 11 1 19 11 7 19 12
74 258 6 6 3 0 11 9 5 12 10 7 12 8 3 17 14 6 17 9 8 17 6
75 264 30 3 10 4 10 14 7 10 14 9 10 10 4 11 10 7 11 10 9 11 13 4 12 7 7 12 8 9 12 12 4 13 8 7 13 7 9 13 11 4 14 10 7 14 15 9 14 11 4 15 8 7 15 8 9 15 11 4 16 9 7 16 12 9 16 12 4 17 10 7 17 10 9 17 9 4 18 13 7 18 9 9 18 11 4 19 10 7 19 13 9 19 12
76 270 2 2 1 1 14 11 6 14 9
77 275 3 3 1 0 10 10 4 10 10 5 10 12
78 276 18 6 5 4 10 13 9 10 15 0 11 12 3 11 8 6 11 6 9 11 8 2 12 7 3 12 9 4 12 11 6 12 10 9 12 8 0 16 13 2 16 9 4 16 13 0 19 8 2 19 12 3 19 5 6 19 11
79 277 6 3 3 6 10 11 8 10 14 9 10 11 6 17 11 9 17 10 8 18 11
80 282 10 1 10 8 10 8 8 11 12 8 12 8 8 13 7 8 14 8 8 15 10 8 16 8 8 17 14 8 18 7 8 19 10
81 288 2 2 1 7 15 10 9 15 9
82 291 2 2 2 2 11 9 5 14 8
83 298 12 6 3 3 16 7 4 16 15 5 16 11 6 16 12 8 16 8 9 16 12 4 17 10 6 17 12 9 17 9 3 19 10 5 19 9 8 19 13
84 299 5 5 1 1 18 11 2 18 11 3 18 13 8 18 10 9 18 10
85 305 5 5 2 2 14 12 6 14 13 0 15 8 1 15 8 8 15 12
86 306 6 6 2 2 11 11 3 11 10 5 11 12 0 17 12 7 17 13 8 17 9
87 312 18 6 6 1 12 12 4 12 12 5 12 10 6 12 14 0 14 12 4 14 9 6 14 10 9 14 14 9 15 9 0 16 12 1 16 9 6 16 8 4 18 9 5 18 9 9 18 10 0 19 13 1 19 11 5 19 10
88 313 1 1 1 4 12 12
89 314 1 1 1 7 11 9
90 319 12 6 3 0 14 11 2 14 8 5 14 12 8 14 11 3 15 12 4 15 10 8 15 9 0 19 12 2 19 14 3 19 9 4 19 8 5 19 8
91 325 30 3 10 1 10 15 2 10 11 5 10 10 1 11 12 2 11 11 5 11 8 1 12 7 2 12 9 5 12 9 1 13 9 2 13 11 5 13 12 1 14 6 2 14 9 5 14 11 1 15 9 2 15 12 5 15 12 1 16 16 2 16 8 5 16 13 1 17 12 2 17 12 5 17 12 1 18 8 2 18 9 5 18 8 1 19 11 2 19 13 5 19 7
92 334 6 6 2 7 18 12 9 18 9 1 19 13 2 19 10 3 19 11 8 19 13
93 337 2 2 1 0 18 13 8 18 12
94 342 60 6 10 1 10 13 2 10 13 4 10 12 5 10 13 8 10 12 9 10 11 1 11 12 2 11 14 4 11 7 5 11 13 8 11 10 9 11 7 1 12 14 2 12 11 4 12 11 5 12 11 8 12 12 9 12 8 1 13 12 2 13 9 4 13 10 5 13 12 8 13 11 9 13 13 1 14 11 2 14 10 4 14 12 5 14 11 8 14 11 9 14 11 1 15 10 2 15 13 4 15 11 5 15 10 8 15 12 9 15 9 1 16 11 2 16 9 4 16 9 5 16 13 8 16 9 9 16 9 1 17 10 2 17 12 4 17 12 5 17 11 8 17 14 9 17 10 1 18 7 2 18 9 4 18 10 5 18 8 8 18 9 9 18 15 1 19 11 2 19 11 4 19 10 5 19 10 8 19 14 9 19 13
95 343 3 3 2 4 10 10 6 10 9 8 19 10
96 344 24 6 7 2 10 8 3 10 11 5 10 8 8 10 12 1 11 14 2 11 11 1 14 13 2 14 10 3 14 8 5 14 12 1 15 8 4 15 13 5 15 13 8 15 10 3 16 11 4 16 11 5 16 8 8 16 13 4 17 9 1 18 12 2 18 10 3 18 11 4 18 12 8 18 5
97 354 6 6 1 0 13 10 3 13 12 4 13 9 5 13 10 6 13 9 9 13 11
98 356 6 6 1 0 11 9 2 11 10 6 11 11 7 11 7 8 11 8 9 11 12
99 359 6 6 2 0 10 14 1 10 10 2 10 11 5 10 10 4 11 11 9 11 8
