20 100
0 0 8 4 3 0 14 12 3 14 13 4 14 12 0 17 7 2 17 9 4 17 15 2 19 9 3 19 10
1 2 2 2 1 5 10 10 8 10 9
2 4 6 3 3 1 10 10 9 10 11 1 14 15 3 14 13 9 14 10 3 15 8
3 8 10 1 10 8 10 11 8 11 11 8 12 7 8 13 11 8 14 8 8 15 9 8 16 10 8 17 10 8 18 7 8 19 9
4 10 12 6 3 0 13 10 1 13 13 2 13 11 3 13 7 1 16 10 2 16 12 6 16 13 8 16 13 0 17 11 3 17 11 6 17 10 8 17 10
5 11 2 1 2 3 14 11 3 17 9
6 13 12 6 4 4 12 9 0 15 7 2 15 13 3 15 11 6 15 12 9 15 11 0 17 9 2 17 10 4 17 9 6 17 10 9 17 10 3 19 6
7 14 3 3 1 1 17 12 5 17 9 9 17 11
8 17 2 2 2 1 12 11 8 13 12
9 20 6 6 2 6 15 11 8 15 10 1 18 11 2 18 11 7 18 11 9 18 11
10 24 1 1 1 5 15 10
11 27 3 3 1 0 15 8 3 15 9 8 15 15
12 28 10 5 4 1 11 13 4 14 12 5 14 12 7 14 7 9 14 10 1 15 12 4 15 8 9 15 10 5 19 9 7 19 11
13 42 2 2 1 1 15 11 7 15 11
14 43 6 6 1 1 17 14 2 17 8 3 17 12 5 17 6 7 17 10 9 17 10
15 45 20 2 10 4 10 9 7 10 12 4 11 9 7 11 8 4 12 11 7 12 13 4 13 8 7 13 13 4 14 10 7 14 8 4 15 13 7 15 8 4 16 11 7 16 10 4 17 11 7 17 14 4 18 11 7 18 9 4 19 12 7 19 9
16 46 2 2 1 1 12 13 9 12 9
17 47 18 6 5 1 10 8 3 10 10 5 10 11 8 10 10 9 10 10 1 12 12 3 12 9 5 12 13 8 12 12 9 12 10 6 14 9 3 17 11 6 17 11 8 17 13 1 19 10 5 19 12 6 19 10 9 19 9
18 52 2 2 1 0 17 10 8 17 9
19 57 6 6 1 1 11 15 3 11 9 4 11 12 5 11 14 6 11 12 7 11 11
20 59 6 6 1 0 14 11 3 14 9 5 14 10 6 14 12 8 14 12 9 14 11
21 67 6 6 1 0 10 9 1 10 15 2 10 9 6 10 10 7 10 11 9 10 7
22 68 6 6 1 1 16 12 2 16 7 3 16 10 4 16 13 5 16 9 8 16 9
23 71 2 2 1 2 17 16 4 17 9
24 80 60 6 10 0 10 13 1 10 10 2 10 8 3 10 12 8 10 10 9 10 13 0 11 7 1 11 10 2 11 13 3 11 8 8 11 9 9 11 12 0 12 10 1 12 11 2 12 11 3 12 12 8 12 10 9 12 11 0 13 7 1 13 14 2 13 11 3 13 12 8 13 9 9 13 9 0 14 15 1 14 10 2 14 12 3 14 9 8 14 9 9 14 11 0 15 9 1 15 10 2 15 10 3 15 12 8 15 8 9 15 8 0 16 10 1 16 10 2 16 8 3 16 11 8 16 7 9 16 10 0 17 11 1 17 10 2 17 13 3 17 11 8 17 10 9 17 7 0 18 7 1 18 8 2 18 10 3 18 10 8 18 12 9 18 9 0 19 12 1 19 8 2 19 9 3 19 11 8 19 12 9 19 10
25 86 2 2 2 8 15 10 3 16 9
26 89 12 6 3 2 10 13 4 10 10 8 10 9 9 10 13 0 15 9 2 15 9 7 15 11 8 15 12 9 15 6 0 18 11 4 18 13 7 18 10
27 90 6 6 2 1 10 11 2 10 7 3 10 10 7 10 15 6 15 13 8 15 12
28 91 2 2 1 1 11 9 3 11 11
29 95 10 1 10 1 10 11 1 11 10 1 12 12 1 13 11 1 14 11 1 15 11 1 16 11 1 17 11 1 18 10 1 19 13
30 101 12 6 5 6 11 13 8 11 11 0 12 15 5 12 11 9 13 11 0 17 11 2 17 8 5 17 8 9 17 10 2 18 9 6 18 11 8 18 11
31 107 20 2 10 7 10 14 9 10 11 7 11 12 9 11 11 7 12 11 9 12 9 7 13 13 9 13 12 7 14 8 9 14 11 7 15 11 9 15 18 7 16 7 9 16 12 7 17 11 9 17 8 7 18 13 9 18 12 7 19 13 9 19 10
32 114 4 4 2 5 18 12 9 18 8 2 19 7 3 19 12
33 120 30 3 10 0 10 8 5 10 9 7 10 10 0 11 12 5 11 8 7 11 8 0 12 13 5 12 10 7 12 11 0 13 11 5 13 9 7 13 12 0 14 13 5 14 14 7 14 8 0 15 9 5 15 8 7 15 14 0 16 12 5 16 9 7 16 12 0 17 8 5 17 12 7 17 13 0 18 10 5 18 11 7 18 10 0 19 12 5 19 11 7 19 8
34 125 1 1 1 5 19 11
35 127 3 3 2 0 12 12 4 12 13 5 19 9
36 132 1 1 1 7 15 11
37 135 12 6 4 3 10 11 5 10 13 8 10 10 4 14 10 5 14 11 8 14 13 0 16 7 3 16 13 6 16 11 0 17 10 4 17 15 6 17 12
38 137 6 6 1 0 13 13 3 13 10 4 13 10 5 13 12 8 13 14 9 13 9
39 140 6 6 2 5 13 10 9 13 12 0 15 12 1 15 10 3 15 9 6 15 7
40 146 1 1 1 8 15 12
41 149 4 4 1 1 11 7 2 11 13 8 11 10 9 11 11
42 155 1 1 1 7 19 13
43 156 3 3 1 4 12 11 8 12 10 9 12 11
44 159 60 6 10 0 10 12 2 10 11 4 10 8 7 10 13 8 10 7 9 10 9 0 11 8 2 11 9 4 11 9 7 11 11 8 11 13 9 11 12 0 12 11 2 12 8 4 12 11 7 12 11 8 12 10 9 12 12 0 13 15 2 13 10 4 13 8 7 13 13 8 13 11 9 13 12 0 14 10 2 14 8 4 14 11 7 14 9 8 14 7 9 14 15 0 15 11 2 15 12 4 15 10 7 15 9 8 15 10 9 15 10 0 16 11 2 16 10 4 16 11 7 16 10 8 16 9 9 16 7 0 17 9 2 17 8 4 17 8 7 17 13 8 17 13 9 17 12 0 18 10 2 18 8 4 18 10 7 18 12 8 18 9 9 18 10 0 19 7 2 19 10 4 19 6 7 19 8 8 19 13 9 19 7
45 160 30 3 10 7 10 10 8 10 9 9 10 13 7 11 11 8 11 11 9 11 12 7 12 10 8 12 11 9 12 11 7 13 8 8 13 12 9 13 11 7 14 10 8 14 10 9 14 13 7 15 8 8 15 17 9 15 8 7 16 9 8 16 8 9 16 13 7 17 8 8 17 10 9 17 9 7 18 10 8 18 10 9 18 12 7 19 10 8 19 10 9 19 6
46 161 3 3 1 1 16 8 6 16 11 7 16 9
47 163 60 6 10 0 10 12 1 10 7 4 10 13 5 10 11 6 10 16 9 10 11 0 11 7 1 11 12 4 11 13 5 11 13 6 11 9 9 11 13 0 12 11 1 12 8 4 12 8 5 12 5 6 12 9 9 12 9 0 13 10 1 13 10 4 13 11 5 13 9 6 13 9 9 13 11 0 14 10 1 14 11 4 14 14 5 14 9 6 14 13 9 14 7 0 15 11 1 15 11 4 15 11 5 15 13 6 15 11 9 15 13 0 16 13 1 16 11 4 16 11 5 16 6 6 16 8 9 16 10 0 17 10 1 17 10 4 17 11 5 17 11 6 17 12 9 17 11 0 18 9 1 18 9 4 18 11 5 18 12 6 18 11 9 18 11 0 19 12 1 19 8 4 19 12 5 19 12 6 19 12 9 19 12
48 166 20 2 10 3 10 13 8 10 12 3 11 7 8 11 11 3 12 10 8 12 10 3 13 9 8 13 10 3 14 9 8 14 13 3 15 12 8 15 13 3 16 10 8 16 10 3 17 12 8 17 12 3 18 10 8 18 11 3 19 11 8 19 8
49 167 6 6 2 2 15 11 5 15 11 7 15 9 9 15 13 0 17 6 1 17 10
50 169 2 2 1 2 10 10 6 10 11
51 170 24 6 8 2 10 12 3 10 9 6 10 9 8 10 9 3 12 10 4 12 9 9 12 12 2 13 6 4 13 9 2 15 11 3 15 11 6 15 14 8 15 11 9 15 9 2 16 8 4 16 10 8 16 12 9 16 7 4 17 10 6 17 11 8 17 4 9 17 13 3 18 10 6 19 7
52 176 1 1 1 5 14 9
53 177 12 6 4 0 11 13 2 11 11 3 11 11 6 11 11 4 13 9 0 16 11 1 16 10 2 16 12 3 16 13 4 16 10 6 16 8 1 19 15
54 184 12 6 3 1 12 9 5 12 7 0 13 9 1 13 13 2 13 13 3 13 8 6 13 13 0 14 13 2 14 10 3 14 13 5 14 6 6 14 10
55 188 18 6 5 0 10 8 4 10 14 6 10 10 1 16 12 2 16 9 7 16 14 0 17 11 1 17 11 6 17 14 7 17 11 0 18 10 2 18 8 4 18 10 6 18 11 1 19 10 2 19 9 4 19 8 7 19 10
56 189 2 2 1 1 12 9 7 12 12
57 193 6 6 2 0 16 13 7 16 8 9 16 8 2 17 13 4 17 9 5 17 14
58 198 18 6 5 1 12 11 2 12 11 5 12 12 8 12 12 0 13 12 1 13 10 3 13 9 8 13 14 0 14 6 2 14 11 3 14 11 0 17 7 2 17 9 3 17 12 5 17 7 1 18 10 5 18 11 8 18 8
59 204 3 3 2 3 14 14 0 18 11 8 18 10
60 206 3 3 1 0 11 9 1 11 15 5 11 9
61 208 6 6 1 2 11 7 3 11 8 4 11 11 5 11 11 6 11 12 9 11 10
62 219 1 1 1 5 13 12
63 225 6 6 1 0 17 9 2 17 13 3 17 13 5 17 11 7 17 10 8 17 10
64 229 1 1 1 0 13 9
65 231 12 6 3 0 16 10 3 16 11 4 16 12 8 16 9 1 17 12 3 17 10 7 17 12 0 19 11 1 19 10 4 19 11 7 19 12 8 19 10
66 232 4 4 2 0 10 10 6 10 12 3 14 8 9 14 11
67 235 6 6 2 4 17 14 6 17 9 7 17 12 9 17 5 3 19 12 5 19 9
68 236 1 1 1 6 12 15
69 238 12 6 3 0 10 10 1 10 16 3 10 8 4 10 10 7 10 13 9 10 13 1 13 11 9 13 13 0 19 13 3 19 11 4 19 12 7 19 5
70 245 2 1 2 6 13 10 6 16 10
71 247 6 6 2 5 10 11 6 10 11 0 12 14 1 12 9 2 12 13 4 12 11
72 253 6 6 1 0 15 13 4 15 11 6 15 12 7 15 9 8 15 12 9 15 8
73 257 6 6 2 2 13 11 3 13 9 4 13 11 5 13 7 6 14 12 7 14 9
74 258 2 2 1 2 12 7 7 12 11
75 264 12 6 4 6 11 9 2 13 10 6 13 12 7 13 11 1 18 6 2 18 14 4 18 9 7 18 9 8 18 11 1 19 13 4 19 11 8 19 12
76 270 20 2 10 1 10 10 4 10 11 1 11 14 4 11 11 1 12 9 4 12 11 1 13 12 4 13 15 1 14 10 4 14 12 1 15 8 4 15 10 1 16 10 4 16 11 1 17 13 4 17 9 1 18 8 4 18 12 1 19 10 4 19 6
77 275 2 2 1 3 16 10 5 16 7
78 276 18 6 6 1 12 12 2 12 10 4 12 10 9 12 11 0 13 10 5 13 12 0 14 11 2 14 9 4 14 14 1 16 12 1 17 12 5 17 12 9 17 9 0 19 14 2 19 9 4 19 11 5 19 7 9 19 14
79 277 24 6 7 2 10 8 7 10 10 8 10 11 5 11 9 8 11 8 2 13 11 4 13 9 5 13 11 9 13 9 4 14 9 7 14 11 9 14 10 2 15 11 5 15 9 7 15 11 8 15 13 9 15 11 2 17 11 4 17 12 5 17 9 7 17 10 8 17 10 9 17 13 4 19 11
80 282 60 6 10 0 10 11 2 10 7 4 10 10 5 10 12 7 10 13 9 10 12 0 11 9 2 11 12 4 11 7 5 11 8 7 11 11 9 11 12 0 12 10 2 12 4 4 12 8 5 12 11 7 12 13 9 12 12 0 13 9 2 13 9 4 13 14 5 13 9 7 13 11 9 13 9 0 14 12 2 14 8 4 14 12 5 14 12 7 14 10 9 14 8 0 15 12 2 15 13 4 15 14 5 15 12 7 15 9 9 15 7 0 16 13 2 16 10 4 16 10 5 16 13 7 16 13 9 16 11 0 17 11 2 17 13 4 17 11 5 17 14 7 17 12 9 17 10 0 18 11 2 18 16 4 18 10 5 18 9 7 18 13 9 18 12 0 19 7 2 19 9 4 19 14 5 19 13 7 19 12 9 19 12
81 288 1 1 1 5 10 13
82 291 6 6 2 1 13 11 2 13 9 4 13 12 7 13 11 9 13 9 3 19 6
83 298 2 2 1 3 18 9 4 18 13
84 299 2 2 1 5 19 8 9 19 9
85 305 2 2 1 1 17 7 7 17 13
86 306 30 3 10 1 10 8 6 10 9 9 10 9 1 11 12 6 11 12 9 11 7 1 12 11 6 12 7 9 12 11 1 13 12 6 13 12 9 13 12 1 14 12 6 14 9 9 14 10 1 15 9 6 15 12 9 15 10 1 16 11 6 16 13 9 16 13 1 17 8 6 17 10 9 17 8 1 18 14 6 18 10 9 18 14 1 19 10 6 19 13 9 19 6
87 312 40 4 10 0 10 10 3 10 10 4 10 9 5 10 7 0 11 14 3 11 9 4 11 12 5 11 11 0 12 14 3 12 11 4 12 14 5 12 9 0 13 11 3 13 12 4 13 13 5 13 12 0 14 10 3 14 6 4 14 11 5 14 9 0 15 12 3 15 9 4 15 12 5 15 10 0 16 9 3 16 10 4 16 9 5 16 13 0 17 10 3 17 12 4 17 10 5 17 11 0 18 11 3 18 10 4 18 11 5 18 14 0 19 12 3 19 11 4 19 14 5 19 15
88 313 6 6 1 0 18 10 1 18 6 2 18 9 3 18 9 4 18 12 8 18 12
89 314 6 6 3 6 10 13 9 10 10 0 13 11 8 13 6 3 16 13 4 16 9
90 319 12 4 4 3 10 12 5 10 11 6 10 14 4 11 12 5 11 12 3 13 9 4 13 11 5 13 10 6 13 9 3 18 13 4 18 12 6 18 11
91 325 60 6 10 0 10 9 2 10 10 5 10 13 6 10 9 7 10 14 8 10 12 0 11 11 2 11 8 5 11 10 6 11 11 7 11 9 8 11 10 0 12 5 2 12 14 5 12 13 6 12 11 7 12 12 8 12 12 0 13 13 2 13 10 5 13 12 6 13 9 7 13 12 8 13 13 0 14 11 2 14 12 5 14 10 6 14 8 7 14 10 8 14 11 0 15 11 2 15 8 5 15 11 6 15 7 7 15 8 8 15 11 0 16 9 2 16 10 5 16 11 6 16 8 7 16 10 8 16 11 0 17 9 2 17 7 5 17 9 6 17 14 7 17 11 8 17 9 0 18 12 2 18 11 5 18 8 6 18 11 7 18 12 8 18 14 0 19 13 2 19 8 5 19 9 6 19 12 7 19 13 8 19 7
92 334 60 6 10 0 10 13 1 10 10 2 10 10 7 10 8 8 10 14 9 10 13 0 11 10 1 11 10 2 11 9 7 11 10 8 11 12 9 11 7 0 12 12 1 12 8 2 12 10 7 12 11 8 12 8 9 12 11 0 13 10 1 13 11 2 13 9 7 13 10 8 13 12 9 13 11 0 14 8 1 14 7 2 14 9 7 14 12 8 14 14 9 14 13 0 15 11 1 15 11 2 15 12 7 15 14 8 15 10 9 15 6 0 16 12 1 16 13 2 16 11 7 16 8 8 16 16 9 16 11 0 17 11 1 17 9 2 17 12 7 17 11 8 17 13 9 17 11 0 18 10 1 18 8 2 18 7 7 18 9 8 18 11 9 18 11 0 19 8 1 19 12 2 19 10 7 19 9 8 19 7 9 19 9
93 337 60 6 10 0 10 8 2 10 9 3 10 10 7 10 13 8 10 11 9 10 11 0 11 12 2 11 11 3 11 11 7 11 13 8 11 6 9 11 8 0 12 12 2 12 10 3 12 10 7 12 12 8 12 13 9 12 9 0 13 12 2 13 10 3 13 12 7 13 11 8 13 11 9 13 9 0 14 10 2 14 8 3 14 10 7 14 7 8 14 9 9 14 13 0 15 9 2 15 11 3 15 7 7 15 10 8 15 12 9 15 9 0 16 9 2 16 8 3 16 13 7 16 11 8 16 12 9 16 10 0 17 9 2 17 9 3 17 10 7 17 14 8 17 11 9 17 13 0 18 15 2 18 8 3 18 12 7 18 11 8 18 10 9 18 8 0 19 11 2 19 10 3 19 14 7 19 13 8 19 11 9 19 13
94 342 2 2 1 3 16 8 6 16 9
95 343 1 1 1 0 18 10
96 344 1 1 1 2 14 11
97 354 2 2 1 1 16 12 7 16 8
98 356 18 6 6 2 11 5 4 11 11 5 11 9 8 11 12 0 12 10 2 12 12 3 12 11 5 12 10 8 12 9 3 13 10 8 13 11 0 14 9 3 14 8 0 16 13 4 16 12 2 18 11 4 18 11 5 18 11
99 359 2 2 1 4 16 9 5 16 13
