20 100
0 0 18 6 5 3 13 11 4 13 11 7 13 8 9 13 8 2 14 16 3 14 13 4 14 15 7 14 10 8 14 10 9 14 14 2 16 10 3 16 6 2 17 9 4 17 9 7 17 8 8 17 9 8 18 11 9 18 13
1 2 12 6 3 0 12 7 3 12 10 4 12 9 6 12 9 7 12 11 0 16 17 3 16 10 5 16 12 6 16 12 7 16 10 4 17 14 5 17 13
2 4 12 6 3 2 10 14 5 10 11 7 10 9 9 10 8 1 13 16 8 13 13 9 13 6 1 17 9 2 17 14 5 17 13 7 17 11 8 17 11
3 8 2 2 1 5 12 7 7 12 10
4 10 6 6 2 2 12 7 5 12 6 9 12 12 3 15 9 6 15 8 7 15 12
5 11 6 3 3 4 14 11 6 14 11 8 14 7 4 18 6 6 18 10 8 19 12
6 13 6 3 3 1 12 10 3 12 13 6 14 9 1 19 11 3 19 10 6 19 11
7 14 1 1 1 0 11 12
8 17 4 1 4 7 11 12 7 14 14 7 15 11 7 18 11
9 20 3 3 1 1 14 10 3 14 11 9 14 9
10 24 12 6 4 0 11 13 4 11 12 6 15 8 7 15 9 3 16 12 8 16 11 0 18 13 3 18 10 4 18 7 6 18 8 7 18 8 8 18 12
11 27 2 2 1 2 15 10 5 15 10
12 28 2 2 1 3 19 13 9 19 12
13 42 1 1 1 0 19 13
14 43 4 4 1 0 19 10 4 19 10 8 19 11 9 19 12
15 45 6 6 1 1 13 10 2 13 12 4 13 13 5 13 15 8 13 12 9 13 11
16 46 18 6 6 1 10 12 3 10 13 4 10 8 7 10 9 1 11 6 3 11 12 4 11 7 7 11 10 1 12 9 2 15 11 6 15 12 2 16 9 6 16 7 2 18 8 3 18 12 4 18 11 6 18 11 7 18 5
17 47 6 6 1 1 19 9 2 19 11 3 19 11 5 19 11 6 19 9 7 19 11
18 52 6 6 2 1 10 11 4 10 9 8 10 11 5 13 9 6 13 10 7 13 8
19 57 12 6 4 0 10 15 6 10 12 7 10 10 8 10 13 7 12 13 2 13 9 6 13 14 9 13 9 0 16 8 2 16 8 8 16 10 9 16 15
20 59 6 6 1 1 17 10 2 17 12 3 17 15 4 17 11 5 17 9 7 17 10
21 67 6 2 4 0 10 11 0 12 12 1 12 12 0 13 9 1 13 9 1 18 10
22 68 1 1 1 8 11 12
23 71 2 2 1 6 14 11 8 14 11
24 80 30 3 10 2 10 10 6 10 11 7 10 8 2 11 13 6 11 13 7 11 11 2 12 12 6 12 11 7 12 13 2 13 7 6 13 9 7 13 14 2 14 10 6 14 13 7 14 10 2 15 6 6 15 12 7 15 11 2 16 10 6 16 10 7 16 14 2 17 12 6 17 10 7 17 12 2 18 10 6 18 9 7 18 10 2 19 10 6 19 7 7 19 11
25 86 20 2 10 4 10 11 7 10 12 4 11 15 7 11 12 4 12 14 7 12 16 4 13 7 7 13 10 4 14 9 7 14 10 4 15 11 7 15 9 4 16 9 7 16 9 4 17 10 7 17 11 4 18 7 7 18 11 4 19 11 7 19 10
26 89 4 4 1 1 13 12 2 13 12 5 13 12 7 13 10
27 90 2 2 1 6 18 10 7 18 9
28 91 60 6 10 0 10 9 1 10 11 3 10 12 7 10 9 8 10 9 9 10 9 0 11 12 1 11 7 3 11 11 7 11 13 8 11 8 9 11 11 0 12 10 1 12 14 3 12 9 7 12 16 8 12 11 9 12 7 0 13 12 1 13 7 3 13 10 7 13 10 8 13 12 9 13 8 0 14 10 1 14 8 3 14 6 7 14 11 8 14 8 9 14 5 0 15 10 1 15 10 3 15 9 7 15 7 8 15 12 9 15 8 0 16 13 1 16 11 3 16 14 7 16 13 8 16 7 9 16 9 0 17 13 1 17 9 3 17 14 7 17 11 8 17 10 9 17 9 0 18 14 1 18 11 3 18 13 7 18 12 8 18 11 9 18 10 0 19 11 1 19 11 3 19 10 7 19 13 8 19 9 9 19 10
29 95 6 3 3 7 10 12 3 13 10 4 13 8 3 14 13 4 14 11 7 14 12
30 101 6 6 3 2 10 11 0 14 8 1 19 8 3 19 13 6 19 9 9 19 8
31 107 6 3 3 1 13 7 3 13 9 6 13 12 3 15 8 6 15 8 1 16 9
32 114 18 6 5 0 14 10 3 14 9 4 14 10 6 14 11 9 14 11 0 15 13 6 15 11 8 15 9 9 15 12 3 16 9 4 16 6 8 16 15 9 16 10 4 17 12 6 17 10 0 18 9 3 18 8 8 18 9
33 120 12 6 4 0 11 9 1 11 13 6 12 11 7 12 7 9 12 10 1 13 13 2 13 11 6 13 13 0 18 11 2 18 8 7 18 13 9 18 11
34 125 4 4 1 0 11 11 3 11 10 5 11 9 9 11 14
35 127 60 6 10 0 10 10 1 10 10 5 10 12 6 10 8 8 10 14 9 10 11 0 11 9 1 11 11 5 11 12 6 11 9 8 11 12 9 11 9 0 12 7 1 12 10 5 12 11 6 12 10 8 12 12 9 12 11 0 13 13 1 13 13 5 13 10 6 13 9 8 13 9 9 13 9 0 14 4 1 14 13 5 14 8 6 14 9 8 14 13 9 14 10 0 15 10 1 15 9 5 15 16 6 15 10 8 15 11 9 15 11 0 16 13 1 16 11 5 16 12 6 16 11 8 16 8 9 16 10 0 17 10 1 17 10 5 17 8 6 17 12 8 17 10 9 17 12 0 18 12 1 18 10 5 18 8 6 18 11 8 18 12 9 18 12 0 19 7 1 19 10 5 19 13 6 19 9 8 19 14 9 19 11
36 132 12 6 4 2 10 8 5 10 6 0 15 13 2 15 10 3 15 11 4 15 10 5 15 7 0 16 13 3 16 9 9 16 9 4 19 10 9 19 9
37 135 12 6 3 0 10 9 1 10 10 3 10 10 4 10 12 9 10 10 0 13 11 1 13 12 3 13 9 4 13 11 8 13 7 9 13 9 8 14 11
38 137 6 3 3 7 10 12 9 10 12 2 14 8 7 14 11 9 14 14 2 17 9
39 140 2 2 2 4 11 9 2 15 12
40 146 2 2 1 5 14 11 8 14 11
41 149 50 5 10 0 10 10 1 10 12 2 10 7 4 10 13 6 10 11 0 11 10 1 11 7 2 11 10 4 11 6 6 11 12 0 12 15 1 12 10 2 12 11 4 12 9 6 12 13 0 13 7 1 13 13 2 13 13 4 13 13 6 13 10 0 14 12 1 14 14 2 14 11 4 14 13 6 14 11 0 15 9 1 15 10 2 15 8 4 15 12 6 15 10 0 16 13 1 16 11 2 16 11 4 16 15 6 16 13 0 17 6 1 17 10 2 17 9 4 17 8 6 17 8 0 18 12 1 18 11 2 18 11 4 18 11 6 18 9 0 19 12 1 19 12 2 19 12 4 19 11 6 19 11
42 155 18 6 5 1 10 11 2 10 11 4 10 8 6 10 11 0 11 9 8 11 14 0 13 13 4 13 10 6 13 11 0 15 9 1 15 8 2 15 9 6 15 12 8 15 10 1 17 11 2 17 7 4 17 9 8 17 11
43 156 1 1 1 5 17 11
44 159 12 4 4 2 11 10 5 11 12 7 11 12 0 13 8 2 13 15 5 13 8 0 16 12 2 16 10 5 16 12 7 16 10 0 18 12 7 18 10
45 160 2 2 1 4 12 8 5 12 12
46 161 1 1 1 2 11 13
47 163 4 2 3 6 12 8 1 14 13 6 14 8 1 18 6
48 166 60 6 10 0 10 9 1 10 11 2 10 6 3 10 11 4 10 12 5 10 10 0 11 9 1 11 12 2 11 12 3 11 12 4 11 12 5 11 16 0 12 9 1 12 10 2 12 8 3 12 12 4 12 5 5 12 9 0 13 11 1 13 10 2 13 12 3 13 8 4 13 8 5 13 7 0 14 14 1 14 11 2 14 5 3 14 13 4 14 14 5 14 9 0 15 8 1 15 10 2 15 11 3 15 9 4 15 12 5 15 6 0 16 10 1 16 9 2 16 13 3 16 10 4 16 11 5 16 9 0 17 11 1 17 8 2 17 11 3 17 9 4 17 13 5 17 10 0 18 13 1 18 12 2 18 11 3 18 13 4 18 10 5 18 11 0 19 11 1 19 13 2 19 13 3 19 12 4 19 7 5 19 7
49 167 18 6 5 2 11 11 6 11 8 7 11 10 2 13 9 5 13 9 6 13 8 7 13 11 9 13 11 2 14 10 3 14 12 5 14 11 6 14 10 7 14 12 9 14 10 3 17 5 9 17 10 3 19 12 5 19 8
50 169 2 2 1 1 12 9 2 12 16
51 170 12 6 3 3 10 10 5 10 11 6 10 13 3 13 11 4 13 9 5 13 12 6 13 12 7 13 5 8 13 14 4 19 12 7 19 12 8 19 11
52 176 18 6 6 7 10 9 6 11 14 7 11 13 9 11 10 1 12 13 6 12 10 8 12 10 0 15 6 1 15 8 7 15 11 9 15 9 0 17 7 6 17 11 8 17 12 0 19 12 1 19 11 8 19 13 9 19 12
53 177 24 6 7 0 10 6 2 10 12 4 10 11 8 10 8 0 12 8 3 12 11 6 14 11 8 14 10 2 16 8 3 16 14 4 16 16 6 16 12 0 17 14 2 17 11 3 17 13 4 17 13 6 17 10 8 17 9 4 18 13 6 18 10 8 18 6 0 19 12 2 19 12 3 19 9
54 184 24 6 7 1 12 11 4 12 6 5 12 6 0 13 14 2 13 9 9 13 12 0 15 10 1 15 12 2 15 9 2 16 11 5 16 9 9 16 10 2 17 9 4 17 8 5 17 8 0 18 11 1 18 8 4 18 11 9 18 12 0 19 10 1 19 10 4 19 11 5 19 9 9 19 11
55 188 60 6 10 0 10 9 1 10 10 2 10 12 4 10 10 5 10 9 8 10 10 0 11 13 1 11 12 2 11 9 4 11 9 5 11 10 8 11 7 0 12 11 1 12 9 2 12 11 4 12 11 5 12 10 8 12 9 0 13 6 1 13 10 2 13 12 4 13 12 5 13 9 8 13 14 0 14 13 1 14 9 2 14 9 4 14 9 5 14 16 8 14 14 0 15 9 1 15 11 2 15 8 4 15 10 5 15 9 8 15 15 0 16 15 1 16 10 2 16 9 4 16 12 5 16 12 8 16 14 0 17 9 1 17 8 2 17 11 4 17 11 5 17 9 8 17 9 0 18 12 1 18 11 2 18 7 4 18 13 5 18 6 8 18 7 0 19 16 1 19 11 2 19 9 4 19 11 5 19 9 8 19 11
56 189 6 6 1 1 15 12 3 15 10 4 15 11 6 15 10 8 15 15 9 15 12
57 193 2 2 1 2 14 9 7 14 8
58 198 60 6 10 0 10 11 1 10 8 3 10 12 6 10 8 7 10 13 9 10 11 0 11 12 1 11 10 3 11 9 6 11 11 7 11 9 9 11 9 0 12 9 1 12 11 3 12 7 6 12 12 7 12 10 9 12 11 0 13 10 1 13 10 3 13 10 6 13 14 7 13 12 9 13 16 0 14 8 1 14 7 3 14 12 6 14 12 7 14 11 9 14 10 0 15 6 1 15 13 3 15 16 6 15 9 7 15 7 9 15 11 0 16 9 1 16 11 3 16 9 6 16 12 7 16 7 9 16 8 0 17 10 1 17 11 3 17 13 6 17 7 7 17 9 9 17 10 0 18 8 1 18 7 3 18 9 6 18 11 7 18 10 9 18 11 0 19 9 1 19 15 3 19 11 6 19 12 7 19 9 9 19 11
59 204 3 3 1 0 19 14 1 19 11 6 19 7
60 206 4 2 2 3 12 11 4 12 8 3 18 11 4 18 7
61 208 1 1 1 1 18 12
62 219 6 3 3 6 14 11 1 17 10 3 17 11 1 18 10 3 18 11 6 18 14
63 225 24 6 7 6 10 8 7 10 11 0 11 9 2 11 7 3 11 10 4 11 8 6 11 10 2 12 11 3 12 13 4 12 10 7 12 10 0 15 8 7 15 10 0 16 8 3 16 9 4 16 12 6 16 13 7 16 7 2 18 12 0 19 11 2 19 4 3 19 13 4 19 13 6 19 9
64 229 6 3 3 2 10 8 7 10 11 3 12 14 7 12 13 2 14 9 3 14 10
65 231 60 6 10 1 10 11 2 10 13 4 10 13 5 10 11 6 10 8 7 10 9 1 11 12 2 11 9 4 11 10 5 11 12 6 11 10 7 11 10 1 12 14 2 12 12 4 12 11 5 12 9 6 12 10 7 12 9 1 13 13 2 13 8 4 13 11 5 13 11 6 13 9 7 13 8 1 14 14 2 14 9 4 14 12 5 14 10 6 14 11 7 14 8 1 15 9 2 15 11 4 15 6 5 15 8 6 15 13 7 15 9 1 16 13 2 16 13 4 16 12 5 16 9 6 16 11 7 16 8 1 17 14 2 17 6 4 17 10 5 17 7 6 17 12 7 17 10 1 18 11 2 18 13 4 18 13 5 18 11 6 18 8 7 18 12 1 19 10 2 19 12 4 19 15 5 19 10 6 19 11 7 19 11
66 232 18 6 5 0 10 13 1 10 13 3 10 9 4 10 12 6 10 10 7 10 9 0 13 13 1 13 12 3 14 11 4 14 8 7 14 11 0 16 11 1 16 8 6 16 8 7 16 11 3 18 9 4 18 8 6 18 13
67 235 60 6 10 0 10 9 2 10 15 4 10 10 5 10 13 6 10 11 8 10 8 0 11 10 2 11 9 4 11 9 5 11 8 6 11 6 8 11 10 0 12 7 2 12 16 4 12 12 5 12 9 6 12 11 8 12 14 0 13 14 2 13 10 4 13 16 5 13 11 6 13 11 8 13 11 0 14 14 2 14 11 4 14 14 5 14 13 6 14 8 8 14 10 0 15 14 2 15 11 4 15 13 5 15 12 6 15 7 8 15 12 0 16 8 2 16 9 4 16 9 5 16 10 6 16 9 8 16 8 0 17 9 2 17 12 4 17 13 5 17 11 6 17 7 8 17 11 0 18 12 2 18 10 4 18 10 5 18 10 6 18 13 8 18 12 0 19 7 2 19 10 4 19 11 5 19 9 6 19 10 8 19 13
68 236 2 2 1 3 17 8 6 17 7
69 238 1 1 1 3 18 12
70 245 12 4 5 1 11 14 9 11 13 6 12 10 7 12 12 6 16 9 7 16 11 9 16 11 1 17 10 1 18 15 6 18 10 7 18 10 9 18 9
71 247 12 6 4 2 10 14 3 10 10 7 10 11 8 10 10 2 15 8 4 15 9 5 15 9 3 16 9 4 16 8 5 19 9 7 19 8 8 19 10
72 253 12 6 3 1 13 10 3 13 14 4 13 12 5 13 7 6 13 11 7 13 12 3 17 9 1 19 8 4 19 12 5 19 13 6 19 13 7 19 9
73 257 4 4 1 0 10 11 2 10 11 7 10 11 9 10 12
74 258 12 6 4 3 13 13 6 13 7 4 14 13 5 14 9 1 16 10 4 16 13 8 16 5 1 17 13 3 17 9 5 17 11 6 17 9 8 17 8
75 264 6 6 1 0 14 11 2 14 8 4 14 9 5 14 13 6 14 13 9 14 8
76 270 2 2 1 7 14 10 9 14 13
77 275 18 6 5 5 10 13 6 10 9 7 10 11 8 10 10 0 13 11 4 13 9 5 13 12 6 13 10 7 13 7 0 15 10 4 16 12 5 16 10 8 16 11 0 18 10 4 18 10 6 18 11 7 18 10 8 18 10
78 276 24 6 7 1 10 12 3 10 13 5 10 10 8 10 11 9 10 13 1 11 8 3 11 13 9 11 9 5 13 11 7 13 11 8 13 15 5 14 10 7 14 12 8 14 10 1 16 8 7 16 9 9 16 10 1 18 13 3 18 10 3 19 6 5 19 11 7 19 12 8 19 7 9 19 9
79 277 3 3 1 3 11 13 6 11 14 7 11 6
80 282 42 6 10 1 10 8 2 10 11 3 10 9 6 10 11 7 10 14 1 11 9 2 11 11 3 11 13 7 11 11 1 12 9 2 12 11 7 12 10 8 12 8 3 13 10 6 13 10 8 13 12 1 14 8 6 14 10 7 14 10 8 14 8 2 15 9 3 15 15 7 15 12 8 15 12 1 16 9 3 16 12 6 16 9 8 16 12 1 17 8 2 17 10 3 17 12 6 17 13 1 18 14 2 18 14 3 18 11 6 18 7 7 18 9 8 18 9 2 19 9 6 19 8 7 19 16 8 19 8
81 288 30 3 10 0 10 8 8 10 6 9 10 7 0 11 11 8 11 10 9 11 14 0 12 9 8 12 13 9 12 10 0 13 14 8 13 13 9 13 10 0 14 10 8 14 10 9 14 13 0 15 9 8 15 10 9 15 11 0 16 11 8 16 10 9 16 10 0 17 6 8 17 11 9 17 8 0 18 12 8 18 10 9 18 12 0 19 10 8 19 10 9 19 12
82 291 4 4 1 1 15 8 4 15 11 5 15 10 7 15 11
83 298 1 1 1 4 15 7
84 299 6 6 1 0 14 12 2 14 12 3 14 10 5 14 11 6 14 9 7 14 10
85 305 18 6 5 2 11 10 4 11 13 5 11 9 0 13 11 1 13 9 2 13 12 5 13 11 6 13 6 0 15 10 1 15 7 2 15 10 4 15 14 5 15 10 6 15 12 6 16 12 0 19 8 1 19 13 4 19 9
86 306 6 6 3 5 13 10 4 16 14 8 16 10 9 16 6 2 17 13 7 17 11
87 312 6 3 3 1 11 12 4 11 12 7 12 11 1 17 10 4 17 14 7 17 12
88 313 2 2 1 2 13 10 3 13 14
89 314 60 6 10 0 10 9 1 10 11 5 10 6 7 10 8 8 10 10 9 10 9 0 11 10 1 11 9 5 11 10 7 11 10 8 11 11 9 11 8 0 12 10 1 12 7 5 12 8 7 12 6 8 12 11 9 12 9 0 13 7 1 13 11 5 13 10 7 13 15 8 13 10 9 13 8 0 14 9 1 14 8 5 14 11 7 14 8 8 14 10 9 14 16 0 15 9 1 15 11 5 15 9 7 15 9 8 15 11 9 15 13 0 16 12 1 16 12 5 16 13 7 16 12 8 16 10 9 16 10 0 17 11 1 17 12 5 17 9 7 17 14 8 17 9 9 17 13 0 18 8 1 18 11 5 18 12 7 18 12 8 18 12 9 18 9 0 19 8 1 19 11 5 19 13 7 19 9 8 19 10 9 19 7
90 319 18 6 6 1 11 13 2 11 11 6 11 11 7 11 8 9 11 11 1 12 12 5 12 9 6 12 10 1 13 10 2 13 10 9 13 11 5 15 12 6 15 9 7 15 11 2 17 7 5 18 9 7 18 10 9 18 13
91 325 40 4 10 0 10 13 3 10 10 4 10 11 6 10 11 0 11 10 3 11 9 4 11 8 6 11 10 0 12 12 3 12 10 4 12 9 6 12 8 0 13 10 3 13 11 4 13 10 6 13 12 0 14 9 3 14 9 4 14 10 6 14 15 0 15 9 3 15 11 4 15 13 6 15 12 0 16 11 3 16 12 4 16 10 6 16 12 0 17 10 3 17 8 4 17 15 6 17 14 0 18 13 3 18 10 4 18 9 6 18 9 0 19 8 3 19 10 4 19 13 6 19 12
92 334 6 3 3 4 10 10 6 10 12 3 11 12 4 11 11 6 11 14 3 18 8
93 337 24 6 7 2 10 13 8 10 12 0 12 10 1 12 9 3 12 12 5 12 10 8 12 14 2 13 10 3 13 11 5 13 10 8 13 8 0 14 9 2 14 10 8 14 10 0 15 11 1 15 12 5 15 10 1 17 12 2 17 11 3 17 13 0 18 12 1 18 12 3 18 8 5 18 12
94 342 24 6 7 0 10 11 1 10 12 3 10 11 5 10 12 6 10 10 8 10 11 3 12 10 6 12 10 8 12 12 0 13 10 5 13 13 8 13 10 0 14 12 1 14 6 3 14 9 0 16 11 3 16 11 6 16 12 1 17 8 5 17 14 6 17 9 8 17 9 1 18 12 5 18 13
95 343 6 6 2 1 13 9 4 13 10 6 19 11 7 19 11 8 19 7 9 19 8
96 344 1 1 1 4 18 10
97 354 12 6 5 7 11 10 2 12 11 2 13 14 6 13 8 0 18 10 3 18 12 4 18 9 6 18 10 0 19 11 3 19 10 4 19 8 7 19 9
98 356 20 2 10 2 10 8 9 10 10 2 11 8 9 11 12 2 12 13 9 12 6 2 13 11 9 13 11 2 14 13 9 14 15 2 15 8 9 15 14 2 16 13 9 16 7 2 17 10 9 17 12 2 18 11 9 18 11 2 19 11 9 19 9
99 359 1 1 1 1 18 8
