20 100
0 0 12 6 4 0 11 12 2 11 10 6 11 11 0 12 9 8 12 14 2 17 9 3 17 8 7 17 12 3 18 8 6 18 9 7 18 7 8 18 15
1 2 18 6 5 3 11 10 4 11 13 5 11 10 6 11 9 7 11 7 5 13 12 7 13 10 1 14 7 6 14 9 7 14 8 1 17 8 3 17 16 4 17 5 1 19 5 3 19 12 4 19 11 5 19 11 6 19 14
2 4 1 1 1 9 16 7
3 8 6 6 1 0 11 9 1 11 9 2 11 13 3 11 8 4 11 15 6 11 11
4 10 10 1 10 8 10 10 8 11 11 8 12 12 8 13 9 8 14 8 8 15 10 8 16 13 8 17 12 8 18 11 8 19 10
5 11 12 3 5 0 11 12 4 11 11 0 12 13 3 12 11 3 15 12 4 15 10 0 17 12 3 17 10 4 17 10 0 18 13 3 18 15 4 18 12
6 13 4 4 1 1 16 9 4 16 10 6 16 13 8 16 10
7 14 1 1 1 1 10 11
8 17 3 3 2 1 12 10 7 14 10 8 14 9
9 20 30 3 10 5 10 10 7 10 11 8 10 10 5 11 8 7 11 10 8 11 9 5 12 11 7 12 8 8 12 9 5 13 8 7 13 8 8 13 11 5 14 10 7 14 10 8 14 8 5 15 10 7 15 10 8 15 9 5 16 9 7 16 9 8 16 10 5 17 10 7 17 10 8 17 15 5 18 10 7 18 11 8 18 11 5 19 11 7 19 11 8 19 9
10 24 3 3 1 0 15 10 6 15 10 8 15 11
11 27 50 5 10 0 10 9 1 10 16 4 10 13 6 10 13 7 10 9 0 11 10 1 11 11 4 11 10 6 11 10 7 11 11 0 12 7 1 12 7 4 12 11 6 12 11 7 12 11 0 13 8 1 13 11 4 13 9 6 13 11 7 13 10 0 14 10 1 14 10 4 14 11 6 14 8 7 14 8 0 15 9 1 15 8 4 15 13 6 15 10 7 15 12 0 16 10 1 16 15 4 16 7 6 16 11 7 16 8 0 17 10 1 17 11 4 17 11 6 17 11 7 17 11 0 18 8 1 18 11 4 18 9 6 18 10 7 18 13 0 19 10 1 19 10 4 19 7 6 19 12 7 19 9
12 28 2 2 1 6 15 15 9 15 9
13 42 1 1 1 4 14 12
14 43 12 4 5 8 13 9 0 14 9 3 14 10 9 14 13 3 16 9 9 16 11 0 17 15 8 17 11 0 18 12 3 18 8 8 18 12 9 18 12
15 45 2 2 1 1 16 10 6 16 14
16 46 10 1 10 3 10 13 3 11 11 3 12 9 3 13 9 3 14 12 3 15 8 3 16 11 3 17 14 3 18 13 3 19 11
17 47 3 3 1 1 13 11 7 13 11 9 13 11
18 52 3 3 2 1 12 10 0 15 10 3 15 14
19 57 2 2 2 0 13 10 2 18 9
20 59 1 1 1 6 15 11
21 67 6 6 1 0 15 13 2 15 14 5 15 9 7 15 11 8 15 10 9 15 13
22 68 3 3 1 1 16 8 4 16 10 8 16 13
23 71 2 2 1 0 12 11 1 12 14
24 80 12 6 4 1 15 8 7 15 9 9 15 11 0 16 10 1 16 11 3 16 9 9 16 13 8 17 11 0 18 5 3 18 10 7 18 9 8 18 9
25 86 12 6 3 3 11 11 7 11 9 1 12 10 2 12 6 6 12 8 9 12 7 1 15 6 2 15 11 3 15 13 6 15 7 7 15 10 9 15 11
26 89 24 6 7 4 11 9 0 12 10 1 12 16 2 12 10 3 12 12 5 12 7 1 14 12 2 14 10 3 14 10 0 16 10 1 16 8 4 16 9 5 16 11 1 17 10 3 17 14 4 17 9 5 17 8 0 18 13 2 18 7 3 18 7 4 18 13 5 18 12 0 19 13 2 19 11
27 90 5 5 1 3 10 13 4 10 10 5 10 10 8 10 8 9 10 14
28 91 20 2 10 2 10 10 5 10 13 2 11 15 5 11 11 2 12 10 5 12 10 2 13 12 5 13 13 2 14 10 5 14 7 2 15 12 5 15 10 2 16 11 5 16 7 2 17 7 5 17 9 2 18 14 5 18 13 2 19 9 5 19 8
29 95 1 1 1 5 14 10
30 101 3 3 2 7 13 12 5 18 9 9 18 10
31 107 3 3 1 3 12 10 4 12 9 5 12 11
32 114 4 4 1 2 15 10 4 15 7 5 15 9 6 15 5
33 120 2 2 1 2 11 9 8 11 12
34 125 3 3 2 4 11 11 8 11 10 0 19 11
35 127 24 6 7 4 11 11 9 11 8 0 13 13 3 14 11 4 14 10 7 14 8 9 14 8 0 15 15 2 15 10 4 15 9 7 15 12 9 15 10 0 16 10 2 16 9 3 16 12 4 16 13 7 16 8 9 16 11 0 18 9 2 18 10 3 18 9 2 19 11 3 19 9 7 19 12
36 132 1 1 1 2 14 11
37 135 30 3 10 1 10 9 4 10 6 5 10 9 1 11 14 4 11 10 5 11 10 1 12 9 4 12 12 5 12 14 1 13 14 4 13 12 5 13 15 1 14 10 4 14 11 5 14 8 1 15 10 4 15 10 5 15 11 1 16 7 4 16 10 5 16 11 1 17 6 4 17 7 5 17 11 1 18 11 4 18 11 5 18 10 1 19 7 4 19 12 5 19 13
38 137 60 6 10 0 10 11 3 10 13 4 10 9 5 10 11 6 10 11 7 10 12 0 11 10 3 11 14 4 11 9 5 11 10 6 11 11 7 11 11 0 12 12 3 12 13 4 12 9 5 12 8 6 12 11 7 12 6 0 13 12 3 13 8 4 13 8 5 13 10 6 13 11 7 13 8 0 14 11 3 14 12 4 14 8 5 14 10 6 14 6 7 14 8 0 15 10 3 15 12 4 15 9 5 15 12 6 15 10 7 15 13 0 16 11 3 16 12 4 16 10 5 16 11 6 16 11 7 16 12 0 17 12 3 17 10 4 17 12 5 17 12 6 17 12 7 17 9 0 18 12 3 18 11 4 18 10 5 18 10 6 18 11 7 18 10 0 19 8 3 19 8 4 19 10 5 19 9 6 19 9 7 19 14
39 140 18 6 5 0 10 8 1 10 11 7 10 10 1 11 10 3 11 11 9 11 9 0 12 12 3 12 12 5 12 13 9 12 13 0 14 8 1 14 10 5 14 10 7 14 11 9 14 12 3 16 8 5 16 9 7 16 12
40 146 12 6 3 0 14 9 4 14 8 5 14 13 9 14 12 0 16 10 3 16 8 4 16 11 8 16 11 9 16 10 3 17 9 5 17 10 8 17 8
41 149 1 1 1 9 10 13
42 155 8 4 3 5 15 13 3 16 15 5 16 10 6 16 9 8 16 11 3 17 6 6 17 13 8 17 10
43 156 6 3 3 7 11 10 9 11 10 0 13 11 0 16 11 7 16 11 9 16 12
44 159 2 2 1 7 19 14 9 19 9
45 160 50 5 10 0 10 12 1 10 9 2 10 11 5 10 9 8 10 12 0 11 15 1 11 12 2 11 8 5 11 12 8 11 13 0 12 10 1 12 11 2 12 7 5 12 9 8 12 8 0 13 11 1 13 12 2 13 11 5 13 8 8 13 12 0 14 11 1 14 11 2 14 7 5 14 10 8 14 9 0 15 12 1 15 11 2 15 12 5 15 11 8 15 7 0 16 14 1 16 11 2 16 14 5 16 12 8 16 9 0 17 13 1 17 11 2 17 15 5 17 10 8 17 9 0 18 10 1 18 12 2 18 9 5 18 8 8 18 12 0 19 14 1 19 7 2 19 8 5 19 12 8 19 8
46 161 60 6 10 0 10 9 3 10 10 5 10 13 6 10 10 8 10 10 9 10 11 0 11 8 3 11 8 5 11 11 6 11 11 8 11 13 9 11 11 0 12 12 3 12 8 5 12 9 6 12 10 8 12 9 9 12 10 0 13 8 3 13 10 5 13 8 6 13 11 8 13 10 9 13 11 0 14 11 3 14 9 5 14 9 6 14 12 8 14 10 9 14 6 0 15 11 3 15 9 5 15 10 6 15 11 8 15 10 9 15 7 0 16 9 3 16 12 5 16 11 6 16 10 8 16 9 9 16 10 0 17 14 3 17 12 5 17 8 6 17 8 8 17 13 9 17 11 0 18 10 3 18 7 5 18 9 6 18 10 8 18 9 9 18 7 0 19 8 3 19 12 5 19 8 6 19 14 8 19 13 9 19 9
47 163 1 1 1 3 10 8
48 166 10 5 4 1 10 8 5 10 9 7 10 11 0 12 10 1 12 8 5 12 9 8 13 12 0 14 7 7 14 8 8 14 10
49 167 18 6 5 3 13 11 5 13 10 9 13 10 3 14 14 4 14 10 6 14 8 7 14 9 4 16 10 6 16 8 7 16 16 4 18 13 5 18 15 7 18 11 9 18 14 3 19 10 5 19 14 6 19 13 9 19 12
50 169 3 3 1 1 13 10 2 13 10 9 13 10
51 170 12 6 3 1 10 11 2 10 12 6 10 10 7 10 9 8 10 9 9 10 8 1 13 10 2 13 17 6 13 11 8 13 9 7 19 8 9 19 12
52 176 6 6 1 0 12 9 1 12 11 2 12 9 5 12 10 8 12 10 9 12 12
53 177 24 6 7 4 10 8 6 10 9 8 10 12 9 10 11 1 13 12 7 13 11 8 13 10 9 13 12 1 15 8 6 15 9 9 15 11 1 16 10 6 16 6 7 16 10 8 16 10 4 17 9 7 17 8 8 17 10 1 18 8 4 18 11 4 19 13 6 19 12 7 19 14 9 19 13
54 184 60 6 10 2 10 8 4 10 9 5 10 11 7 10 9 8 10 10 9 10 9 2 11 13 4 11 15 5 11 12 7 11 12 8 11 9 9 11 10 2 12 10 4 12 7 5 12 11 7 12 10 8 12 8 9 12 11 2 13 13 4 13 12 5 13 10 7 13 9 8 13 8 9 13 9 2 14 8 4 14 11 5 14 8 7 14 11 8 14 12 9 14 10 2 15 11 4 15 12 5 15 10 7 15 9 8 15 11 9 15 11 2 16 12 4 16 10 5 16 10 7 16 9 8 16 7 9 16 8 2 17 8 4 17 12 5 17 12 7 17 11 8 17 11 9 17 10 2 18 4 4 18 8 5 18 11 7 18 11 8 18 11 9 18 11 2 19 9 4 19 13 5 19 12 7 19 14 8 19 14 9 19 11
55 188 6 3 3 9 15 10 3 18 10 5 18 12 3 19 14 5 19 12 9 19 11
56 189 12 6 3 0 12 9 2 12 10 0 13 10 5 13 7 6 13 11 7 13 12 9 13 10 2 16 11 5 16 10 6 16 13 7 16 12 9 16 12
57 193 2 2 1 0 14 12 9 14 12
58 198 30 3 10 4 10 12 7 10 13 8 10 13 4 11 10 7 11 9 8 11 14 4 12 10 7 12 9 8 12 10 4 13 10 7 13 13 8 13 10 4 14 10 7 14 11 8 14 10 4 15 10 7 15 10 8 15 7 4 16 10 7 16 9 8 16 9 4 17 10 7 17 9 8 17 7 4 18 10 7 18 12 8 18 12 4 19 13 7 19 9 8 19 7
59 204 1 1 1 2 13 10
60 206 6 6 1 0 16 13 1 16 10 4 16 12 5 16 12 8 16 12 9 16 14
61 208 1 1 1 9 15 10
62 219 20 2 10 3 10 9 8 10 10 3 11 9 8 11 8 3 12 12 8 12 9 3 13 13 8 13 10 3 14 12 8 14 8 3 15 11 8 15 9 3 16 10 8 16 6 3 17 11 8 17 11 3 18 10 8 18 9 3 19 9 8 19 8
63 225 1 1 1 1 19 10
64 229 3 3 2 7 11 9 1 18 9 8 18 10
65 231 20 2 10 0 10 9 7 10 10 0 11 11 7 11 10 0 12 10 7 12 13 0 13 4 7 13 13 0 14 13 7 14 10 0 15 15 7 15 10 0 16 9 7 16 16 0 17 9 7 17 11 0 18 12 7 18 7 0 19 11 7 19 10
66 232 6 6 3 4 10 10 5 10 10 3 13 11 9 13 10 6 18 9 8 18 9
67 235 18 6 6 1 11 11 3 11 10 6 11 9 7 11 13 9 11 7 2 14 8 1 16 12 6 16 10 7 16 8 3 17 12 6 17 10 9 17 6 2 18 6 3 18 11 7 18 12 9 18 14 1 19 11 2 19 10
68 236 12 6 4 3 10 10 8 10 13 1 14 12 2 14 9 7 14 9 8 14 13 1 17 12 2 17 11 3 17 11 7 17 12 9 17 11 9 19 13
69 238 10 1 10 8 10 14 8 11 12 8 12 13 8 13 11 8 14 9 8 15 11 8 16 10 8 17 10 8 18 10 8 19 14
70 245 1 1 1 4 17 11
71 247 18 6 5 1 10 13 2 10 14 7 10 10 8 10 9 9 10 12 8 12 8 9 12 8 0 15 13 1 15 14 2 15 6 7 15 7 0 17 12 2 17 9 7 17 10 9 17 14 0 18 12 1 18 7 8 18 11
72 253 3 3 2 2 16 9 4 19 12 9 19 6
73 257 10 1 10 2 10 7 2 11 10 2 12 8 2 13 9 2 14 10 2 15 13 2 16 13 2 17 9 2 18 7 2 19 10
74 258 18 6 5 5 11 12 8 11 9 2 12 13 5 12 12 7 12 14 9 12 10 1 13 8 7 13 12 1 14 11 2 14 10 5 14 9 7 14 7 8 14 10 9 14 10 1 15 11 2 15 12 8 15 7 9 15 12
75 264 1 1 1 6 15 10
76 270 50 5 10 0 10 12 4 10 9 5 10 7 7 10 11 9 10 10 0 11 9 4 11 9 5 11 13 7 11 14 9 11 5 0 12 8 4 12 13 5 12 12 7 12 14 9 12 11 0 13 10 4 13 6 5 13 8 7 13 12 9 13 9 0 14 10 4 14 10 5 14 9 7 14 10 9 14 10 0 15 8 4 15 11 5 15 12 7 15 11 9 15 12 0 16 11 4 16 10 5 16 10 7 16 15 9 16 9 0 17 13 4 17 11 5 17 10 7 17 8 9 17 10 0 18 12 4 18 10 5 18 10 7 18 12 9 18 14 0 19 9 4 19 11 5 19 13 7 19 8 9 19 13
77 275 30 3 10 0 10 11 1 10 12 6 10 8 0 11 13 1 11 11 6 11 9 0 12 10 1 12 12 6 12 11 0 13 10 1 13 14 6 13 9 0 14 10 1 14 9 6 14 15 0 15 12 1 15 10 6 15 10 0 16 16 1 16 12 6 16 10 0 17 10 1 17 6 6 17 8 0 18 11 1 18 9 6 18 7 0 19 8 1 19 11 6 19 9
78 276 18 6 5 1 10 8 4 10 10 8 10 11 6 16 8 8 16 8 9 16 8 1 17 9 4 17 11 5 17 10 6 17 11 8 17 11 9 17 12 1 18 8 5 18 11 6 18 8 9 18 11 4 19 10 5 19 15
79 277 18 6 5 1 10 7 3 10 11 5 10 11 1 15 8 2 15 11 5 15 13 6 15 10 9 15 11 2 16 10 3 16 11 5 16 8 6 16 9 9 16 15 1 18 11 2 18 8 3 18 11 6 18 12 9 19 7
80 282 24 6 7 2 10 6 6 10 13 2 11 8 3 11 11 4 11 8 5 11 14 3 13 9 4 13 9 6 13 11 7 13 11 2 14 10 4 14 8 5 14 12 7 14 13 6 16 11 3 17 11 4 17 8 5 17 13 7 17 12 2 19 9 3 19 10 5 19 7 6 19 10 7 19 10
81 288 20 2 10 3 10 10 4 10 9 3 11 13 4 11 12 3 12 8 4 12 12 3 13 5 4 13 9 3 14 11 4 14 9 3 15 7 4 15 12 3 16 12 4 16 8 3 17 9 4 17 12 3 18 10 4 18 9 3 19 9 4 19 8
82 291 1 1 1 2 19 11
83 298 12 6 4 0 13 10 1 13 8 6 13 10 9 13 13 0 16 11 1 16 7 5 16 10 6 16 14 9 16 12 7 17 15 5 19 11 7 19 12
84 299 2 2 2 7 11 12 1 16 9
85 305 2 2 1 1 11 9 6 11 10
86 306 3 3 1 0 10 10 5 10 13 7 10 11
87 312 3 3 2 4 10 14 8 10 10 0 11 7
88 313 2 2 2 2 11 9 1 16 11
89 314 1 1 1 4 17 11
90 319 12 6 4 1 11 10 2 11 12 6 11 12 7 11 11 8 11 13 2 14 11 6 14 13 8 14 12 0 17 10 1 17 12 7 17 15 0 18 8
91 325 2 2 1 5 19 9 7 19 13
92 334 30 3 10 1 10 12 5 10 14 9 10 9 1 11 9 5 11 13 9 11 11 1 12 12 5 12 11 9 12 11 1 13 9 5 13 13 9 13 12 1 14 11 5 14 11 9 14 11 1 15 7 5 15 11 9 15 6 1 16 11 5 16 13 9 16 12 1 17 11 5 17 9 9 17 11 1 18 9 5 18 11 9 18 12 1 19 10 5 19 11 9 19 12
93 337 2 2 1 0 11 11 1 11 11
94 342 6 6 1 1 18 10 2 18 15 3 18 8 5 18 10 7 18 10 9 18 7
95 343 2 2 1 0 19 10 4 19 8
96 344 60 6 10 0 10 10 1 10 10 2 10 10 3 10 8 7 10 12 9 10 5 0 11 13 1 11 8 2 11 9 3 11 11 7 11 9 9 11 10 0 12 10 1 12 11 2 12 11 3 12 11 7 12 14 9 12 7 0 13 11 1 13 11 2 13 11 3 13 9 7 13 9 9 13 10 0 14 11 1 14 12 2 14 11 3 14 13 7 14 9 9 14 12 0 15 10 1 15 13 2 15 10 3 15 10 7 15 10 9 15 13 0 16 11 1 16 12 2 16 13 3 16 9 7 16 8 9 16 9 0 17 8 1 17 16 2 17 11 3 17 11 7 17 12 9 17 12 0 18 8 1 18 12 2 18 11 3 18 11 7 18 10 9 18 10 0 19 8 1 19 9 2 19 8 3 19 11 7 19 9 9 19 13
97 354 6 6 1 0 10 11 2 10 10 3 10 11 6 10 11 8 10 12 9 10 14
98 356 1 1 1 4 11 13
99 359 1 1 1 9 15 12
