20 100
0 0 24 6 7 4 10 11 5 10 6 7 10 12 9 10 12 1 11 11 2 11 13 4 11 12 5 11 13 7 11 12 9 11 13 2 12 7 4 12 8 7 12 8 1 15 13 2 15 12 7 15 10 5 16 10 9 16 10 1 17 14 4 17 10 9 17 11 1 19 10 2 19 12 5 19 12
1 2 5 5 2 0 12 15 3 12 10 5 15 12 8 15 6 9 15 11
2 4 1 1 1 1 10 13
3 8 6 6 2 0 10 8 1 10 7 3 10 10 4 10 13 2 15 8 5 15 10
4 10 2 2 1 3 14 9 7 14 10
5 11 2 2 2 0 10 12 2 12 11
6 13 6 6 1 0 19 11 2 19 11 3 19 11 5 19 11 7 19 10 9 19 12
7 14 4 4 1 1 11 10 2 11 6 6 11 11 9 11 15
8 17 24 6 7 1 10 9 2 10 12 5 10 11 6 10 10 9 10 10 2 11 11 9 11 11 2 12 15 5 12 10 7 12 12 1 13 12 6 13 9 7 13 7 9 13 11 1 14 10 5 14 9 6 14 13 7 14 11 1 18 11 5 18 11 6 18 12 7 18 9 2 19 9 9 19 15
9 20 6 6 1 0 17 13 2 17 15 3 17 12 4 17 8 5 17 10 6 17 12
10 24 2 2 1 5 13 9 8 13 10
11 27 2 2 1 0 14 14 4 14 9
12 28 1 1 1 4 19 11
13 42 6 6 2 1 14 11 3 14 11 7 14 10 4 19 12 5 19 8 9 19 12
14 43 24 6 7 3 10 15 6 10 10 2 12 11 6 12 6 9 12 13 0 13 12 2 13 9 3 13 9 8 13 10 9 13 6 0 14 14 3 14 11 6 14 12 8 14 9 9 14 15 2 15 10 8 15 10 0 16 9 2 16 9 3 16 13 6 16 11 0 19 12 8 19 13 9 19 9
15 45 8 4 4 3 11 11 2 15 11 4 15 9 6 15 12 2 16 9 3 18 10 4 18 12 6 18 11
16 46 24 6 7 0 12 11 3 12 9 6 12 10 9 12 13 1 13 10 6 13 10 7 13 11 0 14 11 1 14 10 3 14 9 6 14 11 9 14 11 1 15 12 7 15 13 0 16 11 1 16 12 3 16 14 7 16 10 9 16 15 0 17 8 9 17 11 3 18 11 6 18 12 7 18 9
17 47 6 6 1 0 12 8 1 12 9 3 12 9 4 12 11 5 12 12 7 12 12
18 52 12 6 3 3 12 12 4 12 15 6 12 12 9 12 10 7 14 10 8 14 9 9 14 8 3 19 12 4 19 9 6 19 12 7 19 13 8 19 9
19 57 4 4 2 8 12 9 3 13 14 6 13 9 7 13 17
20 59 1 1 1 6 16 11
21 67 30 3 10 4 10 11 5 10 9 6 10 8 4 11 12 5 11 10 6 11 12 4 12 10 5 12 12 6 12 13 4 13 13 5 13 10 6 13 9 4 14 9 5 14 5 6 14 10 4 15 14 5 15 7 6 15 9 4 16 11 5 16 10 6 16 7 4 17 9 5 17 13 6 17 10 4 18 14 5 18 9 6 18 12 4 19 10 5 19 9 6 19 12
22 68 1 1 1 5 14 12
23 71 4 4 1 0 12 11 2 12 6 3 12 10 9 12 12
24 80 6 6 1 2 10 9 4 10 7 5 10 11 7 10 10 8 10 13 9 10 10
25 86 60 6 10 2 10 9 3 10 12 4 10 10 5 10 9 7 10 10 9 10 10 2 11 12 3 11 15 4 11 9 5 11 13 7 11 8 9 11 11 2 12 8 3 12 11 4 12 9 5 12 11 7 12 7 9 12 10 2 13 12 3 13 12 4 13 10 5 13 12 7 13 12 9 13 12 2 14 10 3 14 8 4 14 9 5 14 8 7 14 8 9 14 9 2 15 11 3 15 7 4 15 9 5 15 12 7 15 8 9 15 10 2 16 10 3 16 12 4 16 12 5 16 11 7 16 11 9 16 11 2 17 9 3 17 12 4 17 11 5 17 12 7 17 12 9 17 11 2 18 11 3 18 8 4 18 11 5 18 7 7 18 12 9 18 14 2 19 15 3 19 11 4 19 6 5 19 9 7 19 11 9 19 12
26 89 30 6 9 1 10 12 2 10 11 8 10 13 9 10 10 1 11 11 2 11 13 6 11 11 1 12 13 2 12 10 5 12 12 6 12 11 8 12 12 9 12 11 5 13 10 9 13 12 2 15 9 5 15 7 9 16 11 1 17 14 5 17 12 6 17 15 8 17 10 2 18 11 6 18 15 8 18 13 1 19 7 5 19 7 6 19 11 8 19 11 9 19 11
27 90 1 1 1 3 13 8
28 91 24 6 7 1 10 10 3 10 5 7 10 9 9 10 10 1 11 10 2 11 14 7 11 11 9 11 9 0 13 11 2 13 6 9 13 8 0 14 12 3 14 9 7 14 8 9 14 11 1 15 11 3 15 9 0 17 12 2 17 13 0 18 10 1 18 8 2 18 9 3 18 11 7 18 8
29 95 6 6 1 0 17 9 1 17 7 2 17 8 3 17 8 6 17 13 7 17 11
30 101 2 2 1 2 19 9 5 19 11
31 107 4 4 2 2 15 6 6 15 10 1 18 10 4 18 10
32 114 40 4 10 4 10 13 5 10 10 6 10 11 9 10 10 4 11 11 5 11 12 6 11 12 9 11 7 4 12 11 5 12 8 6 12 10 9 12 9 4 13 13 5 13 15 6 13 12 9 13 7 4 14 11 5 14 11 6 14 11 9 14 12 4 15 9 5 15 11 6 15 8 9 15 10 4 16 9 5 16 13 6 16 8 9 16 7 4 17 11 5 17 10 6 17 9 9 17 9 4 18 12 5 18 11 6 18 10 9 18 10 4 19 12 5 19 12 6 19 16 9 19 10
33 120 12 6 4 2 10 11 8 10 9 2 14 15 5 14 6 6 14 8 7 14 9 9 14 11 5 15 9 8 15 10 6 16 8 7 16 10 9 16 10
34 125 4 4 1 0 15 9 4 15 8 7 15 13 8 15 11
35 127 3 3 1 3 17 11 7 17 11 8 17 10
36 132 6 6 2 3 10 10 5 10 11 6 10 10 9 10 7 1 13 8 8 13 10
37 135 1 1 1 7 14 10
38 137 60 6 10 1 10 8 3 10 11 4 10 13 6 10 11 7 10 9 9 10 7 1 11 12 3 11 9 4 11 10 6 11 10 7 11 11 9 11 10 1 12 8 3 12 11 4 12 16 6 12 8 7 12 10 9 12 9 1 13 11 3 13 7 4 13 11 6 13 11 7 13 12 9 13 10 1 14 11 3 14 10 4 14 12 6 14 9 7 14 10 9 14 8 1 15 11 3 15 8 4 15 9 6 15 10 7 15 7 9 15 10 1 16 8 3 16 10 4 16 11 6 16 10 7 16 10 9 16 10 1 17 11 3 17 10 4 17 10 6 17 10 7 17 11 9 17 8 1 18 10 3 18 9 4 18 8 6 18 15 7 18 10 9 18 9 1 19 9 3 19 8 4 19 9 6 19 13 7 19 7 9 19 14
39 140 2 2 1 1 15 11 2 15 14
40 146 2 2 1 0 13 7 2 13 7
41 149 6 6 2 3 18 12 6 18 12 7 18 11 1 19 12 5 19 14 9 19 9
42 155 18 6 5 3 10 9 4 10 10 5 10 13 9 10 9 2 13 7 7 13 14 2 15 10 5 15 8 9 15 10 3 16 9 4 16 10 5 16 11 7 16 10 9 16 11 2 18 8 3 18 15 4 18 9 7 18 10
43 156 3 3 2 6 13 11 1 17 12 9 17 12
44 159 4 4 1 0 11 11 1 11 17 5 11 12 9 11 10
45 160 3 3 1 4 19 11 5 19 8 7 19 13
46 161 6 6 1 0 13 13 1 13 11 2 13 9 5 13 9 6 13 9 9 13 12
47 163 1 1 1 5 10 11
48 166 1 1 1 6 13 13
49 167 4 4 3 2 12 11 9 12 5 1 13 9 6 17 11
50 169 2 1 2 4 10 14 4 13 12
51 170 6 3 3 1 13 11 4 13 9 6 16 11 1 17 9 4 17 9 6 17 6
52 176 10 5 3 1 10 12 3 10 9 5 10 9 7 10 9 3 12 8 7 12 8 9 12 13 1 13 9 5 13 10 9 13 10
53 177 54 6 10 0 10 6 2 10 11 5 10 12 6 10 11 7 10 16 8 10 8 0 11 11 2 11 15 5 11 13 6 11 13 7 11 13 8 11 6 0 12 10 2 12 9 5 12 10 6 12 14 7 12 9 8 12 9 0 13 8 2 13 8 5 13 8 7 13 9 8 13 11 0 14 10 2 14 13 5 14 9 6 14 10 7 14 13 0 15 12 2 15 11 6 15 8 7 15 13 8 15 10 0 16 10 2 16 6 5 16 12 6 16 9 7 16 9 8 16 13 0 17 10 2 17 11 5 17 14 6 17 14 8 17 12 2 18 9 5 18 12 6 18 8 7 18 12 8 18 12 0 19 9 5 19 12 6 19 9 7 19 9 8 19 11
54 184 3 3 2 3 10 11 7 11 8 8 11 10
55 188 1 1 1 2 19 12
56 189 24 6 7 2 10 10 3 10 12 7 10 10 9 10 10 0 12 11 2 12 10 3 12 9 0 14 12 2 14 10 9 14 8 0 15 12 6 15 10 2 17 14 6 17 10 7 17 10 9 17 8 3 18 7 6 18 11 7 18 12 0 19 14 3 19 11 6 19 6 7 19 11 9 19 9
57 193 18 6 6 1 11 12 0 12 12 5 12 10 0 13 10 5 13 12 6 13 9 8 13 8 0 15 11 1 15 10 4 15 11 5 15 8 6 15 11 8 15 9 4 18 11 6 18 10 8 18 10 1 19 14 4 19 6
58 198 30 3 10 3 10 11 6 10 12 9 10 11 3 11 11 6 11 14 9 11 11 3 12 15 6 12 10 9 12 8 3 13 9 6 13 12 9 13 11 3 14 10 6 14 14 9 14 11 3 15 8 6 15 13 9 15 10 3 16 10 6 16 11 9 16 13 3 17 11 6 17 12 9 17 12 3 18 12 6 18 14 9 18 13 3 19 9 6 19 9 9 19 11
59 204 1 1 1 7 10 5
60 206 6 3 3 2 12 11 3 12 9 6 12 9 2 13 10 3 18 12 6 18 8
61 208 12 4 4 3 10 11 4 10 9 6 10 9 2 13 12 4 13 11 6 13 13 2 14 10 3 14 11 4 14 11 6 14 7 2 15 10 3 15 8
62 219 3 3 1 6 14 12 7 14 13 8 14 12
63 225 18 6 5 3 11 11 7 11 9 1 13 9 2 13 11 4 13 12 5 13 11 7 13 11 1 16 13 2 16 13 3 16 12 4 16 8 5 16 12 7 16 8 2 17 7 3 17 9 5 17 11 1 18 10 4 18 10
64 229 3 3 1 2 13 12 3 13 10 8 13 11
65 231 3 3 1 1 15 9 4 15 10 9 15 9
66 232 1 1 1 8 16 14
67 235 1 1 1 9 10 11
68 236 24 6 7 2 10 8 3 10 13 4 10 12 1 12 10 3 12 12 4 12 8 8 12 10 9 12 8 1 15 8 2 15 13 3 15 10 4 15 10 8 15 13 9 15 11 1 16 8 3 16 8 2 17 10 4 17 10 8 17 9 9 18 11 1 19 7 2 19 11 8 19 10 9 19 7
69 238 6 6 3 6 14 10 1 17 9 2 19 9 4 19 12 7 19 13 9 19 8
70 245 24 6 7 1 10 11 4 10 14 5 10 16 3 11 9 4 11 10 5 11 9 1 12 13 3 12 10 5 12 10 9 12 10 1 13 9 2 13 9 3 13 7 5 13 10 9 13 10 2 14 13 4 14 9 9 14 9 2 15 11 4 15 8 1 16 12 2 16 7 3 16 7 9 16 4
71 247 1 1 1 1 15 10
72 253 1 1 1 1 14 10
73 257 20 2 10 1 10 12 9 10 12 1 11 10 9 11 9 1 12 11 9 12 9 1 13 11 9 13 7 1 14 10 9 14 10 1 15 9 9 15 8 1 16 11 9 16 9 1 17 13 9 17 5 1 18 10 9 18 10 1 19 15 9 19 10
74 258 6 6 1 0 17 10 1 17 9 2 17 8 3 17 9 7 17 12 8 17 10
75 264 6 6 1 0 10 9 2 10 8 3 10 14 6 10 11 7 10 12 9 10 12
76 270 1 1 1 9 16 13
77 275 2 2 1 4 10 9 6 10 12
78 276 6 6 2 3 13 8 5 13 12 0 18 9 4 18 11 7 18 11 9 18 12
79 277 6 2 4 0 11 10 0 13 12 6 13 12 0 15 11 6 15 10 6 17 13
80 282 3 3 2 4 16 11 9 16 9 0 17 10
81 288 6 3 3 0 12 12 3 12 11 3 17 13 8 17 12 0 19 11 8 19 12
82 291 18 6 5 1 10 13 2 10 14 3 10 10 0 12 11 2 12 13 3 12 12 5 12 10 0 13 9 1 13 10 5 13 9 7 13 11 0 14 11 1 14 12 2 14 9 3 14 12 5 14 12 7 14 9 7 18 7
83 298 6 6 2 0 11 12 5 11 10 1 15 10 4 15 11 6 15 8 8 15 10
84 299 24 6 7 4 10 9 6 10 12 9 10 10 4 11 12 5 11 11 6 11 10 3 12 9 5 12 6 6 12 15 8 12 12 9 12 10 3 15 9 8 15 12 3 17 11 4 17 6 8 17 11 9 17 13 3 18 16 5 18 10 6 18 10 8 18 12 4 19 14 5 19 7 9 19 9
85 305 12 6 4 2 12 11 4 12 17 3 13 8 4 13 9 7 13 13 9 13 11 1 15 11 7 15 11 9 15 10 1 16 14 2 16 13 3 16 11
86 306 12 6 4 1 11 11 6 11 12 8 11 9 9 11 10 2 15 10 1 18 13 7 18 13 8 18 10 9 18 8 2 19 12 6 19 8 7 19 9
87 312 6 6 2 0 13 10 5 13 13 2 19 10 6 19 13 7 19 10 8 19 14
88 313 1 1 1 8 14 11
89 314 1 1 1 8 11 12
90 319 10 5 4 4 11 12 8 11 10 0 13 11 1 13 8 3 13 12 4 13 12 0 16 16 1 16 11 8 16 14 3 18 9
91 325 2 2 2 5 13 5 0 16 7
92 334 12 6 2 1 13 9 5 13 12 6 13 8 7 13 10 8 13 10 9 13 9 1 14 11 5 14 10 6 14 11 7 14 10 8 14 6 9 14 11
93 337 1 1 1 3 16 11
94 342 2 2 1 3 10 12 5 10 7
95 343 24 6 8 0 10 8 4 10 12 6 10 12 8 10 13 0 11 9 8 11 10 5 12 11 4 13 10 5 13 12 6 13 10 5 14 10 9 14 11 4 16 9 6 16 13 8 16 9 9 16 12 0 18 11 4 18 10 5 18 10 9 18 15 0 19 6 6 19 11 8 19 11 9 19 9
96 344 6 6 2 3 16 11 0 17 7 2 17 9 4 17 8 5 17 9 8 17 10
97 354 12 6 4 2 10 11 6 10 11 8 10 13 9 10 8 1 14 7 6 14 9 7 15 12 9 15 10 1 17 10 2 17 13 7 17 13 8 17 10
98 356 10 1 10 4 10 13 4 11 12 4 12 9 4 13 10 4 14 12 4 15 9 4 16 12 4 17 13 4 18 10 4 19 11
99 359 6 3 3 3 10 10 7 10 10 9 10 13 7 14 10 3 17 11 9 17 8
