20 100
0 0 2 2 1 0 10 9 2 10 13
1 2 1 1 1 7 14 10
2 4 60 6 10 0 10 12 2 10 9 5 10 11 6 10 10 7 10 12 8 10 9 0 11 10 2 11 7 5 11 14 6 11 10 7 11 10 8 11 12 0 12 8 2 12 10 5 12 12 6 12 8 7 12 12 8 12 9 0 13 13 2 13 9 5 13 10 6 13 9 7 13 8 8 13 11 0 14 15 2 14 8 5 14 12 6 14 11 7 14 11 8 14 11 0 15 11 2 15 13 5 15 14 6 15 12 7 15 10 8 15 11 0 16 12 2 16 10 5 16 11 6 16 9 7 16 12 8 16 10 0 17 14 2 17 8 5 17 11 6 17 8 7 17 11 8 17 11 0 18 14 2 18 12 5 18 13 6 18 10 7 18 13 8 18 11 0 19 15 2 19 7 5 19 12 6 19 12 7 19 8 8 19 11
3 8 20 2 10 0 10 12 6 10 12 0 11 9 6 11 13 0 12 13 6 12 10 0 13 14 6 13 9 0 14 7 6 14 12 0 15 11 6 15 11 0 16 11 6 16 9 0 17 12 6 17 9 0 18 10 6 18 11 0 19 12 6 19 13
4 10 6 6 1 0 12 11 1 12 12 4 12 9 6 12 9 7 12 15 9 12 8
5 11 2 2 1 1 18 11 8 18 10
6 13 36 4 10 1 10 15 3 10 10 8 10 12 9 10 11 3 11 14 8 11 10 9 11 11 1 12 11 3 12 10 8 12 11 9 12 10 1 13 10 3 13 10 8 13 14 9 13 11 1 14 13 3 14 10 8 14 11 9 14 11 1 15 10 8 15 10 1 16 12 3 16 8 9 16 13 1 17 10 3 17 10 8 17 11 9 17 11 1 18 10 3 18 11 8 18 9 9 18 11 1 19 11 3 19 10 8 19 10 9 19 8
7 14 12 6 4 1 10 10 6 10 12 9 10 14 0 13 11 6 13 9 7 13 9 7 16 11 8 16 8 0 18 10 1 18 11 8 18 9 9 18 11
8 17 18 6 6 0 11 9 1 11 11 3 11 11 6 11 8 8 11 8 1 12 8 8 12 13 0 15 8 3 15 10 4 15 11 6 15 13 8 15 10 4 16 7 0 17 12 6 17 13 1 18 10 3 18 13 4 18 13
9 20 1 1 1 4 15 11
10 24 3 3 1 2 17 12 8 17 14 9 17 12
11 27 1 1 1 1 14 10
12 28 6 6 1 0 15 12 2 15 14 3 15 11 6 15 14 7 15 8 8 15 11
13 42 6 6 1 2 14 12 3 14 11 4 14 8 5 14 14 7 14 11 9 14 8
14 43 6 6 1 0 12 12 2 12 12 4 12 10 5 12 8 7 12 10 9 12 10
15 45 2 2 2 2 14 13 3 16 8
16 46 2 2 1 1 12 10 5 12 12
17 47 8 4 3 1 15 9 3 15 10 6 15 13 1 18 10 2 18 6 3 18 9 6 18 6 2 19 10
18 52 1 1 1 4 15 12
19 57 6 3 3 1 11 12 2 11 10 2 12 11 9 12 12 1 15 10 9 15 12
20 59 60 6 10 0 10 9 1 10 11 4 10 9 6 10 10 8 10 9 9 10 12 0 11 12 1 11 11 4 11 10 6 11 9 8 11 7 9 11 13 0 12 11 1 12 10 4 12 10 6 12 8 8 12 8 9 12 10 0 13 11 1 13 8 4 13 9 6 13 10 8 13 10 9 13 10 0 14 13 1 14 14 4 14 12 6 14 10 8 14 11 9 14 8 0 15 9 1 15 14 4 15 13 6 15 8 8 15 9 9 15 9 0 16 10 1 16 8 4 16 11 6 16 15 8 16 9 9 16 13 0 17 10 1 17 13 4 17 8 6 17 12 8 17 11 9 17 12 0 18 12 1 18 11 4 18 12 6 18 12 8 18 7 9 18 9 0 19 10 1 19 10 4 19 9 6 19 12 8 19 10 9 19 9
21 67 60 6 10 1 10 11 3 10 13 4 10 8 6 10 11 8 10 11 9 10 9 1 11 11 3 11 10 4 11 9 6 11 10 8 11 14 9 11 12 1 12 13 3 12 12 4 12 10 6 12 14 8 12 13 9 12 6 1 13 11 3 13 7 4 13 9 6 13 13 8 13 10 9 13 13 1 14 10 3 14 11 4 14 11 6 14 11 8 14 6 9 14 11 1 15 10 3 15 11 4 15 10 6 15 10 8 15 12 9 15 10 1 16 8 3 16 12 4 16 10 6 16 8 8 16 9 9 16 12 1 17 11 3 17 11 4 17 13 6 17 11 8 17 10 9 17 11 1 18 7 3 18 9 4 18 10 6 18 13 8 18 11 9 18 10 1 19 12 3 19 16 4 19 10 6 19 9 8 19 12 9 19 12
22 68 6 6 1 0 13 9 1 13 11 2 13 12 6 13 10 7 13 11 9 13 11
23 71 15 5 5 5 11 5 8 11 8 2 12 9 4 12 10 8 12 12 3 13 9 4 13 11 2 16 12 3 16 6 5 16 12 8 16 9 2 17 10 3 17 12 4 17 8 5 17 10
24 80 8 4 4 0 10 13 8 10 9 7 11 11 3 12 9 7 12 11 8 12 12 0 13 12 3 13 11
25 86 1 1 1 5 13 10
26 89 60 6 10 1 10 12 3 10 12 4 10 10 6 10 7 7 10 7 9 10 11 1 11 10 3 11 10 4 11 11 6 11 7 7 11 11 9 11 11 1 12 13 3 12 10 4 12 10 6 12 8 7 12 11 9 12 12 1 13 9 3 13 9 4 13 9 6 13 13 7 13 11 9 13 9 1 14 13 3 14 13 4 14 9 6 14 11 7 14 9 9 14 14 1 15 10 3 15 13 4 15 12 6 15 10 7 15 11 9 15 12 1 16 12 3 16 8 4 16 9 6 16 10 7 16 15 9 16 11 1 17 10 3 17 12 4 17 10 6 17 11 7 17 11 9 17 10 1 18 12 3 18 9 4 18 9 6 18 9 7 18 13 9 18 8 1 19 12 3 19 11 4 19 9 6 19 6 7 19 12 9 19 11
27 90 1 1 1 1 11 14
28 91 24 6 7 3 10 10 9 10 11 3 13 9 5 13 11 7 13 13 8 13 8 5 14 9 6 14 11 8 14 10 5 15 10 7 15 9 8 15 12 9 15 13 3 17 8 6 17 10 3 18 12 5 18 11 6 18 8 7 18 13 8 18 10 9 18 15 6 19 11 7 19 14 9 19 10
29 95 20 2 10 3 10 8 5 10 12 3 11 10 5 11 11 3 12 9 5 12 10 3 13 12 5 13 15 3 14 9 5 14 11 3 15 9 5 15 8 3 16 12 5 16 8 3 17 10 5 17 11 3 18 10 5 18 11 3 19 12 5 19 11
30 101 3 1 3 9 10 9 9 16 7 9 17 11
31 107 60 6 10 1 10 13 2 10 13 4 10 10 5 10 14 7 10 12 8 10 11 1 11 11 2 11 9 4 11 15 5 11 10 7 11 13 8 11 8 1 12 8 2 12 11 4 12 11 5 12 11 7 12 10 8 12 10 1 13 8 2 13 9 4 13 9 5 13 10 7 13 8 8 13 10 1 14 10 2 14 7 4 14 8 5 14 11 7 14 13 8 14 12 1 15 13 2 15 13 4 15 10 5 15 15 7 15 9 8 15 11 1 16 12 2 16 12 4 16 8 5 16 9 7 16 11 8 16 10 1 17 12 2 17 8 4 17 10 5 17 11 7 17 8 8 17 11 1 18 11 2 18 12 4 18 12 5 18 9 7 18 5 8 18 8 1 19 15 2 19 12 4 19 14 5 19 8 7 19 11 8 19 12
32 114 2 2 1 1 19 10 3 19 8
33 120 2 2 2 4 12 10 1 18 13
34 125 3 3 1 3 17 9 6 17 9 9 17 9
35 127 18 6 6 5 11 12 7 11 8 4 13 8 5 13 9 6 13 11 7 13 7 1 14 7 4 14 13 6 14 9 7 14 14 9 14 10 5 15 9 1 16 15 4 16 12 9 16 10 1 17 12 6 17 12 9 17 12
36 132 2 2 1 2 15 12 5 15 10
37 135 1 1 1 0 14 11
38 137 2 2 1 4 12 9 8 12 13
39 140 1 1 1 6 13 6
40 146 2 2 1 1 14 10 9 14 8
41 149 18 6 6 8 11 11 1 13 9 2 13 12 8 13 11 0 15 14 4 15 11 7 15 9 1 17 9 2 17 10 4 17 8 0 18 5 1 18 10 4 18 8 7 18 8 8 18 12 0 19 7 2 19 9 7 19 9
42 155 2 2 1 1 13 10 8 13 8
43 156 4 4 1 0 19 11 1 19 12 3 19 12 7 19 11
44 159 12 6 4 2 10 12 5 10 10 9 10 10 0 13 11 5 13 10 2 15 13 4 15 12 8 15 14 0 18 10 4 18 12 8 18 10 9 18 8
45 160 18 6 6 6 11 10 8 11 10 4 12 7 8 12 12 0 13 10 3 13 9 6 13 7 8 13 9 1 14 7 3 14 11 4 14 9 0 17 11 1 17 12 4 17 10 6 17 12 0 18 15 1 18 11 3 18 13
46 161 6 3 3 0 11 13 2 11 12 9 11 8 0 18 13 9 18 11 2 19 10
47 163 1 1 1 9 12 13
48 166 3 3 1 1 13 10 3 13 11 9 13 13
49 167 18 6 6 2 10 8 4 10 10 9 10 11 0 13 9 4 13 10 5 13 12 8 13 9 9 13 8 0 14 15 2 14 11 4 14 11 5 14 9 9 14 10 8 15 8 0 17 14 8 17 8 2 19 12 5 19 13
50 169 3 3 2 3 11 9 2 14 9 8 14 10
51 170 6 3 4 6 10 10 0 14 7 0 17 12 3 17 8 6 17 12 3 18 10
52 176 2 2 2 2 10 10 3 16 11
53 177 18 6 5 1 10 9 4 10 11 6 10 14 7 10 9 8 10 7 0 12 11 4 12 11 8 12 11 0 15 13 1 15 10 7 15 7 8 15 11 1 17 8 4 17 11 6 17 9 7 17 10 0 19 10 6 19 13
54 184 12 6 3 0 10 10 2 10 11 4 10 9 5 10 8 0 16 11 2 16 12 3 16 10 4 16 8 6 16 15 3 18 7 5 18 9 6 18 13
55 188 6 6 2 6 18 10 7 18 10 8 18 6 1 19 9 4 19 13 9 19 14
56 189 3 3 1 7 13 9 8 13 7 9 13 11
57 193 1 1 1 0 19 9
58 198 3 3 1 3 11 12 5 11 5 6 11 9
59 204 3 3 1 1 14 9 7 14 9 8 14 9
60 206 3 3 1 0 18 9 4 18 10 9 18 12
61 208 18 6 5 3 11 8 5 11 12 9 11 11 3 12 11 4 12 8 5 12 10 6 12 9 7 12 9 3 13 12 4 13 13 6 13 15 7 13 10 9 13 11 4 14 11 6 14 11 7 14 12 9 14 11 5 15 7
62 219 10 5 3 4 11 9 5 11 10 0 14 8 3 14 12 9 14 13 0 16 11 3 16 16 4 16 6 5 16 10 9 16 11
63 225 60 6 10 0 10 10 1 10 10 2 10 7 3 10 7 6 10 10 7 10 14 0 11 11 1 11 12 2 11 10 3 11 13 6 11 11 7 11 11 0 12 11 1 12 8 2 12 12 3 12 7 6 12 11 7 12 13 0 13 13 1 13 12 2 13 9 3 13 10 6 13 12 7 13 11 0 14 11 1 14 14 2 14 8 3 14 13 6 14 10 7 14 10 0 15 13 1 15 11 2 15 8 3 15 11 6 15 11 7 15 10 0 16 10 1 16 8 2 16 12 3 16 9 6 16 11 7 16 9 0 17 12 1 17 11 2 17 11 3 17 12 6 17 12 7 17 14 0 18 11 1 18 10 2 18 8 3 18 11 6 18 12 7 18 11 0 19 10 1 19 13 2 19 9 3 19 13 6 19 12 7 19 11
64 229 1 1 1 5 11 9
65 231 60 6 10 0 10 13 2 10 11 3 10 11 4 10 13 7 10 14 8 10 13 0 11 17 2 11 10 3 11 12 4 11 12 7 11 10 8 11 12 0 12 9 2 12 10 3 12 9 4 12 9 7 12 10 8 12 13 0 13 9 2 13 9 3 13 9 4 13 10 7 13 9 8 13 7 0 14 7 2 14 8 3 14 12 4 14 11 7 14 9 8 14 11 0 15 10 2 15 11 3 15 8 4 15 11 7 15 13 8 15 12 0 16 11 2 16 11 3 16 7 4 16 5 7 16 11 8 16 8 0 17 10 2 17 9 3 17 10 4 17 12 7 17 10 8 17 11 0 18 11 2 18 11 3 18 10 4 18 11 7 18 11 8 18 10 0 19 13 2 19 12 3 19 9 4 19 14 7 19 10 8 19 10
66 232 60 6 10 0 10 13 1 10 8 2 10 10 4 10 7 5 10 9 6 10 12 0 11 7 1 11 9 2 11 9 4 11 10 5 11 6 6 11 8 0 12 14 1 12 13 2 12 7 4 12 9 5 12 12 6 12 14 0 13 6 1 13 11 2 13 7 4 13 8 5 13 9 6 13 12 0 14 9 1 14 8 2 14 6 4 14 10 5 14 12 6 14 11 0 15 11 1 15 10 2 15 8 4 15 10 5 15 10 6 15 11 0 16 11 1 16 11 2 16 11 4 16 11 5 16 13 6 16 10 0 17 9 1 17 11 2 17 8 4 17 11 5 17 14 6 17 10 0 18 12 1 18 11 2 18 13 4 18 9 5 18 13 6 18 8 0 19 9 1 19 7 2 19 8 4 19 12 5 19 14 6 19 11
67 235 6 3 3 0 10 9 2 10 9 5 13 12 0 14 11 2 14 12 5 14 14
68 236 20 2 10 5 10 9 8 10 12 5 11 10 8 11 11 5 12 15 8 12 11 5 13 9 8 13 12 5 14 11 8 14 8 5 15 10 8 15 8 5 16 7 8 16 9 5 17 11 8 17 10 5 18 10 8 18 6 5 19 15 8 19 8
69 238 12 4 6 1 10 12 1 11 12 1 12 11 3 12 12 7 12 13 2 14 9 3 14 7 7 14 8 2 15 14 3 15 8 2 16 11 7 16 9
70 245 6 6 1 3 11 7 4 11 10 6 11 7 7 11 14 8 11 13 9 11 13
71 247 18 6 5 1 13 11 3 13 10 5 13 10 7 13 11 0 14 12 3 14 9 9 14 10 0 16 7 7 16 10 9 16 9 1 18 8 3 18 8 5 18 10 7 18 9 9 18 9 0 19 12 1 19 8 5 19 13
72 253 1 1 1 0 18 13
73 257 18 6 6 1 12 11 3 12 7 5 12 13 7 12 11 9 13 11 0 14 12 3 14 10 7 14 11 5 15 9 7 15 7 9 15 8 0 16 8 1 16 15 3 16 10 9 16 11 0 18 11 1 18 12 5 18 12
74 258 5 5 1 1 17 10 3 17 10 4 17 9 6 17 13 8 17 10
75 264 2 2 1 0 16 7 5 16 13
76 270 1 1 1 9 18 7
77 275 60 6 10 2 10 10 3 10 10 4 10 11 5 10 13 8 10 10 9 10 9 2 11 12 3 11 12 4 11 6 5 11 10 8 11 11 9 11 10 2 12 10 3 12 13 4 12 12 5 12 7 8 12 13 9 12 11 2 13 10 3 13 9 4 13 12 5 13 8 8 13 14 9 13 13 2 14 8 3 14 10 4 14 11 5 14 13 8 14 10 9 14 10 2 15 9 3 15 13 4 15 9 5 15 10 8 15 10 9 15 12 2 16 15 3 16 12 4 16 14 5 16 10 8 16 9 9 16 9 2 17 15 3 17 11 4 17 12 5 17 9 8 17 9 9 17 10 2 18 12 3 18 11 4 18 11 5 18 9 8 18 10 9 18 11 2 19 13 3 19 11 4 19 11 5 19 11 8 19 12 9 19 7
78 276 24 6 7 2 10 12 6 10 10 2 12 10 3 12 10 7 12 9 8 12 13 3 13 10 4 13 11 6 13 14 8 13 9 3 14 12 4 14 12 6 14 9 7 14 8 8 14 15 3 15 13 4 15 13 7 15 8 2 17 14 4 17 12 6 17 11 7 17 12 2 19 11 8 19 12
79 277 3 3 1 1 13 8 4 13 12 9 13 10
80 282 2 2 2 2 11 10 5 14 14
81 288 1 1 1 5 12 13
82 291 3 3 1 1 11 5 2 11 7 9 11 14
83 298 30 3 10 0 10 12 5 10 12 9 10 11 0 11 12 5 11 12 9 11 11 0 12 14 5 12 13 9 12 12 0 13 11 5 13 11 9 13 12 0 14 11 5 14 12 9 14 7 0 15 8 5 15 9 9 15 11 0 16 7 5 16 11 9 16 11 0 17 13 5 17 10 9 17 10 0 18 9 5 18 12 9 18 10 0 19 12 5 19 16 9 19 8
84 299 1 1 1 1 18 10
85 305 60 6 10 0 10 12 1 10 13 2 10 10 3 10 8 4 10 14 7 10 11 0 11 14 1 11 11 2 11 9 3 11 10 4 11 6 7 11 12 0 12 12 1 12 12 2 12 15 3 12 7 4 12 6 7 12 11 0 13 12 1 13 10 2 13 13 3 13 11 4 13 10 7 13 9 0 14 11 1 14 12 2 14 8 3 14 7 4 14 11 7 14 12 0 15 10 1 15 12 2 15 12 3 15 9 4 15 9 7 15 10 0 16 11 1 16 12 2 16 10 3 16 10 4 16 13 7 16 15 0 17 11 1 17 11 2 17 11 3 17 10 4 17 12 7 17 8 0 18 8 1 18 13 2 18 9 3 18 9 4 18 8 7 18 12 0 19 9 1 19 12 2 19 10 3 19 11 4 19 13 7 19 10
86 306 3 3 1 1 12 11 6 12 7 9 12 10
87 312 40 4 10 0 10 12 2 10 12 3 10 12 5 10 11 0 11 15 2 11 11 3 11 10 5 11 13 0 12 10 2 12 15 3 12 12 5 12 12 0 13 11 2 13 7 3 13 9 5 13 9 0 14 10 2 14 13 3 14 9 5 14 10 0 15 10 2 15 9 3 15 14 5 15 10 0 16 10 2 16 9 3 16 9 5 16 11 0 17 7 2 17 10 3 17 12 5 17 11 0 18 9 2 18 11 3 18 12 5 18 13 0 19 12 2 19 11 3 19 12 5 19 9
88 313 2 2 1 5 17 13 6 17 12
89 314 1 1 1 9 14 11
90 319 1 1 1 5 14 12
91 325 8 4 4 9 11 11 0 12 8 3 12 13 0 14 9 4 14 6 9 14 9 3 15 12 4 15 15
92 334 60 6 10 0 10 13 1 10 10 4 10 9 5 10 13 6 10 11 9 10 10 0 11 14 1 11 9 4 11 9 5 11 9 6 11 11 9 11 8 0 12 12 1 12 13 4 12 12 5 12 7 6 12 9 9 12 11 0 13 9 1 13 13 4 13 13 5 13 8 6 13 12 9 13 15 0 14 11 1 14 10 4 14 9 5 14 9 6 14 5 9 14 17 0 15 13 1 15 10 4 15 14 5 15 12 6 15 10 9 15 12 0 16 8 1 16 14 4 16 9 5 16 10 6 16 11 9 16 10 0 17 7 1 17 10 4 17 10 5 17 11 6 17 10 9 17 12 0 18 14 1 18 8 4 18 9 5 18 13 6 18 8 9 18 7 0 19 7 1 19 8 4 19 12 5 19 11 6 19 11 9 19 9
93 337 60 6 10 0 10 16 1 10 4 3 10 10 5 10 8 8 10 8 9 10 9 0 11 13 1 11 9 3 11 12 5 11 10 8 11 12 9 11 11 0 12 10 1 12 12 3 12 10 5 12 9 8 12 13 9 12 10 0 13 12 1 13 10 3 13 11 5 13 14 8 13 9 9 13 12 0 14 10 1 14 12 3 14 12 5 14 7 8 14 7 9 14 12 0 15 12 1 15 11 3 15 11 5 15 10 8 15 9 9 15 11 0 16 11 1 16 10 3 16 10 5 16 8 8 16 9 9 16 10 0 17 12 1 17 11 3 17 12 5 17 10 8 17 6 9 17 9 0 18 10 1 18 12 3 18 12 5 18 8 8 18 10 9 18 15 0 19 9 1 19 11 3 19 15 5 19 16 8 19 11 9 19 11
94 342 3 3 2 7 16 12 8 17 10 9 17 8
95 343 40 4 10 3 10 12 4 10 10 5 10 9 7 10 8 3 11 10 4 11 12 5 11 12 7 11 10 3 12 15 4 12 9 5 12 8 7 12 12 3 13 12 4 13 13 5 13 14 7 13 15 3 14 12 4 14 11 5 14 10 7 14 9 3 15 12 4 15 11 5 15 11 7 15 8 3 16 14 4 16 8 5 16 12 7 16 11 3 17 10 4 17 7 5 17 11 7 17 9 3 18 11 4 18 10 5 18 14 7 18 8 3 19 12 4 19 11 5 19 11 7 19 9
96 344 8 4 3 2 14 7 2 18 7 3 18 10 4 18 8 7 18 10 3 19 7 4 19 11 7 19 9
97 354 3 3 1 1 17 12 2 17 10 3 17 11
98 356 4 2 2 0 14 13 1 14 7 0 18 14 1 18 11
99 359 6 6 2 2 15 13 4 15 9 1 17 10 5 17 11 8 17 12 9 17 7
