20 100
0 0 6 3 3 5 15 10 3 18 14 4 18 10 5 18 8 3 19 10 4 19 10
1 2 4 4 1 1 19 7 2 19 6 7 19 12 8 19 9
2 4 40 4 10 1 10 9 2 10 9 4 10 8 9 10 10 1 11 11 2 11 10 4 11 11 9 11 11 1 12 13 2 12 9 4 12 8 9 12 11 1 13 15 2 13 14 4 13 9 9 13 11 1 14 9 2 14 7 4 14 10 9 14 13 1 15 12 2 15 12 4 15 11 9 15 12 1 16 10 2 16 7 4 16 7 9 16 11 1 17 10 2 17 13 4 17 7 9 17 13 1 18 9 2 18 8 4 18 11 9 18 7 1 19 9 2 19 6 4 19 12 9 19 12
3 8 12 3 6 8 11 7 8 13 15 9 13 11 4 15 8 4 16 12 9 16 11 4 18 13 8 18 12 9 18 8 4 19 14 8 19 11 9 19 9
4 10 1 1 1 7 18 13
5 11 30 3 10 0 10 8 3 10 11 4 10 9 0 11 7 3 11 9 4 11 13 0 12 16 3 12 12 4 12 9 0 13 11 3 13 9 4 13 10 0 14 8 3 14 12 4 14 10 0 15 10 3 15 9 4 15 9 0 16 7 3 16 10 4 16 12 0 17 10 3 17 10 4 17 14 0 18 11 3 18 12 4 18 8 0 19 8 3 19 9 4 19 10
6 13 5 5 2 4 15 10 8 15 12 9 15 13 2 18 11 6 18 7
7 14 2 2 1 5 14 6 9 14 11
8 17 18 6 6 2 10 9 7 10 12 9 10 8 6 11 15 0 12 13 1 12 12 6 12 11 7 12 8 9 12 7 0 13 11 1 13 11 2 13 12 0 14 12 1 17 14 2 17 11 6 17 7 7 17 4 9 17 9
9 20 50 5 10 1 10 8 2 10 11 7 10 14 8 10 9 9 10 12 1 11 10 2 11 10 7 11 11 8 11 10 9 11 10 1 12 16 2 12 11 7 12 8 8 12 10 9 12 8 1 13 9 2 13 11 7 13 11 8 13 11 9 13 9 1 14 9 2 14 14 7 14 15 8 14 12 9 14 11 1 15 9 2 15 15 7 15 10 8 15 9 9 15 10 1 16 14 2 16 13 7 16 11 8 16 11 9 16 14 1 17 14 2 17 5 7 17 12 8 17 16 9 17 7 1 18 14 2 18 12 7 18 9 8 18 9 9 18 9 1 19 9 2 19 9 7 19 10 8 19 14 9 19 7
10 24 60 6 10 0 10 13 1 10 8 2 10 11 6 10 8 8 10 10 9 10 9 0 11 8 1 11 11 2 11 11 6 11 14 8 11 10 9 11 11 0 12 13 1 12 10 2 12 12 6 12 9 8 12 12 9 12 11 0 13 13 1 13 10 2 13 14 6 13 12 8 13 10 9 13 10 0 14 11 1 14 13 2 14 10 6 14 8 8 14 11 9 14 11 0 15 9 1 15 11 2 15 11 6 15 13 8 15 12 9 15 10 0 16 11 1 16 12 2 16 13 6 16 11 8 16 11 9 16 11 0 17 14 1 17 11 2 17 10 6 17 12 8 17 12 9 17 10 0 18 13 1 18 7 2 18 9 6 18 12 8 18 12 9 18 10 0 19 11 1 19 9 2 19 7 6 19 11 8 19 10 9 19 6
11 27 3 3 2 4 18 12 5 18 10 0 19 11
12 28 3 3 1 4 13 9 6 13 8 8 13 13
13 42 18 6 5 1 14 13 2 14 9 7 14 9 4 15 14 6 15 13 7 15 10 8 15 12 1 16 12 2 16 11 6 16 13 7 16 11 8 16 10 4 17 7 8 17 11 1 18 9 2 18 8 4 18 10 6 18 11
14 43 2 2 1 8 11 13 9 11 12
15 45 30 3 10 1 10 9 2 10 14 8 10 10 1 11 11 2 11 9 8 11 9 1 12 11 2 12 10 8 12 9 1 13 7 2 13 8 8 13 12 1 14 11 2 14 9 8 14 9 1 15 9 2 15 10 8 15 8 1 16 8 2 16 10 8 16 11 1 17 8 2 17 9 8 17 13 1 18 16 2 18 12 8 18 9 1 19 10 2 19 6 8 19 9
16 46 12 6 4 0 12 6 3 12 12 4 12 9 7 12 10 8 12 8 7 13 10 8 13 12 0 14 15 2 14 12 4 14 14 2 18 12 3 18 12
17 47 12 6 3 0 10 13 5 10 11 6 10 11 8 10 11 1 13 10 3 13 7 5 13 12 6 13 13 8 13 11 0 19 12 1 19 11 3 19 11
18 52 6 6 1 0 12 12 1 12 11 3 12 13 6 12 10 7 12 5 9 12 11
19 57 2 2 1 1 17 7 3 17 8
20 59 12 4 5 5 11 11 7 12 11 8 12 7 3 15 12 8 15 10 3 18 10 5 18 13 7 18 11 8 18 9 3 19 9 5 19 11 7 19 9
21 67 12 6 5 7 11 11 9 11 14 5 16 12 0 17 5 1 17 13 6 17 8 9 17 11 0 18 13 5 18 10 6 18 14 1 19 7 7 19 8
22 68 1 1 1 1 10 14
23 71 10 1 10 2 10 8 2 11 12 2 12 10 2 13 11 2 14 10 2 15 8 2 16 12 2 17 10 2 18 12 2 19 12
24 80 1 1 1 5 11 12
25 86 2 2 1 3 13 10 8 13 12
26 89 2 2 1 3 13 12 6 13 13
27 90 12 6 4 0 11 10 7 11 11 3 14 12 5 14 10 6 14 11 9 14 10 3 15 7 5 15 12 6 15 14 7 15 9 9 15 9 0 18 11
28 91 3 3 1 0 12 8 3 12 11 6 12 10
29 95 6 3 3 0 13 10 5 13 13 7 13 8 7 15 11 0 18 11 5 18 11
30 101 6 3 3 1 10 11 8 10 8 4 11 12 8 11 12 1 14 10 4 14 13
31 107 60 6 10 3 10 12 4 10 11 6 10 10 7 10 8 8 10 5 9 10 13 3 11 12 4 11 10 6 11 9 7 11 11 8 11 12 9 11 14 3 12 12 4 12 8 6 12 11 7 12 11 8 12 12 9 12 10 3 13 7 4 13 11 6 13 8 7 13 11 8 13 8 9 13 12 3 14 10 4 14 9 6 14 10 7 14 11 8 14 9 9 14 14 3 15 10 4 15 13 6 15 11 7 15 8 8 15 8 9 15 9 3 16 6 4 16 10 6 16 12 7 16 12 8 16 12 9 16 11 3 17 13 4 17 10 6 17 10 7 17 9 8 17 8 9 17 12 3 18 12 4 18 13 6 18 13 7 18 13 8 18 14 9 18 8 3 19 12 4 19 11 6 19 11 7 19 11 8 19 11 9 19 11
32 114 2 2 2 1 16 11 2 19 8
33 120 12 4 5 9 12 9 2 14 7 4 14 10 4 15 10 5 15 11 9 15 10 2 16 11 4 16 15 5 16 12 9 16 12 2 19 12 5 19 10
34 125 2 2 1 4 19 9 6 19 11
35 127 4 4 2 7 14 6 0 18 11 5 18 10 9 18 8
36 132 24 6 6 0 11 13 1 11 7 7 11 13 8 11 16 0 12 13 1 12 12 3 12 12 9 12 12 3 13 9 7 13 11 9 13 10 0 14 8 1 14 14 3 14 10 7 14 13 8 14 14 9 14 12 0 17 7 7 17 11 8 17 12 9 17 9 1 18 7 3 18 13 8 18 10
37 135 10 1 10 6 10 9 6 11 9 6 12 8 6 13 13 6 14 11 6 15 10 6 16 12 6 17 11 6 18 11 6 19 8
38 137 1 1 1 7 13 11
39 140 2 2 1 0 14 10 4 14 10
40 146 2 2 2 6 10 9 1 14 13
41 149 2 2 1 5 16 13 8 16 11
42 155 60 6 10 0 10 10 2 10 7 5 10 7 6 10 11 7 10 12 8 10 10 0 11 8 2 11 6 5 11 9 6 11 7 7 11 15 8 11 10 0 12 14 2 12 10 5 12 8 6 12 14 7 12 13 8 12 11 0 13 11 2 13 11 5 13 10 6 13 13 7 13 10 8 13 11 0 14 11 2 14 9 5 14 12 6 14 9 7 14 13 8 14 13 0 15 10 2 15 14 5 15 9 6 15 10 7 15 11 8 15 10 0 16 11 2 16 12 5 16 9 6 16 10 7 16 9 8 16 13 0 17 11 2 17 12 5 17 13 6 17 14 7 17 14 8 17 11 0 18 7 2 18 11 5 18 5 6 18 11 7 18 6 8 18 11 0 19 10 2 19 11 5 19 8 6 19 11 7 19 10 8 19 10
43 156 3 3 1 4 19 10 5 19 8 8 19 10
44 159 1 1 1 1 12 8
45 160 2 2 2 6 10 13 4 12 14
46 161 1 1 1 6 16 11
47 163 1 1 1 8 11 10
48 166 1 1 1 8 12 11
49 167 18 6 5 0 10 11 2 10 9 4 10 10 8 10 11 9 10 11 0 11 9 2 11 9 2 13 13 4 13 13 5 13 9 8 13 11 4 16 14 5 16 12 9 16 12 0 17 11 5 17 11 8 17 9 9 17 8
50 169 6 6 2 5 15 11 7 15 11 4 17 10 6 17 8 8 17 11 9 17 10
51 170 3 3 1 3 15 13 5 15 10 7 15 11
52 176 2 2 1 6 15 12 9 15 10
53 177 12 6 4 5 12 10 0 14 12 2 14 11 9 14 10 0 16 10 1 16 9 2 16 9 7 16 12 1 17 16 5 17 11 7 17 15 9 17 16
54 184 1 1 1 1 16 9
55 188 4 4 3 2 12 14 7 12 7 5 14 14 9 15 13
56 189 1 1 1 2 18 10
57 193 6 6 3 1 12 10 4 12 8 7 12 9 9 12 11 6 15 12 5 17 10
58 198 24 6 7 8 10 12 9 10 8 1 11 9 2 11 10 4 11 12 3 13 10 4 13 11 9 13 7 1 14 10 2 14 9 3 14 10 8 14 9 2 15 10 3 15 5 4 15 11 8 15 7 9 15 8 1 16 6 3 16 9 4 16 13 9 16 11 1 17 13 2 17 11 8 17 11
59 204 2 2 1 2 15 12 4 15 11
60 206 6 6 2 3 12 9 6 12 6 0 16 10 2 16 13 4 16 11 7 16 9
61 208 2 2 1 0 11 11 8 11 11
62 219 2 2 1 1 14 12 9 14 14
63 225 12 6 3 1 10 11 4 10 12 5 10 10 7 10 9 9 10 10 2 14 9 4 14 8 9 14 13 1 16 12 2 16 11 5 16 10 7 16 9
64 229 6 6 3 0 13 12 2 13 12 9 13 12 4 15 11 3 17 9 6 17 10
65 231 2 2 1 6 13 10 9 13 9
66 232 4 4 1 1 14 12 4 14 12 7 14 11 9 14 8
67 235 30 3 10 4 10 7 6 10 11 9 10 9 4 11 7 6 11 12 9 11 10 4 12 7 6 12 12 9 12 12 4 13 9 6 13 6 9 13 9 4 14 11 6 14 9 9 14 12 4 15 12 6 15 8 9 15 11 4 16 12 6 16 12 9 16 10 4 17 11 6 17 11 9 17 10 4 18 13 6 18 16 9 18 9 4 19 7 6 19 8 9 19 13
68 236 6 6 1 1 12 12 2 12 12 4 12 13 6 12 8 7 12 14 9 12 14
69 238 10 1 10 8 10 14 8 11 7 8 12 8 8 13 8 8 14 4 8 15 12 8 16 11 8 17 11 8 18 10 8 19 10
70 245 12 6 4 1 10 9 6 10 8 0 12 10 3 12 11 8 12 11 6 15 10 9 15 6 0 19 11 1 19 15 3 19 10 8 19 13 9 19 10
71 247 24 6 8 2 10 12 5 10 5 6 10 10 8 10 11 6 11 12 8 11 10 5 12 9 2 14 10 4 14 7 5 14 6 6 14 12 3 16 12 4 16 12 5 16 11 8 16 9 3 17 9 6 17 10 2 18 8 3 18 9 4 18 9 2 19 12 3 19 9 4 19 13 8 19 11
72 253 18 6 6 0 10 11 4 10 12 5 10 13 6 10 10 7 10 13 0 11 10 5 11 12 7 11 12 0 13 7 4 13 11 5 13 12 6 13 12 7 13 8 8 13 12 8 14 8 6 17 11 8 17 11 4 19 9
73 257 12 6 3 1 11 11 2 11 12 5 12 12 6 12 14 8 12 12 9 12 12 1 17 11 2 17 7 5 17 11 6 17 10 8 17 12 9 17 10
74 258 12 6 4 1 14 11 2 14 11 3 14 7 8 14 8 0 16 10 3 16 12 0 17 11 6 17 9 8 17 8 1 18 12 2 18 12 6 18 9
75 264 20 2 10 0 10 10 2 10 15 0 11 8 2 11 11 0 12 10 2 12 10 0 13 11 2 13 10 0 14 8 2 14 9 0 15 12 2 15 10 0 16 15 2 16 11 0 17 9 2 17 9 0 18 11 2 18 11 0 19 11 2 19 9
76 270 18 6 5 2 12 9 3 12 6 5 12 8 6 12 13 9 12 8 3 13 8 8 13 12 9 13 10 5 14 13 8 14 13 2 15 8 6 15 12 9 15 11 2 18 12 3 18 9 5 18 10 6 18 9 8 18 10
77 275 7 1 7 2 10 12 2 11 11 2 12 10 2 13 10 2 14 12 2 17 9 2 18 11
78 276 6 6 2 1 10 12 4 10 13 2 18 11 5 18 10 8 18 9 9 18 11
79 277 2 2 1 6 12 10 7 12 11
80 282 6 6 1 1 14 10 2 14 11 3 14 14 4 14 12 8 14 13 9 14 9
81 288 3 3 1 1 11 12 3 11 8 5 11 9
82 291 5 5 2 6 14 9 3 16 11 5 16 9 7 16 11 9 16 13
83 298 2 2 1 1 13 9 6 13 12
84 299 12 6 3 2 11 8 3 11 11 5 11 7 6 11 10 9 11 12 2 13 10 5 13 12 6 13 13 8 13 11 9 13 10 3 18 15 8 18 15
85 305 2 2 1 1 10 9 7 10 8
86 306 6 6 1 1 16 14 2 16 10 4 16 10 7 16 11 8 16 9 9 16 11
87 312 1 1 1 2 12 13
88 313 4 4 1 0 18 13 3 18 8 5 18 11 7 18 10
89 314 60 6 10 0 10 10 2 10 12 3 10 8 4 10 10 5 10 11 8 10 6 0 11 15 2 11 10 3 11 11 4 11 11 5 11 12 8 11 11 0 12 11 2 12 13 3 12 10 4 12 12 5 12 11 8 12 8 0 13 12 2 13 11 3 13 13 4 13 11 5 13 13 8 13 10 0 14 11 2 14 13 3 14 9 4 14 13 5 14 9 8 14 12 0 15 6 2 15 9 3 15 12 4 15 8 5 15 12 8 15 9 0 16 11 2 16 13 3 16 9 4 16 11 5 16 7 8 16 10 0 17 12 2 17 12 3 17 9 4 17 13 5 17 7 8 17 9 0 18 11 2 18 10 3 18 10 4 18 12 5 18 11 8 18 11 0 19 13 2 19 11 3 19 9 4 19 10 5 19 12 8 19 11
90 319 4 4 2 0 10 7 5 10 11 1 18 10 2 18 12
91 325 1 1 1 0 11 12
92 334 3 3 2 1 12 10 8 12 10 5 16 8
93 337 18 6 6 6 10 13 9 10 8 0 13 11 7 13 9 0 14 11 2 14 10 3 14 12 6 14 11 2 16 10 3 16 8 9 16 13 3 18 10 7 18 8 9 18 8 0 19 11 2 19 7 6 19 11 7 19 9
94 342 3 3 1 0 17 7 1 17 17 3 17 9
95 343 2 2 1 6 19 11 8 19 12
96 344 6 6 1 0 15 9 1 15 8 2 15 15 5 15 8 6 15 11 8 15 11
97 354 18 6 5 0 12 9 2 12 11 4 12 12 6 12 9 9 12 13 0 13 11 1 13 9 2 13 13 9 13 9 0 14 10 1 15 12 4 15 11 6 15 10 9 15 11 1 17 11 2 17 12 4 17 9 6 17 8
98 356 3 3 1 0 19 11 7 19 9 9 19 12
99 359 12 4 5 1 10 11 2 10 10 5 10 9 8 10 11 1 11 10 2 11 8 5 11 11 8 15 11 1 16 10 5 16 10 8 16 7 2 18 11
