20 100
0 0 6 6 3 2 13 9 1 17 10 5 17 11 8 17 9 0 19 9 6 19 11
1 2 2 2 1 0 19 10 8 19 14
2 4 1 1 1 5 19 14
3 8 1 1 1 4 17 11
4 10 2 2 1 5 12 12 9 12 9
5 11 1 1 1 8 13 9
6 13 60 6 10 0 10 12 1 10 11 2 10 11 3 10 10 4 10 11 7 10 11 0 11 7 1 11 10 2 11 8 3 11 10 4 11 15 7 11 11 0 12 10 1 12 13 2 12 9 3 12 13 4 12 11 7 12 8 0 13 9 1 13 10 2 13 10 3 13 8 4 13 15 7 13 9 0 14 10 1 14 13 2 14 12 3 14 13 4 14 11 7 14 10 0 15 11 1 15 12 2 15 7 3 15 12 4 15 14 7 15 12 0 16 10 1 16 9 2 16 9 3 16 11 4 16 11 7 16 9 0 17 12 1 17 8 2 17 14 3 17 11 4 17 10 7 17 12 0 18 9 1 18 10 2 18 9 3 18 8 4 18 12 7 18 11 0 19 9 1 19 9 2 19 12 3 19 7 4 19 11 7 19 11
7 14 10 1 10 3 10 12 3 11 9 3 12 13 3 13 12 3 14 12 3 15 9 3 16 13 3 17 9 3 18 13 3 19 14
8 17 6 6 1 0 19 10 2 19 10 5 19 12 7 19 12 8 19 8 9 19 15
9 20 2 2 1 2 14 9 6 14 9
10 24 10 1 10 7 10 8 7 11 12 7 12 14 7 13 7 7 14 11 7 15 7 7 16 10 7 17 9 7 18 12 7 19 8
11 27 2 2 2 8 18 11 6 19 9
12 28 3 3 1 0 10 13 6 10 8 9 10 13
13 42 40 4 10 3 10 9 4 10 13 5 10 13 9 10 13 3 11 12 4 11 6 5 11 10 9 11 9 3 12 10 4 12 12 5 12 9 9 12 14 3 13 10 4 13 11 5 13 10 9 13 10 3 14 11 4 14 8 5 14 12 9 14 16 3 15 10 4 15 10 5 15 12 9 15 9 3 16 10 4 16 9 5 16 14 9 16 11 3 17 12 4 17 9 5 17 12 9 17 10 3 18 15 4 18 13 5 18 10 9 18 9 3 19 10 4 19 13 5 19 11 9 19 10
14 43 6 6 2 1 13 7 3 13 11 7 13 12 2 16 13 5 16 14 6 16 13
15 45 6 3 3 0 11 10 1 11 10 0 15 9 1 15 10 9 15 13 9 17 13
16 46 2 2 1 3 18 11 4 18 10
17 47 20 2 10 1 10 13 7 10 10 1 11 10 7 11 9 1 12 12 7 12 9 1 13 10 7 13 7 1 14 15 7 14 10 1 15 10 7 15 12 1 16 15 7 16 12 1 17 10 7 17 11 1 18 11 7 18 10 1 19 14 7 19 13
18 52 2 2 1 1 14 18 5 14 10
19 57 18 6 6 9 10 13 2 13 11 6 13 11 7 13 11 9 15 9 2 16 11 5 16 7 6 16 12 7 16 8 8 16 12 9 16 9 5 17 11 8 17 11 2 18 12 5 18 11 6 18 11 7 18 11 8 18 9
20 59 6 6 2 1 11 8 7 11 10 9 11 10 3 19 12 4 19 12 5 19 10
21 67 1 1 1 7 16 11
22 68 2 2 1 0 14 12 7 14 11
23 71 4 4 2 1 13 14 2 13 10 8 13 10 5 18 12
24 80 6 3 3 0 12 8 1 12 13 7 12 13 1 13 9 7 13 10 0 16 11
25 86 20 2 10 2 10 12 7 10 11 2 11 12 7 11 11 2 12 11 7 12 11 2 13 9 7 13 10 2 14 13 7 14 12 2 15 11 7 15 10 2 16 10 7 16 11 2 17 11 7 17 10 2 18 14 7 18 10 2 19 13 7 19 11
26 89 5 5 1 2 19 8 5 19 8 6 19 12 7 19 10 8 19 8
27 90 2 2 1 0 10 9 6 10 14
28 91 5 5 1 2 13 9 3 13 13 4 13 10 5 13 12 8 13 13
29 95 18 6 5 0 11 8 1 11 8 2 11 10 6 11 11 0 14 9 4 14 11 6 14 9 1 15 11 8 15 11 2 17 13 4 17 11 6 17 11 8 17 11 0 19 11 1 19 11 2 19 10 4 19 13 8 19 11
30 101 6 6 2 1 18 11 2 18 9 5 18 10 3 19 11 4 19 7 8 19 10
31 107 2 2 1 0 18 11 4 18 11
32 114 6 6 1 0 14 10 2 14 12 4 14 17 5 14 9 6 14 11 7 14 11
33 120 30 3 10 6 10 11 7 10 7 8 10 11 6 11 12 7 11 14 8 11 8 6 12 7 7 12 9 8 12 9 6 13 13 7 13 9 8 13 14 6 14 11 7 14 14 8 14 12 6 15 10 7 15 13 8 15 7 6 16 12 7 16 7 8 16 12 6 17 8 7 17 9 8 17 14 6 18 14 7 18 13 8 18 12 6 19 11 7 19 9 8 19 10
34 125 2 2 2 6 14 8 3 15 12
35 127 6 6 1 1 11 11 3 11 6 4 11 12 6 11 8 8 11 10 9 11 10
36 132 2 2 1 2 14 9 3 14 10
37 135 1 1 1 2 10 14
38 137 20 2 10 0 10 14 8 10 9 0 11 9 8 11 10 0 12 11 8 12 11 0 13 10 8 13 11 0 14 7 8 14 12 0 15 9 8 15 11 0 16 10 8 16 10 0 17 13 8 17 9 0 18 10 8 18 10 0 19 10 8 19 10
39 140 6 3 3 5 10 14 6 10 11 1 13 8 6 13 11 1 18 12 5 18 9
40 146 3 3 1 2 18 9 3 18 11 4 18 12
41 149 2 2 1 5 17 10 6 17 11
42 155 40 4 10 3 10 12 5 10 11 8 10 6 9 10 12 3 11 12 5 11 14 8 11 11 9 11 10 3 12 12 5 12 10 8 12 13 9 12 10 3 13 8 5 13 10 8 13 10 9 13 8 3 14 12 5 14 14 8 14 8 9 14 11 3 15 11 5 15 8 8 15 9 9 15 8 3 16 7 5 16 13 8 16 10 9 16 10 3 17 10 5 17 8 8 17 12 9 17 12 3 18 7 5 18 9 8 18 13 9 18 11 3 19 10 5 19 11 8 19 14 9 19 13
43 156 6 3 3 2 14 11 4 14 10 2 17 10 5 17 11 4 18 13 5 18 10
44 159 2 2 2 9 10 11 2 15 15
45 160 12 6 3 5 11 10 8 11 7 9 11 10 1 13 11 3 13 11 4 13 14 8 13 13 1 16 9 3 16 8 4 16 8 5 16 13 9 16 10
46 161 10 5 3 2 11 13 3 11 11 1 15 8 5 15 11 7 15 9 1 18 12 2 18 8 3 18 11 5 18 11 7 18 9
47 163 24 6 8 1 10 10 2 10 10 4 10 10 9 10 10 1 11 11 2 11 11 3 12 8 7 12 12 3 13 7 4 13 13 7 13 13 1 15 9 3 15 11 9 15 8 1 16 8 2 16 14 4 16 10 7 16 15 9 16 15 2 17 11 4 17 11 7 17 9 9 17 12 3 18 11
48 166 20 2 10 0 10 9 8 10 13 0 11 11 8 11 11 0 12 6 8 12 12 0 13 14 8 13 12 0 14 13 8 14 12 0 15 12 8 15 8 0 16 13 8 16 9 0 17 9 8 17 11 0 18 12 8 18 11 0 19 12 8 19 8
49 167 5 5 1 2 17 8 3 17 10 4 17 8 6 17 8 9 17 12
50 169 6 6 2 2 12 7 5 12 10 3 17 13 6 17 8 7 17 11 8 17 13
51 170 30 3 10 3 10 8 4 10 14 6 10 7 3 11 13 4 11 7 6 11 12 3 12 10 4 12 11 6 12 13 3 13 12 4 13 8 6 13 9 3 14 8 4 14 12 6 14 13 3 15 12 4 15 11 6 15 9 3 16 11 4 16 8 6 16 13 3 17 12 4 17 10 6 17 12 3 18 10 4 18 11 6 18 9 3 19 9 4 19 11 6 19 10
52 176 60 6 10 1 10 10 3 10 13 4 10 9 5 10 11 6 10 11 8 10 11 1 11 10 3 11 9 4 11 9 5 11 10 6 11 10 8 11 11 1 12 5 3 12 5 4 12 9 5 12 11 6 12 13 8 12 10 1 13 14 3 13 10 4 13 12 5 13 9 6 13 10 8 13 14 1 14 11 3 14 6 4 14 10 5 14 11 6 14 11 8 14 11 1 15 13 3 15 10 4 15 7 5 15 8 6 15 9 8 15 13 1 16 10 3 16 12 4 16 8 5 16 10 6 16 12 8 16 8 1 17 14 3 17 10 4 17 8 5 17 11 6 17 11 8 17 10 1 18 13 3 18 14 4 18 9 5 18 13 6 18 9 8 18 12 1 19 10 3 19 12 4 19 11 5 19 10 6 19 11 8 19 13
53 177 2 2 1 3 14 11 7 14 9
54 184 2 2 2 6 15 8 9 19 6
55 188 2 2 2 3 13 11 1 19 9
56 189 24 6 7 1 10 9 3 10 10 0 11 10 1 11 9 2 11 12 3 11 12 8 11 10 9 11 8 0 13 11 3 13 11 9 13 9 2 14 11 8 14 7 9 14 8 0 16 14 1 16 9 3 16 11 8 16 11 9 16 7 2 18 8 0 19 7 1 19 10 2 19 12 8 19 14
57 193 2 2 1 0 14 6 4 14 9
58 198 18 6 6 0 10 10 3 10 9 4 10 11 5 10 9 7 10 8 0 12 13 3 12 11 9 12 8 5 13 13 4 15 8 7 15 9 0 17 9 3 17 12 4 17 12 7 17 13 9 17 14 5 19 11 9 19 9
59 204 3 3 2 4 11 9 9 11 11 5 18 13
60 206 60 6 10 2 10 11 3 10 8 5 10 11 6 10 11 7 10 11 9 10 12 2 11 11 3 11 13 5 11 13 6 11 8 7 11 11 9 11 12 2 12 10 3 12 11 5 12 11 6 12 7 7 12 13 9 12 8 2 13 11 3 13 8 5 13 15 6 13 15 7 13 9 9 13 12 2 14 8 3 14 9 5 14 8 6 14 8 7 14 13 9 14 13 2 15 9 3 15 11 5 15 9 6 15 9 7 15 8 9 15 12 2 16 9 3 16 9 5 16 7 6 16 12 7 16 10 9 16 10 2 17 11 3 17 11 5 17 12 6 17 11 7 17 11 9 17 9 2 18 13 3 18 7 5 18 9 6 18 9 7 18 11 9 18 9 2 19 7 3 19 11 5 19 15 6 19 13 7 19 10 9 19 10
61 208 18 6 5 0 10 14 5 10 9 6 10 9 9 10 10 3 11 11 7 11 11 9 11 12 0 13 11 5 13 12 6 13 9 7 13 8 0 15 11 3 15 10 5 15 11 7 15 11 9 15 9 3 16 5 6 16 11
62 219 24 6 8 2 10 10 5 10 11 6 10 10 9 10 8 2 11 13 5 11 12 6 11 8 7 11 11 9 11 9 5 12 11 6 12 9 4 13 11 7 13 11 9 13 10 2 14 10 5 14 11 6 14 8 2 15 14 4 15 11 7 15 8 4 16 11 7 16 9 4 19 9 9 19 10
63 225 6 3 3 3 12 10 7 12 9 7 16 11 9 16 7 3 19 13 9 19 9
64 229 3 3 1 0 14 13 3 14 12 5 14 12
65 231 40 4 10 2 10 9 6 10 8 8 10 10 9 10 10 2 11 11 6 11 8 8 11 9 9 11 13 2 12 9 6 12 8 8 12 8 9 12 12 2 13 5 6 13 10 8 13 11 9 13 8 2 14 6 6 14 11 8 14 11 9 14 9 2 15 12 6 15 11 8 15 10 9 15 6 2 16 7 6 16 11 8 16 8 9 16 11 2 17 9 6 17 11 8 17 11 9 17 7 2 18 8 6 18 9 8 18 11 9 18 9 2 19 11 6 19 13 8 19 8 9 19 12
66 232 2 2 1 2 16 10 5 16 9
67 235 18 6 6 3 13 16 8 13 16 1 14 10 2 14 12 1 15 11 6 15 9 7 15 14 2 16 13 7 16 11 8 16 7 3 17 10 6 17 12 8 17 11 1 19 8 2 19 9 3 19 13 6 19 12 7 19 10
68 236 6 6 1 0 19 10 2 19 11 3 19 11 4 19 12 5 19 16 8 19 11
69 238 2 2 1 5 17 11 8 17 9
70 245 2 2 1 0 16 12 1 16 15
71 247 6 6 1 0 16 12 1 16 11 3 16 10 4 16 13 5 16 6 7 16 10
72 253 2 2 1 1 15 12 6 15 8
73 257 2 2 1 2 12 12 9 12 13
74 258 12 6 4 1 11 13 2 11 8 4 11 6 6 11 13 8 12 13 9 12 11 1 14 9 4 14 11 6 14 12 8 14 9 2 19 7 9 19 7
75 264 3 3 2 1 11 11 5 11 13 3 13 12
76 270 15 5 5 0 10 14 3 10 10 7 10 14 6 11 10 7 11 14 0 14 13 3 14 11 5 14 7 6 14 12 7 14 11 0 15 10 5 15 7 6 15 11 3 16 11 5 16 8
77 275 6 6 1 1 18 9 2 18 12 4 18 11 6 18 9 7 18 10 8 18 12
78 276 18 6 5 3 12 11 4 12 12 6 12 11 8 12 10 9 12 7 3 13 12 5 13 10 6 13 9 9 13 8 3 15 9 4 15 11 5 15 11 8 15 10 5 16 12 6 16 13 8 16 10 9 16 9 4 17 12
79 277 6 6 1 0 17 13 1 17 12 2 17 13 5 17 9 7 17 12 9 17 11
80 282 20 4 9 0 10 11 1 10 9 1 11 13 2 11 8 6 12 10 0 14 8 1 14 12 6 14 8 0 15 11 2 15 9 1 16 11 6 16 10 0 17 11 1 17 10 2 17 11 0 18 8 2 18 10 6 18 14 2 19 11 6 19 11
81 288 6 6 2 0 16 11 1 16 8 5 16 9 2 17 7 7 17 11 8 17 14
82 291 18 6 6 4 11 8 5 11 13 8 11 11 3 13 7 4 13 11 6 13 7 9 13 15 5 14 11 6 14 10 8 14 7 3 16 13 5 16 13 3 17 8 4 17 13 8 17 10 9 17 8 6 19 12 9 19 10
83 298 24 6 7 2 10 11 4 10 10 6 10 13 7 10 9 0 11 11 2 11 8 4 11 10 6 11 12 0 12 12 2 12 13 3 12 13 6 12 10 7 12 14 0 13 12 3 13 8 7 13 12 3 16 13 4 16 12 7 16 9 0 18 12 3 18 9 4 18 7 6 18 13 2 19 11
84 299 6 6 1 2 14 13 3 14 10 4 14 12 7 14 8 8 14 11 9 14 9
85 305 6 6 2 1 10 11 3 10 9 4 10 12 9 10 7 6 12 9 7 12 10
86 306 6 6 3 1 12 11 0 13 10 6 13 14 7 13 8 2 17 12 9 17 12
87 312 2 2 1 2 17 11 8 17 8
88 313 18 6 5 0 10 9 1 10 12 2 10 14 8 10 7 1 13 13 7 13 8 8 13 9 9 13 12 0 14 8 1 14 10 2 14 9 0 17 14 7 17 11 8 17 10 9 17 9 2 19 7 7 19 13 9 19 14
89 314 36 6 10 2 10 11 9 10 11 0 11 9 2 11 13 7 11 10 8 11 13 9 11 9 0 12 13 8 12 10 0 13 15 2 13 8 5 13 10 7 13 13 8 13 9 0 14 9 2 14 9 5 14 13 9 14 10 0 15 12 9 15 11 2 16 10 5 16 13 7 16 14 8 16 10 9 16 7 2 17 8 5 17 15 7 17 10 8 17 12 5 18 10 7 18 10 8 18 9 9 18 12 0 19 12 5 19 12 7 19 9
90 319 20 2 10 0 10 11 8 10 10 0 11 12 8 11 7 0 12 9 8 12 10 0 13 13 8 13 11 0 14 8 8 14 8 0 15 9 8 15 12 0 16 11 8 16 11 0 17 8 8 17 13 0 18 10 8 18 10 0 19 7 8 19 14
91 325 3 3 1 4 15 8 5 15 10 7 15 13
92 334 6 6 1 0 17 9 1 17 15 5 17 8 6 17 11 8 17 11 9 17 10
93 337 1 1 1 5 15 7
94 342 6 6 1 0 19 9 1 19 8 2 19 11 4 19 12 5 19 7 6 19 11
95 343 2 2 1 1 10 9 6 10 10
96 344 6 6 1 1 10 12 2 10 8 3 10 13 4 10 10 5 10 13 9 10 10
97 354 1 1 1 4 10 12
98 356 8 4 4 0 10 8 7 10 11 0 11 14 9 11 12 6 15 14 9 15 12 6 19 12 7 19 8
99 359 18 6 4 0 11 10 4 11 10 7 11 8 8 11 8 9 11 10 3 13 7 4 13 12 7 13 12 8 13 11 9 13 9 0 16 10 3 16 12 7 16 12 8 16 10 0 17 11 3 17 9 4 17 9 9 17 10
