20 100
0 0 3 3 1 2 14 11 5 14 11 6 14 12
1 2 60 6 10 2 10 10 3 10 12 4 10 16 5 10 7 7 10 10 9 10 8 2 11 14 3 11 9 4 11 9 5 11 12 7 11 11 9 11 8 2 12 9 3 12 13 4 12 12 5 12 10 7 12 11 9 12 10 2 13 11 3 13 13 4 13 11 5 13 10 7 13 10 9 13 14 2 14 8 3 14 8 4 14 10 5 14 9 7 14 9 9 14 14 2 15 12 3 15 13 4 15 11 5 15 6 7 15 11 9 15 11 2 16 12 3 16 12 4 16 10 5 16 12 7 16 13 9 16 9 2 17 9 3 17 12 4 17 13 5 17 10 7 17 10 9 17 9 2 18 10 3 18 8 4 18 11 5 18 12 7 18 12 9 18 12 2 19 11 3 19 8 4 19 7 5 19 9 7 19 7 9 19 11
2 4 18 6 5 2 13 15 5 13 7 8 13 10 9 13 12 0 14 10 2 14 14 5 14 11 8 14 12 0 17 10 1 17 9 2 17 13 5 17 10 9 17 11 0 18 9 1 18 12 8 18 10 9 18 7 1 19 9
3 8 60 6 10 0 10 11 1 10 9 2 10 9 3 10 11 5 10 10 8 10 15 0 11 12 1 11 8 2 11 9 3 11 11 5 11 7 8 11 10 0 12 11 1 12 12 2 12 10 3 12 10 5 12 10 8 12 9 0 13 9 1 13 10 2 13 11 3 13 11 5 13 8 8 13 10 0 14 11 1 14 13 2 14 11 3 14 13 5 14 10 8 14 11 0 15 12 1 15 8 2 15 9 3 15 10 5 15 9 8 15 10 0 16 10 1 16 11 2 16 10 3 16 9 5 16 10 8 16 11 0 17 8 1 17 6 2 17 11 3 17 13 5 17 11 8 17 12 0 18 14 1 18 9 2 18 13 3 18 8 5 18 12 8 18 12 0 19 10 1 19 14 2 19 8 3 19 15 5 19 8 8 19 7
4 10 4 4 1 0 12 11 2 12 8 5 12 12 6 12 9
5 11 24 6 7 2 11 11 7 11 11 9 11 10 0 12 11 2 12 14 6 12 7 0 13 13 6 13 15 9 13 9 0 14 12 1 14 11 2 14 8 9 14 13 0 15 10 1 15 10 2 15 11 7 15 9 1 16 10 6 16 8 7 16 9 1 19 6 6 19 5 7 19 12 9 19 11
6 13 6 6 2 4 13 11 7 13 10 9 13 14 0 16 12 3 16 9 5 16 9
7 14 18 6 5 0 10 11 1 10 11 2 10 11 5 10 8 9 10 11 0 11 11 2 11 11 5 11 12 7 11 12 9 11 10 5 13 9 7 13 12 0 16 15 1 16 9 2 16 9 9 16 10 1 17 10 7 17 11
8 17 18 6 4 0 10 8 4 10 10 5 10 11 6 10 14 8 10 11 0 17 11 3 17 10 4 17 16 5 17 11 6 17 10 8 17 14 0 18 10 3 18 11 5 18 11 6 18 12 3 19 15 4 19 10 8 19 12
9 20 24 6 7 0 10 13 2 10 12 7 10 11 9 10 11 0 11 12 5 11 13 7 11 10 0 12 11 2 12 10 4 12 11 5 12 9 7 12 8 9 12 10 2 14 10 4 14 12 9 14 8 2 15 9 4 15 13 5 15 7 4 16 6 5 16 14 0 18 12 7 18 12 9 18 13
10 24 20 2 10 5 10 10 9 10 7 5 11 12 9 11 10 5 12 11 9 12 10 5 13 9 9 13 8 5 14 11 9 14 10 5 15 12 9 15 12 5 16 13 9 16 12 5 17 13 9 17 11 5 18 11 9 18 10 5 19 8 9 19 9
11 27 12 6 4 3 10 11 5 10 12 7 10 9 8 10 10 9 10 11 0 14 11 7 14 12 0 17 9 9 17 9 3 18 8 5 18 6 8 18 9
12 28 5 5 1 0 10 13 3 10 11 5 10 9 6 10 12 7 10 9
13 42 2 2 1 1 16 14 9 16 10
14 43 2 2 1 4 18 9 9 18 8
15 45 1 1 1 5 13 4
16 46 1 1 1 0 15 9
17 47 12 6 4 2 14 10 9 14 13 0 16 12 2 16 9 5 16 9 7 16 9 8 16 13 9 16 11 0 18 9 7 18 11 5 19 9 8 19 13
18 52 6 6 1 0 11 11 1 11 10 2 11 12 3 11 7 5 11 10 8 11 11
19 57 6 6 3 3 10 12 4 10 8 1 15 9 6 15 7 5 17 11 8 17 10
20 59 6 6 1 0 16 16 1 16 10 5 16 13 6 16 15 8 16 11 9 16 15
21 67 12 6 3 0 10 10 2 10 12 5 10 8 6 10 7 9 10 10 6 13 15 7 13 11 9 13 8 0 19 10 2 19 10 5 19 10 7 19 7
22 68 1 1 1 2 13 13
23 71 6 6 1 0 10 8 1 10 11 2 10 8 7 10 12 8 10 15 9 10 9
24 80 6 6 1 2 10 9 3 10 13 4 10 7 5 10 9 7 10 11 8 10 11
25 86 2 2 1 7 14 7 9 14 11
26 89 12 6 4 3 11 9 4 11 10 5 11 16 1 12 10 2 12 7 3 12 8 4 12 11 8 12 12 2 16 8 5 16 4 8 16 8 1 17 11
27 90 3 3 1 0 19 11 1 19 10 7 19 11
28 91 6 6 1 0 10 15 1 10 9 3 10 11 5 10 13 6 10 7 8 10 12
29 95 10 2 7 1 10 6 7 10 12 7 12 9 1 13 13 1 14 13 7 14 10 1 16 11 7 16 10 7 17 6 1 18 15
30 101 10 1 10 2 10 8 2 11 12 2 12 9 2 13 8 2 14 9 2 15 10 2 16 12 2 17 9 2 18 10 2 19 10
31 107 2 2 1 2 19 10 3 19 8
32 114 6 3 3 7 12 11 2 13 12 7 13 13 9 13 15 2 18 10 9 18 13
33 120 18 6 5 1 10 12 4 10 11 5 10 10 8 10 9 9 10 9 1 12 13 9 12 9 2 13 9 4 13 13 5 13 10 2 15 8 5 15 12 8 15 12 1 17 11 2 17 15 4 17 11 8 17 9 9 17 13
34 125 18 6 6 0 10 12 6 10 7 9 10 10 0 11 13 5 11 13 0 12 12 5 12 13 9 12 15 2 13 12 3 13 8 9 13 12 2 17 8 3 17 8 6 17 10 2 18 6 3 18 15 5 18 12 6 18 8
35 127 3 3 1 3 17 10 7 17 10 8 17 11
36 132 8 2 6 0 10 10 8 10 13 8 13 8 8 15 7 0 16 9 8 16 13 0 17 10 0 18 12
37 135 1 1 1 4 15 12
38 137 12 4 5 1 10 10 5 10 8 1 12 11 3 12 11 5 12 11 3 13 11 8 13 13 1 16 7 3 16 12 5 16 10 8 16 10 8 19 8
39 140 1 1 1 1 15 8
40 146 18 6 5 0 10 10 1 10 10 4 10 7 1 11 12 4 11 10 8 11 10 1 15 11 2 15 14 9 15 9 0 16 12 2 16 10 8 16 10 9 16 7 0 17 13 2 17 8 4 17 10 8 17 9 9 17 9
41 149 3 3 1 1 17 10 6 17 9 9 17 14
42 155 4 4 2 5 13 15 4 14 9 6 14 12 7 14 13
43 156 3 3 1 2 11 10 6 11 9 8 11 12
44 159 2 2 1 6 19 14 9 19 7
45 160 6 6 1 1 15 11 2 15 9 3 15 9 5 15 15 8 15 11 9 15 7
46 161 12 6 3 3 15 10 7 15 13 9 15 10 2 16 9 3 16 8 5 16 9 8 16 12 9 16 9 2 17 13 5 17 13 7 17 12 8 17 12
47 163 6 6 3 1 12 10 4 12 12 5 12 12 7 14 13 0 16 10 9 16 9
48 166 1 1 1 5 12 9
49 167 1 1 1 5 17 14
50 169 12 6 4 0 14 10 2 14 13 3 14 11 8 14 11 7 16 12 8 16 14 9 16 10 2 17 14 3 17 5 9 17 10 0 18 11 7 18 9
51 170 30 3 10 0 10 10 1 10 11 2 10 13 0 11 13 1 11 13 2 11 13 0 12 9 1 12 10 2 12 14 0 13 8 1 13 14 2 13 11 0 14 11 1 14 11 2 14 9 0 15 13 1 15 11 2 15 10 0 16 13 1 16 6 2 16 6 0 17 11 1 17 11 2 17 10 0 18 8 1 18 11 2 18 11 0 19 10 1 19 9 2 19 8
52 176 3 3 1 0 12 9 5 12 8 7 12 12
53 177 3 3 1 0 17 11 7 17 8 9 17 12
54 184 12 4 4 3 10 11 4 10 12 3 12 12 5 12 10 8 12 13 4 15 10 5 15 9 8 15 8 3 16 12 4 16 16 5 16 11 8 16 10
55 188 4 4 1 2 19 10 6 19 10 7 19 11 9 19 13
56 189 6 6 2 2 13 11 5 13 12 6 13 11 1 16 10 3 16 8 9 16 14
57 193 2 2 1 0 18 12 1 18 9
58 198 6 3 3 8 10 9 9 10 10 4 15 9 9 15 13 4 16 10 8 16 11
59 204 18 6 6 0 12 13 6 12 15 5 13 7 6 13 12 7 13 7 5 14 7 6 14 12 7 14 11 9 14 10 0 17 10 8 17 9 9 17 8 0 18 12 5 18 14 7 18 6 8 18 10 9 18 9 8 19 11
60 206 2 2 1 4 16 12 6 16 11
61 208 60 6 10 0 10 11 3 10 8 5 10 12 7 10 12 8 10 11 9 10 13 0 11 11 3 11 8 5 11 12 7 11 9 8 11 12 9 11 14 0 12 14 3 12 9 5 12 9 7 12 12 8 12 10 9 12 9 0 13 8 3 13 11 5 13 10 7 13 9 8 13 7 9 13 9 0 14 11 3 14 9 5 14 11 7 14 8 8 14 12 9 14 9 0 15 10 3 15 10 5 15 10 7 15 7 8 15 12 9 15 10 0 16 12 3 16 9 5 16 9 7 16 13 8 16 12 9 16 9 0 17 10 3 17 8 5 17 8 7 17 12 8 17 11 9 17 11 0 18 10 3 18 9 5 18 8 7 18 12 8 18 12 9 18 10 0 19 9 3 19 10 5 19 9 7 19 8 8 19 10 9 19 12
62 219 6 6 1 0 12 12 3 12 9 5 12 9 6 12 10 8 12 8 9 12 9
63 225 12 6 3 2 10 11 7 10 6 8 10 11 2 14 11 3 14 8 5 14 12 6 14 8 7 14 11 3 18 10 5 18 9 6 18 10 8 18 12
64 229 15 5 5 4 12 9 5 12 10 6 12 11 9 12 10 3 13 12 4 13 10 5 13 12 3 15 12 5 15 13 6 15 7 9 15 15 3 17 8 4 17 13 9 17 13 6 19 9
65 231 3 3 2 0 11 11 9 11 12 4 18 11
66 232 6 6 2 0 11 11 2 11 10 3 17 13 5 17 9 6 17 13 8 17 13
67 235 18 6 5 0 10 11 5 10 12 8 10 12 9 10 10 3 11 8 7 11 10 9 11 11 0 14 13 3 14 12 5 14 13 7 14 13 5 18 10 8 18 11 0 19 11 3 19 9 7 19 10 8 19 8 9 19 9
68 236 6 6 2 5 11 12 0 18 14 1 18 13 2 18 9 4 18 10 8 18 10
69 238 20 2 10 1 10 12 3 10 11 1 11 14 3 11 10 1 12 11 3 12 13 1 13 12 3 13 10 1 14 12 3 14 14 1 15 13 3 15 10 1 16 13 3 16 10 1 17 9 3 17 14 1 18 9 3 18 13 1 19 12 3 19 12
70 245 2 2 1 0 18 9 2 18 9
71 247 6 6 1 2 19 9 3 19 9 4 19 9 6 19 10 7 19 11 9 19 12
72 253 1 1 1 4 17 10
73 257 2 2 1 6 18 11 9 18 10
74 258 10 5 3 2 10 11 8 10 8 1 12 10 5 12 14 8 12 10 9 12 13 1 18 13 2 18 8 5 18 6 9 18 8
75 264 2 2 1 7 17 10 8 17 13
76 270 1 1 1 2 10 11
77 275 1 1 1 7 15 12
78 276 60 6 10 0 10 11 2 10 13 3 10 11 6 10 11 7 10 11 8 10 8 0 11 8 2 11 14 3 11 6 6 11 13 7 11 10 8 11 9 0 12 8 2 12 9 3 12 11 6 12 7 7 12 10 8 12 10 0 13 12 2 13 10 3 13 10 6 13 13 7 13 11 8 13 10 0 14 6 2 14 8 3 14 9 6 14 10 7 14 10 8 14 12 0 15 9 2 15 7 3 15 12 6 15 9 7 15 11 8 15 12 0 16 12 2 16 12 3 16 8 6 16 13 7 16 9 8 16 12 0 17 13 2 17 10 3 17 10 6 17 10 7 17 9 8 17 11 0 18 13 2 18 11 3 18 6 6 18 12 7 18 10 8 18 10 0 19 10 2 19 12 3 19 12 6 19 9 7 19 8 8 19 15
79 277 1 1 1 0 17 11
80 282 1 1 1 2 10 13
81 288 15 3 7 3 11 11 5 11 10 9 11 11 5 12 13 5 13 11 9 13 11 3 14 14 3 16 12 5 16 9 9 16 9 3 18 9 5 18 11 9 18 12 3 19 10 9 19 11
82 291 10 1 10 6 10 10 6 11 11 6 12 12 6 13 11 6 14 10 6 15 12 6 16 12 6 17 7 6 18 11 6 19 12
83 298 3 3 1 1 14 9 4 14 7 5 14 11
84 299 6 6 1 0 12 12 3 12 10 6 12 14 7 12 11 8 12 7 9 12 11
85 305 2 2 1 5 10 12 7 10 12
86 306 60 6 10 1 10 12 3 10 15 4 10 12 6 10 13 8 10 14 9 10 10 1 11 9 3 11 9 4 11 11 6 11 13 8 11 11 9 11 8 1 12 9 3 12 13 4 12 14 6 12 11 8 12 13 9 12 13 1 13 9 3 13 8 4 13 11 6 13 8 8 13 12 9 13 12 1 14 13 3 14 8 4 14 12 6 14 14 8 14 13 9 14 10 1 15 12 3 15 8 4 15 9 6 15 11 8 15 10 9 15 9 1 16 13 3 16 9 4 16 12 6 16 11 8 16 14 9 16 11 1 17 8 3 17 10 4 17 10 6 17 13 8 17 13 9 17 11 1 18 8 3 18 8 4 18 10 6 18 12 8 18 11 9 18 6 1 19 13 3 19 12 4 19 7 6 19 10 8 19 12 9 19 14
87 312 9 3 5 0 10 10 2 10 10 0 14 14 2 14 10 7 14 11 0 15 13 2 15 9 7 16 11 7 18 10
88 313 18 6 5 1 13 11 2 13 12 7 13 12 5 15 11 6 15 12 9 15 7 1 16 9 7 16 9 9 16 10 2 17 12 5 17 11 6 17 12 9 17 11 1 18 9 2 18 12 5 18 7 6 18 10 7 18 11
89 314 2 2 1 4 13 7 6 13 11
90 319 20 2 10 2 10 8 8 10 8 2 11 10 8 11 10 2 12 5 8 12 12 2 13 13 8 13 9 2 14 13 8 14 7 2 15 12 8 15 12 2 16 8 8 16 11 2 17 10 8 17 12 2 18 11 8 18 14 2 19 6 8 19 8
91 325 18 6 5 0 12 8 2 12 13 3 12 14 5 12 12 7 12 12 9 12 9 2 13 8 3 13 7 5 13 12 7 13 8 9 13 13 0 14 9 9 14 8 5 17 9 0 19 8 2 19 14 3 19 10 7 19 11
92 334 24 6 7 2 10 12 7 10 12 8 10 10 0 11 11 1 11 12 2 11 9 4 11 8 7 11 11 8 11 8 1 12 12 4 12 13 8 12 11 0 16 10 7 16 8 8 16 10 2 17 11 4 17 8 0 18 9 1 18 12 2 18 10 4 18 11 0 19 11 1 19 9 7 19 14
93 337 18 6 6 3 10 11 4 10 10 5 10 11 7 10 14 9 10 10 3 11 5 5 11 12 1 12 12 3 12 14 5 12 10 9 12 9 9 15 10 1 16 14 4 16 11 7 16 11 1 19 9 4 19 7 7 19 9
94 342 1 1 1 4 17 12
95 343 6 6 1 1 11 9 2 11 11 3 11 10 4 11 9 5 11 13 6 11 10
96 344 24 6 7 7 10 11 3 11 11 6 11 12 8 11 11 9 11 12 2 13 12 3 13 11 9 13 10 7 15 11 9 15 12 2 16 11 3 16 8 6 16 15 7 16 10 8 16 10 2 18 10 3 18 10 6 18 14 8 18 6 9 18 11 2 19 11 6 19 10 7 19 10 8 19 13
97 354 60 6 10 0 10 10 1 10 12 2 10 10 3 10 11 8 10 12 9 10 11 0 11 9 1 11 13 2 11 10 3 11 9 8 11 15 9 11 7 0 12 11 1 12 12 2 12 10 3 12 12 8 12 10 9 12 10 0 13 10 1 13 10 2 13 8 3 13 7 8 13 10 9 13 12 0 14 12 1 14 13 2 14 13 3 14 7 8 14 10 9 14 13 0 15 13 1 15 10 2 15 10 3 15 10 8 15 13 9 15 12 0 16 9 1 16 9 2 16 13 3 16 12 8 16 7 9 16 7 0 17 10 1 17 14 2 17 12 3 17 11 8 17 12 9 17 10 0 18 12 1 18 9 2 18 8 3 18 8 8 18 10 9 18 12 0 19 12 1 19 11 2 19 13 3 19 9 8 19 12 9 19 11
98 356 18 6 6 2 10 11 6 10 14 7 10 10 1 11 12 2 11 13 6 11 13 4 13 10 1 15 12 3 15 11 1 16 12 3 16 9 4 16 12 6 16 11 7 16 10 2 19 10 3 19 9 4 19 9 7 19 11
99 359 18 6 5 0 10 12 2 10 16 5 10 10 6 10 11 8 10 7 5 13 9 6 13 8 2 14 14 5 14 11 8 14 9 9 14 8 0 17 7 2 17 9 6 17 12 9 17 9 0 18 11 8 18 12 9 18 13
