20 100
0 0 2 2 1 4 16 10 6 16 10
1 2 12 6 4 0 12 9 2 12 7 4 12 11 6 12 9 5 15 8 7 15 8 2 16 12 4 16 9 5 16 12 6 16 17 0 19 10 7 19 15
2 4 6 6 2 0 11 9 4 11 9 5 11 9 8 11 7 3 14 10 9 14 10
3 8 2 2 1 4 14 9 5 14 7
4 10 4 4 1 0 12 8 3 12 11 4 12 8 8 12 13
5 11 12 4 5 4 14 12 5 14 11 9 14 12 0 15 13 4 15 9 5 15 11 0 16 12 9 16 10 0 17 8 9 17 9 4 19 11 5 19 9
6 13 6 6 1 0 13 10 2 13 13 3 13 9 7 13 12 8 13 13 9 13 11
7 14 2 2 1 6 18 11 9 18 11
8 17 6 6 2 1 12 12 8 12 14 9 12 8 0 17 11 5 17 11 6 17 12
9 20 3 3 1 2 16 9 3 16 13 7 16 11
10 24 2 2 2 4 16 13 3 17 13
11 27 6 3 3 2 10 9 4 10 11 1 11 8 2 11 14 1 16 8 4 16 9
12 28 2 2 1 1 18 12 6 18 9
13 42 6 6 1 0 18 10 4 18 14 5 18 9 6 18 10 7 18 14 8 18 10
14 43 1 1 1 0 18 12
15 45 1 1 1 1 14 7
16 46 12 6 3 5 11 9 6 11 15 7 11 11 3 18 13 4 18 14 5 18 14 6 18 10 9 18 12 3 19 10 4 19 12 7 19 16 9 19 12
17 47 18 6 6 5 10 7 8 10 9 2 13 7 4 13 13 5 13 8 9 13 8 2 15 12 4 15 8 8 15 12 5 17 9 6 17 10 9 17 8 2 18 12 6 18 10 8 18 11 9 18 12 4 19 9 6 19 12
18 52 3 3 1 4 18 11 5 18 12 8 18 10
19 57 12 6 4 0 10 10 3 10 8 4 10 8 1 13 11 6 13 11 0 15 8 1 15 12 2 15 10 3 15 13 2 17 11 4 17 13 6 17 9
20 59 12 6 3 1 12 12 3 12 8 4 12 13 7 12 10 5 13 14 6 13 8 1 15 12 3 15 8 4 15 12 5 15 8 6 15 12 7 15 13
21 67 36 6 10 1 10 11 2 10 12 8 10 12 1 11 10 5 11 9 9 11 10 2 12 11 5 12 11 6 12 12 9 12 13 1 13 8 5 13 10 5 14 13 8 14 10 9 14 11 2 15 10 6 15 12 8 15 10 5 16 9 6 16 10 8 16 14 9 16 6 1 17 9 2 17 13 5 17 13 6 17 10 8 17 11 9 17 11 1 18 15 2 18 9 6 18 12 8 18 11 1 19 9 2 19 9 6 19 10 9 19 12
22 68 4 4 2 4 10 9 7 10 15 9 10 8 6 12 14
23 71 6 3 3 2 11 8 6 11 10 9 11 10 2 12 8 6 18 11 9 18 11
24 80 2 2 1 0 12 10 3 12 8
25 86 12 6 3 1 13 7 2 13 11 5 13 11 8 13 13 1 14 12 3 14 11 4 14 7 5 14 13 2 19 11 3 19 13 4 19 9 8 19 12
26 89 12 6 3 0 10 11 1 10 10 3 10 11 5 10 16 8 10 15 0 16 8 1 16 10 3 16 8 5 16 12 7 16 6 8 16 7 7 18 9
27 90 5 5 1 2 10 8 3 10 10 5 10 10 7 10 15 8 10 12
28 91 6 6 1 1 17 11 2 17 8 5 17 12 6 17 10 7 17 12 9 17 13
29 95 6 6 1 2 11 13 3 11 11 4 11 11 5 11 8 7 11 12 9 11 7
30 101 12 6 3 0 10 9 2 10 11 3 10 12 5 10 18 6 10 9 4 17 9 0 18 13 2 18 9 3 18 11 4 18 10 5 18 9 6 18 13
31 107 24 6 7 0 11 11 1 11 10 2 11 14 4 11 10 6 11 5 1 12 11 2 12 14 3 12 12 4 12 7 3 13 14 0 14 10 2 14 12 6 14 9 0 16 11 1 16 8 3 16 10 4 16 10 6 16 15 2 17 9 3 17 10 0 18 14 1 18 11 4 18 10 6 18 8
32 114 3 3 1 0 18 12 4 18 9 5 18 12
33 120 5 5 1 1 18 8 2 18 12 4 18 12 5 18 8 6 18 9
34 125 18 6 6 0 12 9 2 12 13 8 12 6 9 12 13 0 13 11 6 13 12 8 13 9 2 14 10 3 14 12 9 14 7 0 17 10 3 17 10 6 17 13 2 18 13 8 18 12 3 19 11 6 19 8 9 19 11
35 127 6 6 2 2 13 14 7 13 12 0 15 8 4 15 6 6 15 12 8 15 12
36 132 18 6 5 0 13 12 3 13 10 5 13 8 8 13 10 0 14 10 2 14 11 3 14 11 5 14 11 8 14 11 1 16 12 0 17 11 1 17 10 2 17 10 3 17 9 5 17 13 1 19 7 2 19 13 8 19 9
37 135 4 4 1 0 19 11 2 19 12 3 19 11 4 19 12
38 137 2 2 1 4 19 8 5 19 13
39 140 60 6 10 0 10 8 1 10 8 2 10 10 7 10 6 8 10 12 9 10 9 0 11 9 1 11 7 2 11 9 7 11 11 8 11 12 9 11 11 0 12 8 1 12 9 2 12 9 7 12 10 8 12 8 9 12 8 0 13 11 1 13 7 2 13 15 7 13 13 8 13 15 9 13 9 0 14 9 1 14 11 2 14 7 7 14 10 8 14 11 9 14 12 0 15 11 1 15 12 2 15 11 7 15 12 8 15 10 9 15 8 0 16 8 1 16 11 2 16 14 7 16 13 8 16 8 9 16 9 0 17 12 1 17 12 2 17 10 7 17 8 8 17 8 9 17 13 0 18 12 1 18 11 2 18 13 7 18 10 8 18 10 9 18 12 0 19 10 1 19 11 2 19 11 7 19 9 8 19 14 9 19 12
40 146 10 1 10 4 10 11 4 11 12 4 12 11 4 13 10 4 14 11 4 15 11 4 16 15 4 17 8 4 18 9 4 19 13
41 149 4 4 2 1 10 13 2 10 10 7 10 12 9 17 11
42 155 1 1 1 9 10 12
43 156 4 4 1 1 13 10 4 13 12 6 13 14 8 13 13
44 159 40 4 10 0 10 13 4 10 8 5 10 9 9 10 13 0 11 12 4 11 11 5 11 9 9 11 13 0 12 11 4 12 12 5 12 9 9 12 11 0 13 12 4 13 6 5 13 13 9 13 8 0 14 11 4 14 13 5 14 10 9 14 10 0 15 14 4 15 11 5 15 11 9 15 12 0 16 11 4 16 11 5 16 11 9 16 8 0 17 14 4 17 7 5 17 12 9 17 8 0 18 11 4 18 9 5 18 12 9 18 11 0 19 11 4 19 11 5 19 8 9 19 11
45 160 60 6 10 0 10 12 1 10 12 5 10 11 6 10 12 7 10 9 9 10 9 0 11 10 1 11 9 5 11 9 6 11 13 7 11 9 9 11 11 0 12 10 1 12 10 5 12 13 6 12 12 7 12 11 9 12 10 0 13 10 1 13 13 5 13 9 6 13 11 7 13 13 9 13 9 0 14 10 1 14 13 5 14 11 6 14 16 7 14 9 9 14 10 0 15 5 1 15 14 5 15 9 6 15 9 7 15 14 9 15 13 0 16 7 1 16 10 5 16 11 6 16 9 7 16 11 9 16 10 0 17 7 1 17 10 5 17 10 6 17 8 7 17 8 9 17 13 0 18 11 1 18 9 5 18 10 6 18 11 7 18 11 9 18 9 0 19 9 1 19 10 5 19 15 6 19 11 7 19 10 9 19 10
46 161 12 6 3 0 11 8 1 11 13 2 11 8 7 11 13 9 11 10 0 12 8 2 12 8 7 12 12 8 12 13 1 14 10 8 14 11 9 14 12
47 163 3 3 1 2 18 12 6 18 13 9 18 12
48 166 4 4 2 4 11 10 8 11 9 9 11 13 5 18 11
49 167 1 1 1 8 17 14
50 169 1 1 1 6 12 11
51 170 20 2 10 1 10 14 3 10 10 1 11 8 3 11 11 1 12 7 3 12 11 1 13 7 3 13 9 1 14 10 3 14 11 1 15 13 3 15 12 1 16 10 3 16 12 1 17 7 3 17 10 1 18 11 3 18 14 1 19 9 3 19 11
52 176 12 6 4 0 10 10 2 10 9 3 10 12 4 10 8 0 12 7 7 12 11 1 14 13 2 14 11 3 14 11 7 14 13 1 15 11 4 15 11
53 177 2 2 2 9 10 12 8 15 13
54 184 2 2 1 2 17 9 4 17 9
55 188 6 6 1 0 13 10 2 13 15 3 13 10 4 13 11 7 13 8 9 13 11
56 189 1 1 1 5 11 9
57 193 6 3 3 3 11 10 6 11 11 4 12 11 6 12 8 3 16 10 4 16 10
58 198 5 5 1 0 19 7 1 19 11 4 19 12 6 19 7 8 19 13
59 204 12 6 4 2 11 14 5 11 10 0 12 9 3 12 14 4 12 9 0 15 12 3 15 8 4 15 10 5 15 9 6 15 9 2 18 7 6 18 7
60 206 6 3 3 0 10 13 2 12 10 7 12 9 0 18 11 2 18 7 7 18 6
61 208 60 6 10 1 10 11 2 10 8 3 10 9 6 10 9 7 10 10 8 10 9 1 11 7 2 11 12 3 11 6 6 11 11 7 11 14 8 11 7 1 12 12 2 12 11 3 12 8 6 12 13 7 12 11 8 12 10 1 13 8 2 13 13 3 13 9 6 13 10 7 13 10 8 13 10 1 14 6 2 14 13 3 14 12 6 14 8 7 14 14 8 14 11 1 15 8 2 15 10 3 15 8 6 15 10 7 15 7 8 15 13 1 16 8 2 16 6 3 16 6 6 16 12 7 16 15 8 16 9 1 17 10 2 17 8 3 17 12 6 17 8 7 17 13 8 17 12 1 18 11 2 18 10 3 18 11 6 18 9 7 18 8 8 18 12 1 19 11 2 19 9 3 19 12 6 19 9 7 19 7 8 19 14
62 219 24 6 8 4 10 11 7 10 8 4 11 12 5 11 8 8 12 10 9 12 11 5 13 11 6 13 8 8 13 8 4 14 7 5 14 12 7 14 10 8 14 5 9 14 8 6 16 10 6 17 9 7 17 10 9 17 12 4 18 10 5 18 11 6 18 10 7 18 9 8 18 11 9 18 14
63 225 24 6 8 2 10 12 6 10 11 7 10 8 8 10 10 9 10 10 9 11 10 5 13 13 6 13 7 7 13 9 2 14 12 9 14 9 2 15 12 5 15 8 7 15 12 8 15 10 2 16 13 8 16 11 5 18 9 6 18 11 8 18 10 5 19 12 6 19 13 7 19 14 9 19 10
64 229 18 6 6 1 10 11 6 10 13 2 11 9 3 11 12 4 11 10 5 11 6 2 12 9 3 12 12 5 12 5 1 13 9 3 13 11 4 13 11 5 13 10 6 13 6 2 17 12 1 19 8 4 19 10 6 19 12
65 231 20 2 10 0 10 10 1 10 14 0 11 10 1 11 9 0 12 12 1 12 12 0 13 10 1 13 13 0 14 6 1 14 13 0 15 12 1 15 11 0 16 10 1 16 10 0 17 9 1 17 11 0 18 8 1 18 11 0 19 12 1 19 9
66 232 1 1 1 7 14 9
67 235 6 6 1 1 14 8 2 14 11 4 14 12 7 14 9 8 14 10 9 14 10
68 236 15 5 6 5 10 8 1 12 10 4 12 9 6 12 9 1 13 11 4 13 9 6 13 10 9 13 7 4 16 10 5 16 14 6 16 11 9 16 6 1 17 10 5 19 12 9 19 10
69 238 3 3 2 3 11 13 1 19 10 5 19 13
70 245 40 4 10 0 10 8 2 10 9 5 10 11 6 10 12 0 11 9 2 11 9 5 11 11 6 11 12 0 12 11 2 12 10 5 12 8 6 12 11 0 13 11 2 13 14 5 13 15 6 13 10 0 14 8 2 14 10 5 14 12 6 14 8 0 15 11 2 15 12 5 15 11 6 15 11 0 16 13 2 16 13 5 16 8 6 16 10 0 17 11 2 17 9 5 17 13 6 17 10 0 18 12 2 18 12 5 18 7 6 18 13 0 19 11 2 19 12 5 19 11 6 19 10
71 247 6 6 3 1 13 11 3 13 12 8 13 11 4 15 8 9 15 10 7 17 10
72 253 6 6 1 0 15 7 2 15 12 6 15 11 7 15 8 8 15 6 9 15 8
73 257 2 2 1 0 18 10 4 18 8
74 258 18 6 6 0 11 7 3 11 11 5 11 10 7 11 12 9 11 12 3 13 11 7 13 9 9 13 12 5 14 12 5 15 10 7 15 11 8 15 15 0 18 11 8 18 12 9 18 11 0 19 9 3 19 13 8 19 9
75 264 8 4 3 0 11 9 1 13 11 3 13 12 7 13 12 0 18 11 1 18 10 3 18 12 7 18 10
76 270 12 6 4 1 11 8 4 11 11 5 11 14 1 17 12 2 17 8 3 17 11 4 17 10 5 17 12 6 17 7 6 18 11 2 19 8 3 19 7
77 275 24 6 7 1 10 9 8 10 12 0 11 9 1 11 10 2 11 11 7 11 13 8 11 9 2 12 12 4 12 11 7 12 10 8 12 10 0 13 15 4 13 7 8 13 14 0 14 9 1 14 11 2 14 10 7 14 10 2 16 12 4 16 8 7 16 11 0 19 9 1 19 10 4 19 12
78 276 12 6 3 2 12 8 7 12 9 9 12 6 2 17 9 4 17 11 5 17 10 7 17 12 8 17 10 4 19 10 5 19 12 8 19 8 9 19 10
79 277 6 6 1 0 18 11 2 18 10 3 18 10 4 18 12 7 18 10 9 18 10
80 282 2 2 1 6 17 12 8 17 11
81 288 4 4 1 1 15 10 3 15 10 4 15 10 5 15 8
82 291 6 6 3 2 13 8 9 16 11 1 17 13 3 17 10 4 17 10 7 17 13
83 298 4 4 1 3 19 13 5 19 11 8 19 8 9 19 11
84 299 60 6 10 0 10 13 1 10 11 2 10 8 4 10 12 7 10 12 9 10 12 0 11 9 1 11 11 2 11 11 4 11 13 7 11 8 9 11 9 0 12 14 1 12 10 2 12 11 4 12 11 7 12 12 9 12 8 0 13 10 1 13 13 2 13 12 4 13 12 7 13 8 9 13 12 0 14 9 1 14 12 2 14 10 4 14 12 7 14 9 9 14 12 0 15 14 1 15 12 2 15 10 4 15 12 7 15 10 9 15 10 0 16 8 1 16 9 2 16 9 4 16 12 7 16 9 9 16 9 0 17 14 1 17 12 2 17 8 4 17 11 7 17 10 9 17 7 0 18 11 1 18 14 2 18 9 4 18 8 7 18 9 9 18 9 0 19 11 1 19 12 2 19 13 4 19 11 7 19 10 9 19 11
85 305 20 2 10 1 10 9 2 10 11 1 11 7 2 11 11 1 12 10 2 12 14 1 13 10 2 13 15 1 14 11 2 14 6 1 15 10 2 15 9 1 16 9 2 16 11 1 17 11 2 17 9 1 18 11 2 18 12 1 19 10 2 19 13
86 306 2 2 1 6 18 13 8 18 10
87 312 24 6 7 5 10 9 7 10 9 5 12 12 6 12 7 7 12 7 1 13 10 3 13 11 7 13 10 1 14 12 2 14 14 3 14 10 6 14 10 7 14 8 2 15 13 5 15 10 1 16 10 2 16 12 3 16 11 5 16 9 6 16 11 1 19 10 2 19 9 3 19 12 6 19 8
88 313 2 2 2 6 16 11 1 19 6
89 314 10 5 4 0 11 10 2 11 11 9 11 9 4 17 10 2 18 10 4 18 12 8 18 11 9 18 8 0 19 8 8 19 11
90 319 50 5 10 1 10 11 3 10 10 4 10 11 5 10 12 9 10 8 1 11 10 3 11 9 4 11 12 5 11 10 9 11 9 1 12 11 3 12 11 4 12 13 5 12 12 9 12 11 1 13 12 3 13 7 4 13 12 5 13 6 9 13 8 1 14 6 3 14 11 4 14 12 5 14 12 9 14 6 1 15 14 3 15 9 4 15 12 5 15 11 9 15 12 1 16 12 3 16 8 4 16 11 5 16 8 9 16 6 1 17 10 3 17 11 4 17 10 5 17 6 9 17 10 1 18 8 3 18 10 4 18 8 5 18 16 9 18 11 1 19 15 3 19 8 4 19 11 5 19 10 9 19 14
91 325 6 3 3 1 12 13 1 16 9 6 16 9 9 16 10 6 19 10 9 19 8
92 334 6 3 3 8 10 13 3 13 13 7 13 10 8 13 9 3 14 9 7 14 13
93 337 12 4 5 0 10 14 2 10 11 4 10 9 0 11 13 2 11 10 4 11 14 0 15 12 1 15 13 1 16 12 4 16 8 1 18 10 2 18 13
94 342 6 6 1 0 13 10 1 13 11 2 13 11 3 13 8 6 13 9 7 13 12
95 343 10 1 10 5 10 12 5 11 11 5 12 11 5 13 12 5 14 8 5 15 10 5 16 12 5 17 10 5 18 7 5 19 13
96 344 24 6 7 4 12 13 5 12 8 7 12 11 9 12 12 2 13 12 4 13 7 5 13 8 7 13 13 2 14 7 5 14 10 6 14 12 7 14 11 9 14 10 2 16 11 5 16 9 7 16 10 4 17 9 6 17 11 9 17 14 2 18 10 4 18 11 6 18 8 9 18 12 6 19 13
97 354 18 6 5 6 12 11 7 12 12 8 12 14 1 14 8 4 14 13 6 14 11 1 15 14 2 15 12 4 15 9 6 15 9 7 15 11 8 15 8 1 17 10 2 17 14 4 17 10 7 17 12 2 19 12 8 19 12
98 356 1 1 1 8 15 14
99 359 1 1 1 1 13 8
