20 100
0 0 3 3 1 2 11 6 6 11 9 9 11 10
1 2 2 2 1 1 13 13 7 13 12
2 4 3 3 2 6 12 11 8 12 9 4 15 9
3 8 1 1 1 5 14 10
4 10 18 6 6 3 10 8 6 10 10 9 10 10 0 11 10 2 11 12 6 11 7 3 12 9 4 12 10 0 14 9 2 14 11 3 14 8 6 14 8 9 14 10 0 15 12 4 15 11 9 15 11 2 19 12 4 19 11
5 11 1 1 1 7 19 12
6 13 3 3 1 0 19 9 1 19 9 6 19 12
7 14 12 4 5 2 11 8 3 11 9 2 12 10 3 12 6 6 12 11 9 12 9 6 15 7 2 18 9 3 18 9 9 18 8 6 19 8 9 19 11
8 17 8 4 3 4 10 8 9 10 12 1 13 14 5 13 10 1 18 11 4 18 10 5 18 10 9 18 11
9 20 3 3 1 2 18 6 5 18 11 9 18 7
10 24 18 6 5 0 11 12 3 11 11 7 11 12 3 12 14 5 12 7 0 13 9 5 13 13 6 13 9 8 13 9 6 16 8 7 16 12 8 16 9 0 17 8 3 17 9 5 17 13 6 17 13 7 17 8 8 17 9
11 27 6 6 2 2 14 11 4 14 12 5 19 10 6 19 12 8 19 10 9 19 12
12 28 4 4 1 3 18 10 5 18 9 8 18 7 9 18 16
13 42 60 6 10 2 10 8 3 10 13 4 10 11 5 10 10 8 10 11 9 10 11 2 11 16 3 11 11 4 11 9 5 11 10 8 11 11 9 11 12 2 12 9 3 12 9 4 12 12 5 12 9 8 12 15 9 12 12 2 13 8 3 13 13 4 13 11 5 13 12 8 13 13 9 13 12 2 14 12 3 14 10 4 14 12 5 14 12 8 14 8 9 14 13 2 15 9 3 15 8 4 15 10 5 15 10 8 15 10 9 15 11 2 16 9 3 16 9 4 16 11 5 16 12 8 16 12 9 16 11 2 17 6 3 17 12 4 17 14 5 17 10 8 17 12 9 17 9 2 18 12 3 18 8 4 18 9 5 18 10 8 18 11 9 18 9 2 19 12 3 19 11 4 19 15 5 19 11 8 19 11 9 19 8
14 43 4 4 2 6 18 10 9 18 7 2 19 9 7 19 10
15 45 1 1 1 1 15 8
16 46 2 2 1 3 10 12 6 10 12
17 47 2 2 1 1 12 10 6 12 14
18 52 3 3 1 3 16 12 4 16 9 7 16 7
19 57 6 3 3 0 10 14 5 10 11 0 13 10 3 13 10 3 16 15 5 16 6
20 59 18 6 5 0 10 11 2 10 9 7 10 10 8 10 14 0 11 10 1 11 11 5 11 13 7 11 11 0 12 13 1 12 12 2 12 14 7 12 10 2 14 8 5 14 5 8 14 15 1 17 7 5 17 10 8 17 10
21 67 1 1 1 5 18 9
22 68 1 1 1 4 13 11
23 71 6 3 3 8 12 8 5 13 10 6 13 10 5 16 10 6 16 12 8 16 6
24 80 4 4 1 1 14 10 5 14 11 6 14 11 9 14 9
25 86 12 6 4 0 10 12 1 10 11 3 10 10 4 10 11 6 10 8 0 11 11 3 11 8 5 11 11 5 17 10 1 18 11 4 18 8 6 18 10
26 89 6 6 1 1 12 10 2 12 11 5 12 10 7 12 9 8 12 7 9 12 11
27 90 12 6 4 0 10 7 8 10 9 9 10 6 0 12 10 3 12 11 4 12 11 7 12 15 3 14 5 4 14 11 8 14 8 7 19 11 9 19 9
28 91 18 6 6 0 10 11 2 10 10 6 10 8 8 10 8 0 11 13 7 11 11 6 12 10 8 12 11 1 13 12 7 13 10 0 14 10 1 14 10 2 14 9 6 14 10 7 14 13 1 18 9 2 18 13 8 18 7
29 95 60 6 10 0 10 12 2 10 11 3 10 10 5 10 14 6 10 12 8 10 10 0 11 14 2 11 11 3 11 13 5 11 10 6 11 12 8 11 10 0 12 11 2 12 10 3 12 13 5 12 12 6 12 10 8 12 9 0 13 10 2 13 7 3 13 12 5 13 13 6 13 12 8 13 9 0 14 11 2 14 11 3 14 12 5 14 7 6 14 16 8 14 10 0 15 12 2 15 9 3 15 12 5 15 13 6 15 11 8 15 11 0 16 11 2 16 11 3 16 12 5 16 13 6 16 10 8 16 12 0 17 11 2 17 11 3 17 10 5 17 10 6 17 11 8 17 9 0 18 12 2 18 11 3 18 7 5 18 14 6 18 12 8 18 10 0 19 9 2 19 12 3 19 7 5 19 11 6 19 10 8 19 10
30 101 40 4 10 3 10 12 5 10 9 6 10 10 8 10 9 3 11 10 5 11 11 6 11 10 8 11 12 3 12 11 5 12 12 6 12 8 8 12 12 3 13 10 5 13 9 6 13 13 8 13 10 3 14 13 5 14 9 6 14 8 8 14 10 3 15 10 5 15 11 6 15 12 8 15 9 3 16 7 5 16 11 6 16 13 8 16 12 3 17 9 5 17 10 6 17 12 8 17 9 3 18 10 5 18 10 6 18 8 8 18 11 3 19 12 5 19 13 6 19 10 8 19 7
31 107 1 1 1 4 16 10
32 114 1 1 1 7 12 10
33 120 6 6 1 0 13 12 3 13 10 6 13 8 7 13 10 8 13 8 9 13 7
34 125 12 6 4 1 12 11 2 12 14 6 12 13 8 16 8 9 16 9 4 17 14 9 17 12 1 18 15 2 18 12 4 18 12 6 18 10 8 18 10
35 127 12 6 3 0 10 10 6 10 8 7 10 10 8 10 11 4 14 11 6 14 10 7 14 12 8 14 11 9 14 7 0 19 11 4 19 11 9 19 12
36 132 6 6 1 3 10 16 4 10 9 5 10 13 6 10 8 7 10 10 8 10 10
37 135 60 6 10 1 10 8 2 10 10 3 10 10 6 10 13 8 10 13 9 10 7 1 11 12 2 11 8 3 11 11 6 11 11 8 11 6 9 11 10 1 12 9 2 12 8 3 12 10 6 12 8 8 12 6 9 12 5 1 13 9 2 13 11 3 13 8 6 13 12 8 13 8 9 13 12 1 14 8 2 14 8 3 14 9 6 14 13 8 14 11 9 14 12 1 15 10 2 15 13 3 15 14 6 15 9 8 15 11 9 15 11 1 16 9 2 16 11 3 16 8 6 16 8 8 16 13 9 16 11 1 17 6 2 17 8 3 17 15 6 17 9 8 17 10 9 17 10 1 18 12 2 18 8 3 18 9 6 18 10 8 18 9 9 18 9 1 19 10 2 19 13 3 19 11 6 19 12 8 19 11 9 19 10
38 137 12 6 3 0 10 6 5 10 9 9 10 13 4 15 10 5 15 11 7 15 10 8 15 7 9 15 8 0 19 11 4 19 12 7 19 12 8 19 10
39 140 10 1 10 5 10 13 5 11 11 5 12 9 5 13 11 5 14 11 5 15 11 5 16 12 5 17 13 5 18 14 5 19 8
40 146 3 3 1 0 16 11 1 16 12 7 16 8
41 149 3 3 1 0 14 10 3 14 10 6 14 10
42 155 3 3 2 7 12 12 0 16 8 9 16 13
43 156 6 6 1 3 11 10 5 11 13 6 11 9 7 11 13 8 11 14 9 11 13
44 159 2 2 1 4 19 10 6 19 9
45 160 6 6 2 0 13 9 2 13 9 3 13 13 6 13 11 8 17 7 9 17 6
46 161 8 4 3 2 10 9 5 15 13 6 15 11 7 15 9 2 17 10 5 17 12 6 17 11 7 17 9
47 163 15 5 5 1 15 8 3 15 12 9 15 9 1 16 12 3 16 10 5 16 11 9 16 11 2 17 12 3 17 8 5 17 11 9 17 11 1 18 12 2 18 12 2 19 11 5 19 11
48 166 60 6 10 0 10 8 1 10 13 4 10 10 5 10 12 8 10 15 9 10 12 0 11 12 1 11 9 4 11 12 5 11 10 8 11 12 9 11 12 0 12 10 1 12 12 4 12 9 5 12 8 8 12 11 9 12 12 0 13 12 1 13 12 4 13 10 5 13 11 8 13 11 9 13 11 0 14 11 1 14 13 4 14 9 5 14 11 8 14 9 9 14 10 0 15 10 1 15 14 4 15 12 5 15 8 8 15 8 9 15 14 0 16 10 1 16 9 4 16 10 5 16 9 8 16 12 9 16 11 0 17 6 1 17 13 4 17 12 5 17 10 8 17 7 9 17 11 0 18 14 1 18 9 4 18 11 5 18 7 8 18 14 9 18 9 0 19 7 1 19 14 4 19 12 5 19 12 8 19 8 9 19 10
49 167 1 1 1 1 11 8
50 169 1 1 1 9 12 14
51 170 1 1 1 3 18 14
52 176 4 4 1 1 18 11 3 18 13 7 18 10 8 18 14
53 177 5 5 2 0 16 10 2 17 6 5 17 13 6 17 10 9 17 10
54 184 6 6 1 0 10 14 1 10 9 2 10 12 4 10 12 7 10 12 9 10 8
55 188 6 6 2 2 11 10 4 11 11 5 11 13 1 18 10 6 18 9 7 18 8
56 189 6 6 2 6 16 9 8 16 13 9 16 10 0 18 7 4 18 10 5 18 8
57 193 1 1 1 3 17 9
58 198 6 6 2 1 13 11 2 13 14 5 13 11 0 19 8 3 19 9 7 19 10
59 204 8 4 4 1 10 15 3 10 13 1 11 11 6 11 13 9 11 9 6 15 10 3 16 12 9 16 9
60 206 2 2 1 1 18 9 2 18 8
61 208 6 6 1 0 18 11 1 18 10 2 18 8 5 18 9 6 18 14 8 18 15
62 219 4 4 1 0 14 11 1 14 11 2 14 10 8 14 11
63 225 12 4 4 4 10 7 2 11 13 5 11 13 7 11 10 2 14 13 4 14 9 5 14 5 7 14 11 2 16 12 4 16 11 5 16 13 7 16 11
64 229 8 4 4 9 12 7 1 14 11 4 14 7 8 14 10 8 15 12 9 15 12 1 18 8 4 18 10
65 231 24 6 7 1 11 12 2 11 11 4 11 9 5 11 14 7 11 8 9 11 12 2 13 9 4 13 11 5 13 10 7 13 9 4 14 11 9 14 9 1 15 10 9 15 13 1 17 10 2 17 14 5 17 11 4 18 14 5 18 11 7 18 9 9 18 10 1 19 12 2 19 4 7 19 10
66 232 12 6 4 0 10 9 9 10 7 2 13 12 5 13 7 6 13 7 9 13 9 2 15 7 7 15 9 0 17 13 5 17 9 6 17 10 7 17 11
67 235 1 1 1 3 19 9
68 236 6 3 3 5 10 10 7 10 8 2 12 10 7 12 10 2 18 12 5 18 10
69 238 18 6 5 1 10 13 3 10 10 4 10 10 5 10 9 1 11 9 3 11 12 5 11 9 6 11 11 9 11 10 4 12 10 9 12 11 1 18 8 4 18 13 5 18 10 6 18 14 9 18 11 3 19 12 6 19 11
70 245 1 1 1 6 12 11
71 247 3 3 1 1 10 10 3 10 9 7 10 9
72 253 12 6 4 0 15 14 2 15 12 4 15 11 7 15 12 8 15 9 0 16 13 3 16 11 4 16 13 8 16 12 2 17 9 3 17 13 7 19 11
73 257 20 2 10 2 10 13 6 10 11 2 11 13 6 11 13 2 12 8 6 12 12 2 13 10 6 13 10 2 14 7 6 14 11 2 15 12 6 15 14 2 16 11 6 16 9 2 17 8 6 17 8 2 18 10 6 18 9 2 19 11 6 19 9
74 258 3 3 1 0 14 10 5 14 13 9 14 11
75 264 8 4 3 0 14 8 3 14 8 0 16 12 3 16 11 7 16 10 9 16 15 7 18 11 9 18 10
76 270 18 6 5 0 12 7 1 12 14 4 12 13 6 12 7 8 12 15 0 14 12 2 14 12 4 14 12 6 14 13 0 15 7 1 15 12 2 15 10 4 15 12 6 15 10 1 16 10 2 16 13 8 16 11 8 17 12
77 275 6 6 2 5 17 8 2 18 9 3 18 9 6 18 12 7 18 12 9 18 9
78 276 18 6 5 1 11 10 3 11 14 5 11 7 7 11 13 9 11 8 6 13 12 7 13 11 5 15 11 7 15 7 1 18 12 3 18 8 5 18 10 6 18 8 9 18 9 1 19 12 3 19 12 6 19 13 9 19 13
79 277 6 6 1 1 18 9 3 18 12 4 18 10 5 18 12 7 18 8 8 18 11
80 282 1 1 1 8 10 12
81 288 2 2 1 1 12 6 9 12 9
82 291 12 6 3 0 11 9 3 11 9 4 11 9 7 11 9 8 11 13 9 11 9 4 12 12 7 12 12 0 16 11 3 16 13 8 16 10 9 16 8
83 298 3 3 2 1 11 12 4 11 10 3 16 9
84 299 6 3 3 3 10 11 5 10 10 6 10 14 3 12 9 5 19 10 6 19 11
85 305 2 2 1 3 19 8 5 19 10
86 306 12 6 3 0 12 12 1 12 9 4 12 6 8 12 11 0 14 12 5 14 13 6 14 9 8 14 10 1 18 9 4 18 11 5 18 11 6 18 11
87 312 60 6 10 1 10 15 3 10 11 4 10 9 5 10 8 7 10 11 9 10 11 1 11 12 3 11 9 4 11 11 5 11 11 7 11 10 9 11 9 1 12 10 3 12 10 4 12 10 5 12 12 7 12 12 9 12 10 1 13 13 3 13 9 4 13 14 5 13 12 7 13 11 9 13 7 1 14 10 3 14 10 4 14 12 5 14 10 7 14 8 9 14 11 1 15 11 3 15 10 4 15 10 5 15 12 7 15 8 9 15 8 1 16 10 3 16 11 4 16 11 5 16 14 7 16 12 9 16 7 1 17 12 3 17 8 4 17 11 5 17 11 7 17 12 9 17 9 1 18 14 3 18 10 4 18 9 5 18 12 7 18 11 9 18 11 1 19 9 3 19 8 4 19 10 5 19 11 7 19 11 9 19 9
88 313 2 2 1 3 18 5 5 18 7
89 314 20 2 10 0 10 8 8 10 10 0 11 12 8 11 10 0 12 10 8 12 11 0 13 10 8 13 12 0 14 11 8 14 12 0 15 6 8 15 10 0 16 12 8 16 10 0 17 12 8 17 11 0 18 11 8 18 11 0 19 10 8 19 8
90 319 6 6 1 2 10 9 3 10 13 4 10 12 5 10 9 7 10 10 9 10 14
91 325 3 3 2 0 10 10 2 10 8 8 15 8
92 334 30 3 10 0 10 11 2 10 11 9 10 8 0 11 11 2 11 11 9 11 13 0 12 9 2 12 10 9 12 11 0 13 6 2 13 14 9 13 11 0 14 11 2 14 8 9 14 7 0 15 14 2 15 11 9 15 13 0 16 11 2 16 10 9 16 11 0 17 13 2 17 10 9 17 10 0 18 14 2 18 9 9 18 14 0 19 9 2 19 7 9 19 11
93 337 3 3 2 8 10 10 2 17 8 5 17 7
94 342 20 2 10 3 10 11 8 10 10 3 11 16 8 11 6 3 12 9 8 12 11 3 13 12 8 13 10 3 14 13 8 14 11 3 15 5 8 15 9 3 16 10 8 16 8 3 17 11 8 17 10 3 18 12 8 18 9 3 19 11 8 19 10
95 343 12 4 5 3 11 12 1 12 10 7 12 10 1 15 10 2 15 11 2 16 12 3 16 10 7 16 12 1 18 10 2 18 8 3 18 11 7 18 10
96 344 1 1 1 8 10 10
97 354 24 6 7 0 10 10 2 10 8 8 10 11 9 10 9 0 11 7 1 11 11 5 11 11 8 11 11 0 12 9 1 12 10 8 12 9 2 13 7 5 13 8 1 14 10 2 14 9 5 14 12 9 14 10 9 15 10 0 17 12 1 17 11 2 17 11 5 17 11 8 17 12 9 17 12
98 356 20 2 10 1 10 12 4 10 11 1 11 11 4 11 8 1 12 8 4 12 12 1 13 13 4 13 11 1 14 12 4 14 11 1 15 11 4 15 9 1 16 14 4 16 10 1 17 9 4 17 10 1 18 10 4 18 10 1 19 12 4 19 8
99 359 5 5 2 2 10 13 3 10 11 5 10 12 1 12 11 4 12 8
