20 100
0 0 6 6 1 0 13 12 2 13 10 6 13 11 7 13 11 8 13 8 9 13 11
1 2 6 6 1 1 14 10 2 14 8 3 14 13 5 14 12 7 14 10 9 14 14
2 4 12 6 3 2 17 7 4 17 11 9 17 10 0 18 8 3 18 10 5 18 12 9 18 11 0 19 12 2 19 10 3 19 7 4 19 9 5 19 7
3 8 6 6 3 7 16 12 0 17 9 3 17 11 1 19 11 8 19 10 9 19 12
4 10 2 2 1 2 14 13 3 14 12
5 11 6 6 1 1 18 12 2 18 9 5 18 14 6 18 9 7 18 10 9 18 11
6 13 60 6 10 1 10 9 2 10 6 3 10 13 4 10 10 5 10 13 6 10 10 1 11 15 2 11 11 3 11 9 4 11 8 5 11 10 6 11 8 1 12 10 2 12 11 3 12 13 4 12 12 5 12 10 6 12 10 1 13 12 2 13 8 3 13 9 4 13 11 5 13 10 6 13 9 1 14 11 2 14 14 3 14 11 4 14 10 5 14 13 6 14 10 1 15 14 2 15 11 3 15 10 4 15 10 5 15 11 6 15 10 1 16 15 2 16 15 3 16 13 4 16 9 5 16 11 6 16 8 1 17 10 2 17 10 3 17 7 4 17 9 5 17 10 6 17 11 1 18 13 2 18 13 3 18 11 4 18 10 5 18 11 6 18 10 1 19 7 2 19 11 3 19 9 4 19 12 5 19 9 6 19 10
7 14 3 3 1 0 19 8 4 19 10 6 19 13
8 17 2 1 2 2 10 12 2 15 8
9 20 2 2 1 0 11 11 7 11 10
10 24 20 2 10 1 10 10 6 10 10 1 11 7 6 11 10 1 12 10 6 12 11 1 13 11 6 13 10 1 14 11 6 14 11 1 15 10 6 15 8 1 16 10 6 16 15 1 17 14 6 17 9 1 18 7 6 18 15 1 19 12 6 19 7
11 27 40 4 10 0 10 11 4 10 11 6 10 12 7 10 10 0 11 10 4 11 13 6 11 9 7 11 12 0 12 7 4 12 10 6 12 9 7 12 13 0 13 8 4 13 5 6 13 10 7 13 11 0 14 7 4 14 12 6 14 10 7 14 11 0 15 12 4 15 9 6 15 11 7 15 8 0 16 14 4 16 11 6 16 9 7 16 10 0 17 13 4 17 11 6 17 11 7 17 7 0 18 8 4 18 12 6 18 13 7 18 8 0 19 14 4 19 9 6 19 9 7 19 15
12 28 2 2 1 2 11 12 8 11 9
13 42 60 6 10 1 10 11 4 10 11 5 10 10 6 10 9 8 10 13 9 10 13 1 11 10 4 11 11 5 11 9 6 11 11 8 11 9 9 11 8 1 12 13 4 12 14 5 12 7 6 12 11 8 12 8 9 12 11 1 13 7 4 13 11 5 13 13 6 13 8 8 13 10 9 13 12 1 14 7 4 14 11 5 14 9 6 14 10 8 14 7 9 14 14 1 15 9 4 15 11 5 15 12 6 15 9 8 15 9 9 15 8 1 16 11 4 16 11 5 16 8 6 16 12 8 16 16 9 16 12 1 17 10 4 17 14 5 17 10 6 17 14 8 17 12 9 17 7 1 18 9 4 18 10 5 18 10 6 18 10 8 18 13 9 18 9 1 19 13 4 19 12 5 19 14 6 19 10 8 19 11 9 19 10
14 43 3 3 1 0 11 11 2 11 11 4 11 11
15 45 1 1 1 7 19 8
16 46 2 2 2 7 11 14 9 17 15
17 47 60 6 10 0 10 13 1 10 8 4 10 9 6 10 8 7 10 9 8 10 8 0 11 9 1 11 12 4 11 13 6 11 12 7 11 9 8 11 13 0 12 10 1 12 10 4 12 11 6 12 10 7 12 9 8 12 7 0 13 11 1 13 10 4 13 9 6 13 13 7 13 10 8 13 11 0 14 8 1 14 8 4 14 10 6 14 12 7 14 11 8 14 10 0 15 12 1 15 13 4 15 9 6 15 11 7 15 11 8 15 13 0 16 12 1 16 9 4 16 10 6 16 12 7 16 11 8 16 10 0 17 10 1 17 10 4 17 11 6 17 12 7 17 14 8 17 9 0 18 11 1 18 12 4 18 12 6 18 11 7 18 12 8 18 13 0 19 12 1 19 10 4 19 9 6 19 13 7 19 11 8 19 12
18 52 6 6 1 0 15 11 1 15 10 2 15 11 4 15 9 7 15 9 9 15 15
19 57 30 3 10 0 10 10 3 10 13 9 10 9 0 11 14 3 11 12 9 11 11 0 12 10 3 12 10 9 12 10 0 13 12 3 13 12 9 13 10 0 14 10 3 14 12 9 14 9 0 15 10 3 15 10 9 15 10 0 16 11 3 16 8 9 16 12 0 17 12 3 17 8 9 17 10 0 18 11 3 18 9 9 18 13 0 19 7 3 19 12 9 19 11
20 59 12 6 3 5 12 11 7 12 7 8 12 11 1 15 10 3 15 8 5 15 10 6 15 9 7 15 11 1 18 6 3 18 10 6 18 9 8 18 9
21 67 2 2 1 0 18 10 1 18 12
22 68 2 2 2 8 12 7 0 15 7
23 71 12 6 3 0 10 12 1 10 15 7 10 12 8 10 13 0 16 12 1 16 11 4 16 13 6 16 8 4 17 10 6 17 13 7 17 10 8 17 7
24 80 12 6 4 1 10 10 3 10 11 4 10 12 6 10 11 7 10 13 3 12 13 6 12 11 4 16 8 5 16 7 7 16 10 1 17 12 5 17 10
25 86 3 3 1 5 16 8 7 16 6 9 16 10
26 89 1 1 1 0 10 10
27 90 10 1 10 3 10 9 3 11 12 3 12 12 3 13 14 3 14 9 3 15 12 3 16 10 3 17 14 3 18 13 3 19 12
28 91 1 1 1 6 14 11
29 95 6 6 1 0 11 11 1 11 12 2 11 11 5 11 13 6 11 11 7 11 13
30 101 60 6 10 2 10 9 3 10 15 4 10 15 5 10 12 7 10 8 9 10 10 2 11 11 3 11 11 4 11 10 5 11 7 7 11 10 9 11 9 2 12 12 3 12 12 4 12 11 5 12 11 7 12 9 9 12 14 2 13 9 3 13 10 4 13 12 5 13 10 7 13 8 9 13 9 2 14 9 3 14 11 4 14 15 5 14 11 7 14 12 9 14 9 2 15 12 3 15 12 4 15 8 5 15 8 7 15 9 9 15 13 2 16 11 3 16 13 4 16 10 5 16 10 7 16 12 9 16 12 2 17 8 3 17 11 4 17 13 5 17 8 7 17 10 9 17 8 2 18 12 3 18 7 4 18 11 5 18 13 7 18 11 9 18 10 2 19 8 3 19 16 4 19 11 5 19 10 7 19 10 9 19 9
31 107 4 4 1 2 15 10 3 15 13 7 15 8 8 15 9
32 114 3 3 1 1 13 10 5 13 11 8 13 9
33 120 2 2 2 6 14 11 2 16 12
34 125 1 1 1 1 15 12
35 127 3 3 2 3 14 10 8 19 11 9 19 9
36 132 3 3 2 4 15 10 9 15 12 5 16 9
37 135 20 2 10 8 10 6 9 10 9 8 11 10 9 11 11 8 12 14 9 12 10 8 13 13 9 13 9 8 14 8 9 14 10 8 15 10 9 15 9 8 16 12 9 16 13 8 17 6 9 17 12 8 18 13 9 18 10 8 19 15 9 19 11
38 137 3 3 2 9 16 12 4 18 14 6 18 10
39 140 2 2 1 1 10 9 7 10 11
40 146 2 2 1 1 16 10 3 16 12
41 149 1 1 1 9 10 9
42 155 3 3 2 9 10 10 1 19 8 4 19 11
43 156 3 3 1 7 17 9 8 17 10 9 17 12
44 159 30 3 10 1 10 12 3 10 10 7 10 15 1 11 11 3 11 10 7 11 6 1 12 10 3 12 10 7 12 11 1 13 10 3 13 10 7 13 10 1 14 10 3 14 8 7 14 14 1 15 14 3 15 10 7 15 12 1 16 10 3 16 11 7 16 8 1 17 13 3 17 10 7 17 10 1 18 5 3 18 11 7 18 12 1 19 14 3 19 9 7 19 8
45 160 6 6 1 0 13 12 2 13 9 4 13 10 6 13 9 8 13 11 9 13 11
46 161 1 1 1 5 19 10
47 163 3 3 1 0 11 9 1 11 11 3 11 11
48 166 6 6 1 0 18 12 1 18 10 2 18 8 4 18 14 5 18 15 9 18 13
49 167 60 6 10 0 10 10 2 10 13 3 10 5 6 10 12 8 10 11 9 10 10 0 11 12 2 11 10 3 11 9 6 11 10 8 11 14 9 11 13 0 12 11 2 12 12 3 12 14 6 12 8 8 12 10 9 12 10 0 13 8 2 13 12 3 13 9 6 13 10 8 13 12 9 13 12 0 14 10 2 14 11 3 14 8 6 14 11 8 14 8 9 14 8 0 15 9 2 15 10 3 15 10 6 15 10 8 15 10 9 15 10 0 16 14 2 16 13 3 16 9 6 16 12 8 16 10 9 16 11 0 17 9 2 17 11 3 17 12 6 17 10 8 17 12 9 17 9 0 18 11 2 18 15 3 18 13 6 18 10 8 18 12 9 18 10 0 19 9 2 19 10 3 19 12 6 19 11 8 19 10 9 19 8
50 169 30 3 10 0 10 10 7 10 10 9 10 15 0 11 12 7 11 9 9 11 9 0 12 13 7 12 11 9 12 11 0 13 9 7 13 9 9 13 7 0 14 10 7 14 13 9 14 14 0 15 11 7 15 13 9 15 9 0 16 9 7 16 11 9 16 8 0 17 10 7 17 8 9 17 10 0 18 12 7 18 10 9 18 13 0 19 10 7 19 12 9 19 11
51 170 24 6 7 3 11 9 5 11 8 8 11 11 3 12 12 5 12 12 0 13 10 3 13 11 4 13 13 5 13 12 6 13 10 8 13 10 0 15 8 3 15 11 4 15 7 6 15 12 0 16 9 4 16 12 5 16 9 6 16 11 8 16 10 6 17 5 0 19 11 4 19 12 8 19 12
52 176 60 6 10 1 10 8 2 10 11 3 10 12 7 10 11 8 10 15 9 10 12 1 11 14 2 11 10 3 11 14 7 11 7 8 11 12 9 11 10 1 12 14 2 12 12 3 12 13 7 12 16 8 12 10 9 12 10 1 13 13 2 13 14 3 13 14 7 13 14 8 13 12 9 13 11 1 14 12 2 14 13 3 14 11 7 14 10 8 14 10 9 14 12 1 15 12 2 15 12 3 15 8 7 15 12 8 15 13 9 15 11 1 16 13 2 16 10 3 16 12 7 16 10 8 16 10 9 16 14 1 17 11 2 17 11 3 17 13 7 17 7 8 17 11 9 17 10 1 18 14 2 18 10 3 18 11 7 18 10 8 18 12 9 18 8 1 19 12 2 19 9 3 19 13 7 19 11 8 19 10 9 19 11
53 177 60 6 10 1 10 11 2 10 12 6 10 8 7 10 12 8 10 11 9 10 9 1 11 15 2 11 15 6 11 10 7 11 9 8 11 11 9 11 10 1 12 13 2 12 12 6 12 13 7 12 12 8 12 13 9 12 8 1 13 13 2 13 11 6 13 8 7 13 12 8 13 9 9 13 11 1 14 9 2 14 7 6 14 11 7 14 10 8 14 13 9 14 8 1 15 12 2 15 7 6 15 12 7 15 11 8 15 13 9 15 8 1 16 11 2 16 11 6 16 6 7 16 12 8 16 12 9 16 13 1 17 15 2 17 11 6 17 11 7 17 6 8 17 11 9 17 11 1 18 8 2 18 12 6 18 10 7 18 14 8 18 8 9 18 10 1 19 10 2 19 10 6 19 8 7 19 11 8 19 14 9 19 6
54 184 18 6 6 1 11 10 6 11 11 4 12 11 6 12 9 7 12 6 8 12 6 1 13 12 4 13 10 6 13 10 5 16 11 7 16 14 1 17 13 5 17 11 8 17 9 4 19 14 5 19 9 7 19 12 8 19 11
55 188 24 6 7 4 12 9 9 12 13 1 13 13 3 13 11 8 13 13 9 13 9 2 15 11 3 15 11 4 15 8 8 15 9 1 16 12 2 16 13 3 16 11 4 16 10 8 16 14 1 17 12 9 17 12 1 18 10 2 18 10 2 19 9 3 19 12 4 19 9 8 19 11 9 19 6
56 189 6 6 3 7 11 11 9 11 12 0 17 11 4 17 8 5 17 12 8 18 13
57 193 3 3 2 2 17 14 8 17 10 1 19 13
58 198 12 6 4 2 10 10 4 10 11 9 10 12 2 12 9 3 12 16 5 12 12 1 16 14 3 16 12 4 16 12 5 16 10 1 19 12 9 19 12
59 204 2 2 1 1 12 10 5 12 12
60 206 12 6 4 3 10 12 8 10 8 3 12 13 5 12 14 9 12 11 2 13 9 5 13 13 7 13 14 8 13 13 9 13 11 2 19 13 7 19 9
61 208 3 3 1 4 10 14 6 10 8 8 10 14
62 219 3 3 1 0 19 10 4 19 9 7 19 7
63 225 2 2 1 0 11 9 6 11 14
64 229 60 6 10 2 10 12 4 10 12 5 10 13 6 10 12 7 10 8 9 10 11 2 11 8 4 11 13 5 11 11 6 11 12 7 11 14 9 11 7 2 12 11 4 12 8 5 12 12 6 12 8 7 12 12 9 12 13 2 13 9 4 13 10 5 13 8 6 13 9 7 13 10 9 13 12 2 14 10 4 14 10 5 14 11 6 14 15 7 14 11 9 14 9 2 15 7 4 15 11 5 15 9 6 15 9 7 15 9 9 15 13 2 16 14 4 16 9 5 16 12 6 16 10 7 16 10 9 16 15 2 17 9 4 17 13 5 17 15 6 17 10 7 17 12 9 17 9 2 18 10 4 18 11 5 18 14 6 18 10 7 18 13 9 18 11 2 19 9 4 19 7 5 19 11 6 19 13 7 19 11 9 19 11
65 231 3 3 1 4 13 11 5 13 10 8 13 9
66 232 6 6 3 2 11 12 4 11 8 1 14 8 0 18 8 6 18 9 9 18 10
67 235 18 6 5 0 10 11 1 10 7 4 10 11 7 10 9 8 10 10 1 12 6 4 12 10 5 12 12 0 13 14 4 13 13 5 13 9 0 15 8 1 15 13 5 15 12 7 15 13 8 15 10 7 19 9 8 19 13
68 236 12 6 5 9 10 10 4 12 11 5 12 12 8 12 10 1 14 11 4 14 11 6 14 13 1 15 11 6 15 9 9 15 12 5 16 11 8 16 11
69 238 2 2 2 6 13 11 4 17 9
70 245 1 1 1 9 12 11
71 247 1 1 1 5 13 11
72 253 3 3 1 3 12 11 5 12 12 9 12 8
73 257 18 6 5 0 11 10 3 11 12 7 11 10 8 11 10 3 12 12 6 12 7 8 12 9 9 12 8 7 13 10 8 13 11 0 15 9 6 15 12 9 15 5 0 18 14 3 18 12 6 18 11 7 18 10 9 18 12
74 258 6 6 2 1 13 9 3 13 10 5 13 9 7 13 7 8 13 10 4 18 11
75 264 6 3 2 0 14 12 1 14 9 3 14 10 0 18 12 1 18 12 3 18 10
76 270 3 3 1 0 15 13 1 15 12 4 15 11
77 275 12 4 5 2 10 8 4 10 10 8 10 15 4 15 11 7 15 12 8 15 9 2 16 13 4 16 13 2 18 12 7 18 13 7 19 11 8 19 8
78 276 1 1 1 1 12 12
79 277 18 6 5 2 10 7 4 10 10 6 10 10 8 10 9 6 12 13 7 12 10 8 12 13 0 13 11 2 13 10 4 13 11 0 16 12 2 16 16 4 16 10 6 16 10 7 16 12 0 17 12 7 17 13 8 17 16
80 282 5 5 2 1 11 9 8 11 14 0 16 13 5 16 10 6 16 6
81 288 60 6 10 1 10 7 3 10 11 4 10 10 6 10 8 7 10 13 8 10 12 1 11 11 3 11 8 4 11 8 6 11 12 7 11 12 8 11 12 1 12 9 3 12 9 4 12 15 6 12 6 7 12 10 8 12 8 1 13 13 3 13 10 4 13 10 6 13 9 7 13 10 8 13 9 1 14 12 3 14 11 4 14 9 6 14 14 7 14 9 8 14 8 1 15 9 3 15 10 4 15 12 6 15 10 7 15 12 8 15 12 1 16 9 3 16 10 4 16 15 6 16 10 7 16 9 8 16 10 1 17 10 3 17 11 4 17 11 6 17 11 7 17 8 8 17 9 1 18 11 3 18 9 4 18 14 6 18 9 7 18 8 8 18 9 1 19 8 3 19 15 4 19 10 6 19 12 7 19 12 8 19 9
82 291 12 6 3 2 10 8 3 10 14 4 10 12 5 10 9 8 10 12 0 13 15 2 13 13 3 13 8 8 13 14 0 14 9 4 14 9 5 14 11
83 298 4 4 1 1 13 9 3 13 7 5 13 11 9 13 12
84 299 6 6 1 2 11 10 3 11 11 6 11 11 7 11 12 8 11 12 9 11 10
85 305 2 2 2 4 11 9 2 15 9
86 306 18 3 8 1 10 11 3 10 8 1 12 11 5 12 12 1 14 13 3 14 12 3 15 11 5 15 10 3 16 10 5 16 8 1 17 7 3 17 10 5 17 12 1 18 10 5 18 9 1 19 13 3 19 11 5 19 8
87 312 4 4 1 2 11 4 4 11 14 5 11 10 6 11 12
88 313 4 4 1 0 14 11 1 14 8 6 14 14 8 14 7
89 314 15 5 6 1 11 10 7 11 13 4 12 11 8 12 9 1 14 6 6 14 12 8 14 13 1 15 9 4 15 14 6 15 9 8 15 13 7 18 9 4 19 10 6 19 12 7 19 12
90 319 2 2 1 0 10 10 8 10 10
91 325 6 6 1 1 18 9 2 18 7 5 18 10 6 18 13 8 18 11 9 18 14
92 334 12 6 3 0 13 12 8 13 10 9 13 14 0 17 9 1 17 10 4 17 13 6 17 9 8 17 11 1 18 12 4 18 12 6 18 9 9 18 10
93 337 1 1 1 0 10 14
94 342 1 1 1 3 10 7
95 343 1 1 1 2 16 12
96 344 12 6 3 1 11 10 2 11 8 3 11 6 6 11 13 9 11 11 0 15 10 2 15 9 0 18 13 1 18 10 3 18 11 6 18 11 9 18 7
97 354 1 1 1 9 17 13
98 356 1 1 1 9 12 9
99 359 4 4 1 0 18 10 3 18 9 6 18 10 7 18 11
