20 100
0 0 24 6 8 5 10 12 0 11 14 1 11 12 5 11 11 6 11 11 0 12 10 2 12 12 6 12 8 2 13 10 5 13 11 8 13 9 1 15 12 2 15 11 8 15 12 2 16 11 5 16 10 0 18 8 1 18 10 6 18 13 8 18 13 0 19 7 1 19 9 6 19 10 8 19 11
1 2 6 6 2 0 17 9 4 17 12 5 17 7 8 17 14 6 19 10 9 19 10
2 4 18 6 5 0 10 10 2 10 10 5 10 5 6 10 11 0 12 11 5 12 9 7 12 12 8 12 13 0 14 13 5 14 10 6 14 9 8 14 11 2 17 9 7 17 8 2 18 11 6 18 12 7 18 11 8 18 11
3 8 1 1 1 1 18 8
4 10 18 6 5 1 10 11 2 10 10 5 10 11 6 10 9 7 10 12 1 13 12 2 13 9 6 13 13 7 13 11 9 13 11 6 14 12 7 14 12 9 14 11 1 16 11 2 16 6 5 16 13 5 17 9 9 17 12
5 11 18 6 6 4 11 12 9 11 11 1 12 9 0 13 11 6 13 13 8 13 9 0 14 7 4 14 11 9 14 11 1 16 10 4 16 11 6 16 9 8 16 12 0 17 12 1 17 13 6 17 9 8 17 9 9 17 10
6 13 1 1 1 7 13 8
7 14 60 6 10 0 10 10 1 10 13 4 10 6 5 10 14 7 10 10 9 10 8 0 11 8 1 11 7 4 11 15 5 11 11 7 11 10 9 11 10 0 12 10 1 12 10 4 12 12 5 12 10 7 12 9 9 12 8 0 13 10 1 13 9 4 13 13 5 13 11 7 13 10 9 13 11 0 14 10 1 14 10 4 14 11 5 14 13 7 14 8 9 14 15 0 15 9 1 15 8 4 15 9 5 15 14 7 15 9 9 15 10 0 16 9 1 16 14 4 16 11 5 16 14 7 16 11 9 16 11 0 17 11 1 17 9 4 17 8 5 17 11 7 17 13 9 17 12 0 18 10 1 18 9 4 18 11 5 18 9 7 18 7 9 18 5 0 19 10 1 19 13 4 19 12 5 19 10 7 19 8 9 19 8
8 17 2 2 1 7 18 10 9 18 10
9 20 6 6 1 0 11 11 2 11 9 4 11 12 6 11 11 7 11 8 9 11 12
10 24 12 4 5 2 10 11 9 10 10 1 11 11 2 11 12 0 12 10 1 12 11 9 12 7 0 18 12 0 19 14 1 19 8 2 19 10 9 19 11
11 27 1 1 1 2 11 13
12 28 60 6 10 0 10 8 2 10 13 4 10 12 5 10 9 8 10 10 9 10 11 0 11 11 2 11 13 4 11 13 5 11 13 8 11 11 9 11 8 0 12 7 2 12 12 4 12 12 5 12 12 8 12 9 9 12 9 0 13 11 2 13 8 4 13 9 5 13 10 8 13 14 9 13 11 0 14 12 2 14 10 4 14 7 5 14 8 8 14 16 9 14 10 0 15 11 2 15 10 4 15 9 5 15 8 8 15 14 9 15 8 0 16 15 2 16 10 4 16 11 5 16 10 8 16 12 9 16 13 0 17 11 2 17 11 4 17 12 5 17 8 8 17 13 9 17 11 0 18 10 2 18 10 4 18 10 5 18 11 8 18 10 9 18 13 0 19 8 2 19 8 4 19 11 5 19 10 8 19 7 9 19 10
13 42 12 6 4 1 10 8 2 10 13 0 13 14 3 13 7 7 13 12 0 15 10 1 15 10 2 15 7 7 15 10 9 15 11 3 17 11 9 17 10
14 43 36 6 10 0 10 10 3 10 11 5 10 11 7 10 11 9 10 9 1 11 8 3 11 9 7 11 11 1 12 11 3 12 10 7 12 13 0 13 12 1 13 9 3 13 9 5 13 10 9 13 13 1 14 11 3 14 10 5 14 10 9 14 11 3 15 10 5 15 8 9 15 6 0 16 12 7 16 14 9 16 12 0 17 9 1 17 8 7 17 9 9 17 7 0 18 10 1 18 10 5 18 11 7 18 12 0 19 9 5 19 8
15 45 24 6 7 3 11 13 4 11 10 5 11 8 8 11 9 3 13 9 5 13 8 1 14 9 2 14 12 4 14 12 8 14 9 8 15 10 1 16 12 2 16 11 4 16 7 5 16 15 1 17 11 2 17 5 3 17 9 4 17 11 5 17 8 1 18 13 2 18 12 3 18 10 8 18 9
16 46 3 3 1 0 17 13 1 17 10 9 17 8
17 47 10 1 10 7 10 11 7 11 11 7 12 12 7 13 9 7 14 12 7 15 8 7 16 11 7 17 14 7 18 15 7 19 9
18 52 4 4 3 0 11 10 3 11 13 4 12 12 8 16 12
19 57 6 6 1 0 13 10 1 13 11 2 13 8 4 13 11 7 13 11 8 13 9
20 59 3 1 3 1 11 11 1 13 12 1 16 11
21 67 2 2 2 7 11 11 9 19 10
22 68 6 6 1 1 18 7 2 18 10 3 18 12 6 18 9 7 18 7 9 18 10
23 71 3 3 1 0 12 9 2 12 14 3 12 9
24 80 18 6 6 1 11 12 3 11 10 6 11 14 8 11 7 4 13 10 3 14 5 6 14 9 7 14 8 8 14 11 3 17 14 4 17 9 8 17 9 1 18 9 7 18 10 1 19 13 4 19 8 6 19 9 7 19 10
25 86 6 6 3 2 11 12 4 11 12 1 15 10 5 15 14 6 17 11 7 17 7
26 89 5 5 3 2 13 9 0 16 10 5 16 9 6 16 10 3 18 10
27 90 3 3 1 1 17 8 2 17 10 4 17 11
28 91 24 6 7 1 10 11 3 10 9 7 10 12 0 11 14 1 11 11 7 11 8 9 11 9 3 12 10 6 12 11 9 12 10 0 13 10 1 13 8 3 13 10 7 13 8 9 13 9 1 15 10 3 15 12 6 15 10 7 15 10 0 18 11 6 18 8 9 18 11 0 19 12 6 19 9
29 95 3 3 1 0 16 12 3 16 11 8 16 8
30 101 8 4 3 2 12 10 3 12 12 4 12 9 6 12 11 6 13 12 2 15 14 3 15 12 4 15 13
31 107 1 1 1 5 14 10
32 114 1 1 1 3 11 13
33 120 1 1 1 1 18 13
34 125 12 6 4 0 10 9 1 10 8 6 10 10 8 10 5 5 15 9 9 15 9 5 16 9 6 16 8 8 16 11 9 16 13 0 19 10 1 19 10
35 127 4 4 2 5 11 11 3 13 11 4 13 12 9 13 9
36 132 6 6 2 0 10 9 1 10 9 5 10 10 8 10 9 3 13 8 9 13 12
37 135 4 4 2 0 14 12 5 14 14 3 18 9 9 18 12
38 137 4 4 1 3 15 14 5 15 12 7 15 8 8 15 12
39 140 8 4 4 6 10 13 5 11 15 8 11 11 2 14 10 6 14 8 8 14 12 2 15 13 5 15 13
40 146 12 6 4 0 11 8 2 11 10 3 11 10 5 11 11 7 11 7 0 12 12 2 12 13 3 12 12 8 12 8 7 16 12 5 19 9 8 19 12
41 149 1 1 1 5 16 13
42 155 1 1 1 3 18 9
43 156 1 1 1 7 15 11
44 159 6 6 1 0 17 14 1 17 13 2 17 13 3 17 9 8 17 11 9 17 11
45 160 1 1 1 9 18 10
46 161 2 2 1 1 14 9 6 14 10
47 163 2 2 2 1 15 12 6 19 13
48 166 6 6 1 0 15 12 1 15 8 3 15 11 4 15 11 5 15 10 9 15 9
49 167 12 6 3 1 11 12 9 11 13 0 13 14 2 13 10 4 13 11 7 13 14 9 13 9 0 18 12 1 18 9 2 18 10 4 18 8 7 18 12
50 169 60 6 10 0 10 10 1 10 12 5 10 11 6 10 8 8 10 11 9 10 7 0 11 11 1 11 7 5 11 11 6 11 10 8 11 13 9 11 13 0 12 16 1 12 9 5 12 8 6 12 13 8 12 11 9 12 6 0 13 11 1 13 9 5 13 9 6 13 10 8 13 10 9 13 13 0 14 9 1 14 9 5 14 11 6 14 11 8 14 12 9 14 11 0 15 12 1 15 12 5 15 13 6 15 11 8 15 13 9 15 12 0 16 10 1 16 11 5 16 9 6 16 13 8 16 13 9 16 13 0 17 9 1 17 7 5 17 12 6 17 10 8 17 12 9 17 12 0 18 11 1 18 11 5 18 8 6 18 12 8 18 13 9 18 14 0 19 11 1 19 15 5 19 8 6 19 9 8 19 10 9 19 8
51 170 1 1 1 5 18 6
52 176 8 4 3 6 11 9 7 11 13 9 11 13 2 13 12 6 13 9 9 13 10 2 15 12 7 15 14
53 177 3 3 2 6 10 12 4 19 9 8 19 11
54 184 8 4 4 0 13 12 2 13 16 8 13 7 0 14 13 5 14 11 2 15 11 8 15 11 5 18 9
55 188 1 1 1 6 19 8
56 189 3 3 1 2 19 11 5 19 14 8 19 10
57 193 3 3 2 2 14 10 5 14 10 8 19 7
58 198 6 6 2 6 11 9 9 11 11 4 19 10 5 19 6 7 19 10 8 19 8
59 204 18 6 6 2 10 14 3 10 9 4 10 10 8 10 12 2 14 11 3 14 10 7 14 12 9 14 8 4 15 12 7 15 11 8 16 12 9 16 9 2 17 11 3 19 12 4 19 12 7 19 9 8 19 9 9 19 10
60 206 6 6 1 0 14 10 2 14 10 3 14 11 5 14 9 7 14 14 8 14 10
61 208 18 6 5 3 13 12 5 13 10 9 13 10 3 14 13 7 14 11 9 14 8 3 15 12 4 15 11 5 15 9 8 15 11 9 15 13 4 17 13 5 17 13 7 17 7 8 17 10 4 18 9 7 18 13 8 18 14
62 219 30 3 10 1 10 9 2 10 10 3 10 12 1 11 7 2 11 9 3 11 11 1 12 9 2 12 9 3 12 13 1 13 12 2 13 13 3 13 12 1 14 14 2 14 12 3 14 8 1 15 9 2 15 10 3 15 13 1 16 11 2 16 14 3 16 10 1 17 8 2 17 10 3 17 11 1 18 13 2 18 11 3 18 9 1 19 12 2 19 13 3 19 10
63 225 60 6 10 3 10 9 4 10 13 6 10 10 7 10 8 8 10 8 9 10 11 3 11 14 4 11 12 6 11 12 7 11 10 8 11 12 9 11 10 3 12 13 4 12 14 6 12 11 7 12 14 8 12 12 9 12 13 3 13 12 4 13 9 6 13 8 7 13 8 8 13 13 9 13 10 3 14 11 4 14 8 6 14 10 7 14 11 8 14 15 9 14 13 3 15 12 4 15 11 6 15 14 7 15 12 8 15 9 9 15 10 3 16 11 4 16 7 6 16 13 7 16 10 8 16 12 9 16 14 3 17 15 4 17 6 6 17 9 7 17 10 8 17 11 9 17 11 3 18 11 4 18 13 6 18 10 7 18 13 8 18 12 9 18 9 3 19 12 4 19 7 6 19 10 7 19 5 8 19 11 9 19 7
64 229 6 6 1 1 18 11 2 18 11 5 18 9 6 18 10 8 18 9 9 18 10
65 231 24 6 7 0 11 12 2 11 10 3 11 10 4 11 9 0 12 11 2 12 11 3 12 9 7 12 9 4 15 10 5 15 12 7 15 12 2 16 13 5 16 8 7 16 9 0 17 12 4 17 13 5 17 9 7 17 14 3 18 13 4 18 13 0 19 9 2 19 9 3 19 11 5 19 9
66 232 12 6 4 2 13 8 3 13 7 4 13 13 5 13 13 8 13 13 1 15 10 1 17 9 4 17 11 5 17 15 8 17 10 2 18 11 3 18 12
67 235 12 6 3 2 12 7 3 12 12 5 12 11 6 12 9 0 15 11 5 15 13 6 15 11 9 15 12 0 19 12 2 19 11 3 19 17 9 19 11
68 236 6 6 1 1 15 10 2 15 10 4 15 10 5 15 9 6 15 12 9 15 7
69 238 3 3 1 0 16 12 6 16 12 7 16 9
70 245 60 6 10 1 10 13 2 10 12 4 10 12 5 10 11 6 10 10 8 10 9 1 11 10 2 11 13 4 11 13 5 11 14 6 11 11 8 11 11 1 12 9 2 12 8 4 12 9 5 12 11 6 12 10 8 12 10 1 13 12 2 13 14 4 13 12 5 13 9 6 13 11 8 13 13 1 14 10 2 14 7 4 14 11 5 14 7 6 14 14 8 14 11 1 15 11 2 15 13 4 15 15 5 15 8 6 15 12 8 15 10 1 16 8 2 16 11 4 16 10 5 16 8 6 16 13 8 16 12 1 17 9 2 17 10 4 17 11 5 17 12 6 17 5 8 17 12 1 18 10 2 18 11 4 18 10 5 18 8 6 18 9 8 18 12 1 19 6 2 19 9 4 19 13 5 19 11 6 19 11 8 19 10
71 247 40 4 10 2 10 10 4 10 9 5 10 6 6 10 12 2 11 13 4 11 8 5 11 5 6 11 9 2 12 12 4 12 12 5 12 9 6 12 12 2 13 12 4 13 11 5 13 12 6 13 9 2 14 8 4 14 13 5 14 11 6 14 12 2 15 9 4 15 7 5 15 7 6 15 10 2 16 12 4 16 12 5 16 8 6 16 11 2 17 12 4 17 11 5 17 10 6 17 6 2 18 11 4 18 12 5 18 10 6 18 10 2 19 12 4 19 13 5 19 13 6 19 11
72 253 8 4 3 0 10 9 1 10 10 2 10 13 0 15 10 7 15 11 1 19 10 2 19 6 7 19 7
73 257 4 2 2 1 15 11 9 15 9 1 18 11 9 18 7
74 258 1 1 1 9 16 8
75 264 2 2 1 0 15 7 2 15 12
76 270 1 1 1 8 10 12
77 275 2 2 2 2 11 11 7 13 12
78 276 18 6 5 1 11 7 2 11 9 4 11 10 5 11 13 8 11 7 0 14 10 0 15 8 1 15 12 4 15 12 0 16 13 1 16 11 2 16 15 4 16 10 5 16 12 8 16 9 2 18 11 5 18 9 8 18 9
79 277 1 1 1 5 14 10
80 282 18 6 6 1 12 9 2 12 11 4 12 8 6 12 10 0 13 9 1 13 11 4 13 6 6 13 14 8 13 12 0 14 11 6 15 11 8 15 11 1 18 9 2 18 11 4 18 13 8 18 9 0 19 13 2 19 12
81 288 1 1 1 2 14 12
82 291 6 6 1 0 17 7 1 17 11 3 17 9 5 17 11 7 17 10 8 17 12
83 298 8 4 3 3 13 11 4 13 11 9 13 13 7 16 11 9 16 11 3 17 13 4 17 8 7 17 10
84 299 3 3 1 5 10 10 6 10 9 8 10 11
85 305 2 2 1 2 17 9 6 17 7
86 306 6 6 3 4 11 10 5 11 10 2 12 10 7 12 7 8 12 10 0 18 10
87 312 3 3 2 4 13 9 8 13 10 9 19 12
88 313 60 6 10 1 10 12 2 10 9 4 10 14 5 10 12 6 10 11 9 10 12 1 11 13 2 11 12 4 11 8 5 11 10 6 11 9 9 11 14 1 12 11 2 12 11 4 12 9 5 12 11 6 12 11 9 12 15 1 13 12 2 13 10 4 13 10 5 13 10 6 13 8 9 13 11 1 14 13 2 14 10 4 14 12 5 14 11 6 14 8 9 14 5 1 15 10 2 15 11 4 15 10 5 15 13 6 15 9 9 15 11 1 16 11 2 16 8 4 16 14 5 16 14 6 16 11 9 16 13 1 17 11 2 17 8 4 17 12 5 17 9 6 17 10 9 17 8 1 18 8 2 18 9 4 18 12 5 18 8 6 18 8 9 18 8 1 19 11 2 19 10 4 19 13 5 19 9 6 19 11 9 19 7
89 314 6 3 3 2 10 12 6 10 8 3 15 8 6 15 8 2 17 10 3 17 15
90 319 6 1 6 0 10 12 0 13 10 0 14 8 0 16 9 0 17 7 0 18 8
91 325 12 6 4 1 11 13 4 11 10 7 11 9 1 14 12 4 14 10 9 14 12 0 15 10 2 15 12 7 15 12 9 15 11 0 17 11 2 17 13
92 334 30 3 10 1 10 13 2 10 7 7 10 9 1 11 15 2 11 13 7 11 11 1 12 11 2 12 13 7 12 13 1 13 8 2 13 13 7 13 14 1 14 13 2 14 13 7 14 7 1 15 9 2 15 7 7 15 11 1 16 11 2 16 6 7 16 10 1 17 11 2 17 8 7 17 14 1 18 12 2 18 13 7 18 13 1 19 9 2 19 11 7 19 13
93 337 8 4 3 2 12 11 9 12 10 3 15 10 4 15 12 2 18 10 3 18 9 4 18 11 9 18 9
94 342 1 1 1 5 17 12
95 343 60 6 10 0 10 8 1 10 12 3 10 12 4 10 9 7 10 13 8 10 9 0 11 13 1 11 12 3 11 10 4 11 9 7 11 13 8 11 13 0 12 9 1 12 12 3 12 7 4 12 7 7 12 9 8 12 11 0 13 13 1 13 7 3 13 14 4 13 8 7 13 8 8 13 10 0 14 9 1 14 9 3 14 13 4 14 10 7 14 10 8 14 13 0 15 10 1 15 11 3 15 10 4 15 11 7 15 9 8 15 7 0 16 8 1 16 9 3 16 12 4 16 5 7 16 12 8 16 11 0 17 7 1 17 9 3 17 9 4 17 7 7 17 10 8 17 9 0 18 11 1 18 12 3 18 10 4 18 11 7 18 10 8 18 8 0 19 10 1 19 10 3 19 8 4 19 12 7 19 11 8 19 12
96 344 1 1 1 4 16 15
97 354 2 2 1 2 15 10 9 15 10
98 356 12 6 4 5 10 11 6 10 9 0 11 11 1 11 13 5 11 10 9 11 11 1 17 10 2 17 15 9 17 13 0 18 13 2 18 11 6 18 12
99 359 4 4 1 0 12 12 2 12 10 3 12 6 5 12 9
