20 100
0 0 60 6 10 0 10 13 1 10 10 6 10 9 7 10 13 8 10 9 9 10 11 0 11 8 1 11 12 6 11 11 7 11 9 8 11 10 9 11 11 0 12 9 1 12 9 6 12 13 7 12 13 8 12 10 9 12 12 0 13 7 1 13 13 6 13 6 7 13 11 8 13 10 9 13 13 0 14 12 1 14 10 6 14 10 7 14 9 8 14 11 9 14 9 0 15 12 1 15 8 6 15 9 7 15 11 8 15 10 9 15 13 0 16 9 1 16 8 6 16 11 7 16 11 8 16 10 9 16 13 0 17 11 1 17 11 6 17 6 7 17 10 8 17 6 9 17 6 0 18 9 1 18 9 6 18 9 7 18 6 8 18 7 9 18 10 0 19 11 1 19 13 6 19 13 7 19 11 8 19 13 9 19 9
1 2 6 6 1 0 14 9 3 14 9 6 14 10 7 14 13 8 14 8 9 14 10
2 4 2 2 1 5 15 11 6 15 12
3 8 12 6 3 2 16 12 3 16 10 0 18 10 3 18 9 5 18 8 6 18 11 7 18 6 0 19 9 2 19 14 5 19 13 6 19 12 7 19 9
4 10 30 6 8 3 10 6 6 10 11 8 10 10 0 12 12 6 12 10 8 12 11 9 12 12 1 13 10 3 13 11 8 13 11 1 15 8 3 15 12 6 15 11 9 15 6 0 16 13 8 16 13 9 16 10 0 17 11 1 17 7 3 17 12 6 17 9 0 18 10 1 18 9 3 18 13 8 18 9 9 18 8 0 19 9 1 19 15 6 19 13 9 19 9
5 11 1 1 1 6 13 14
6 13 60 6 10 2 10 9 3 10 7 4 10 11 5 10 7 6 10 8 7 10 8 2 11 10 3 11 9 4 11 9 5 11 7 6 11 9 7 11 9 2 12 6 3 12 12 4 12 6 5 12 5 6 12 12 7 12 11 2 13 14 3 13 10 4 13 7 5 13 8 6 13 10 7 13 11 2 14 11 3 14 11 4 14 15 5 14 9 6 14 12 7 14 5 2 15 7 3 15 7 4 15 10 5 15 10 6 15 7 7 15 8 2 16 13 3 16 11 4 16 11 5 16 11 6 16 11 7 16 12 2 17 11 3 17 12 4 17 11 5 17 9 6 17 12 7 17 10 2 18 13 3 18 8 4 18 13 5 18 7 6 18 10 7 18 10 2 19 12 3 19 12 4 19 12 5 19 11 6 19 12 7 19 10
7 14 24 6 7 1 10 17 2 10 15 4 10 9 5 10 10 8 10 12 0 11 12 1 11 11 5 11 10 8 11 12 0 12 12 1 12 10 2 12 10 8 12 12 0 14 14 2 14 11 4 14 9 5 14 8 0 15 9 1 15 11 4 16 9 5 16 13 8 16 11 2 18 12 4 18 14
8 17 4 4 2 3 10 10 9 10 8 2 19 9 8 19 8
9 20 6 6 2 1 13 10 6 13 13 0 19 11 5 19 10 7 19 12 8 19 9
10 24 24 6 7 2 11 8 3 11 13 6 11 9 8 11 12 3 12 10 9 12 9 2 15 10 3 15 15 6 15 8 6 16 14 7 16 10 8 16 13 9 16 11 3 17 8 7 17 10 8 17 9 2 18 7 6 18 10 7 18 13 8 18 11 9 18 9 2 19 14 7 19 9 9 19 8
11 27 2 2 1 2 15 12 6 15 10
12 28 2 2 1 6 19 10 8 19 12
13 42 6 6 1 0 11 8 3 11 9 5 11 9 6 11 8 8 11 10 9 11 10
14 43 12 6 4 3 11 14 5 11 10 9 11 9 0 13 11 1 13 13 5 13 12 6 13 12 9 13 10 0 14 10 1 14 9 3 16 12 6 16 11
15 45 6 3 3 7 10 12 1 16 11 3 16 12 7 16 10 1 18 10 3 18 11
16 46 3 3 2 5 14 8 9 14 11 0 16 9
17 47 6 6 1 0 16 11 2 16 11 3 16 9 5 16 10 8 16 12 9 16 13
18 52 40 4 10 0 10 14 5 10 11 7 10 13 8 10 11 0 11 6 5 11 10 7 11 10 8 11 8 0 12 10 5 12 11 7 12 8 8 12 10 0 13 14 5 13 11 7 13 10 8 13 12 0 14 9 5 14 11 7 14 13 8 14 13 0 15 10 5 15 11 7 15 13 8 15 8 0 16 10 5 16 10 7 16 8 8 16 11 0 17 11 5 17 9 7 17 11 8 17 9 0 18 13 5 18 6 7 18 11 8 18 12 0 19 10 5 19 9 7 19 9 8 19 12
19 57 6 6 1 0 12 13 3 12 11 4 12 10 7 12 9 8 12 11 9 12 13
20 59 2 2 1 4 12 10 8 12 10
21 67 15 5 5 3 10 11 5 10 11 8 10 6 9 10 13 2 12 9 3 12 9 8 12 12 9 12 10 2 15 12 8 15 10 2 16 8 5 16 10 9 16 10 3 17 6 5 17 9
22 68 6 6 2 2 14 9 3 14 11 7 14 8 0 19 9 1 19 10 4 19 12
23 71 6 6 3 3 12 9 9 12 6 5 17 7 7 17 9 0 18 12 1 18 14
24 80 1 1 1 2 12 10
25 86 2 2 1 4 10 11 7 10 10
26 89 60 6 10 1 10 10 2 10 13 3 10 13 4 10 12 5 10 12 6 10 12 1 11 11 2 11 8 3 11 11 4 11 10 5 11 10 6 11 5 1 12 11 2 12 10 3 12 12 4 12 10 5 12 13 6 12 9 1 13 10 2 13 12 3 13 13 4 13 11 5 13 12 6 13 9 1 14 10 2 14 10 3 14 13 4 14 11 5 14 13 6 14 8 1 15 11 2 15 10 3 15 9 4 15 12 5 15 10 6 15 11 1 16 11 2 16 13 3 16 13 4 16 11 5 16 9 6 16 10 1 17 11 2 17 9 3 17 13 4 17 9 5 17 12 6 17 10 1 18 12 2 18 9 3 18 10 4 18 11 5 18 11 6 18 11 1 19 12 2 19 11 3 19 10 4 19 14 5 19 14 6 19 12
27 90 12 6 5 0 10 11 9 10 11 4 16 9 8 16 10 9 16 11 0 17 5 3 17 11 4 17 13 6 18 9 3 19 5 6 19 10 8 19 10
28 91 1 1 1 9 12 9
29 95 2 2 1 2 12 11 7 12 8
30 101 20 2 10 1 10 12 7 10 13 1 11 12 7 11 12 1 12 12 7 12 11 1 13 14 7 13 7 1 14 9 7 14 12 1 15 11 7 15 10 1 16 11 7 16 10 1 17 12 7 17 9 1 18 13 7 18 11 1 19 10 7 19 8
31 107 1 1 1 6 10 10
32 114 2 2 1 6 12 5 9 12 8
33 120 6 6 1 0 14 13 1 14 11 3 14 8 4 14 11 5 14 9 8 14 11
34 125 60 6 10 0 10 14 1 10 8 3 10 11 5 10 8 6 10 13 7 10 14 0 11 13 1 11 7 3 11 9 5 11 14 6 11 14 7 11 10 0 12 9 1 12 9 3 12 11 5 12 11 6 12 8 7 12 9 0 13 15 1 13 10 3 13 12 5 13 11 6 13 10 7 13 10 0 14 9 1 14 9 3 14 9 5 14 12 6 14 10 7 14 12 0 15 11 1 15 10 3 15 9 5 15 12 6 15 13 7 15 7 0 16 10 1 16 8 3 16 10 5 16 13 6 16 14 7 16 8 0 17 13 1 17 16 3 17 8 5 17 11 6 17 12 7 17 12 0 18 9 1 18 8 3 18 10 5 18 11 6 18 10 7 18 14 0 19 12 1 19 11 3 19 11 5 19 11 6 19 12 7 19 12
35 127 1 1 1 7 13 8
36 132 3 3 2 0 12 14 6 18 12 7 18 9
37 135 18 6 6 5 10 12 6 10 10 0 13 15 1 13 14 3 13 12 8 13 10 0 14 11 1 15 9 3 15 11 5 15 11 6 15 10 0 17 13 5 17 14 8 17 12 1 19 10 3 19 12 6 19 8 8 19 9
38 137 8 4 4 0 10 10 1 10 9 2 10 12 5 11 11 0 18 11 1 19 16 2 19 9 5 19 8
39 140 3 3 2 1 11 13 7 11 10 6 15 8
40 146 2 2 1 0 11 9 9 11 9
41 149 6 6 1 3 19 9 4 19 9 5 19 15 7 19 11 8 19 10 9 19 13
42 155 4 4 1 2 18 12 4 18 13 7 18 12 8 18 9
43 156 20 2 10 2 10 16 8 10 12 2 11 11 8 11 10 2 12 10 8 12 9 2 13 14 8 13 8 2 14 11 8 14 11 2 15 13 8 15 15 2 16 14 8 16 13 2 17 6 8 17 9 2 18 13 8 18 13 2 19 9 8 19 9
44 159 10 1 10 1 10 10 1 11 7 1 12 15 1 13 9 1 14 11 1 15 12 1 16 10 1 17 11 1 18 14 1 19 13
45 160 6 6 1 1 10 13 2 10 9 3 10 12 5 10 12 6 10 13 9 10 9
46 161 1 1 1 6 16 9
47 163 60 6 10 0 10 8 2 10 8 4 10 14 5 10 10 8 10 13 9 10 11 0 11 8 2 11 10 4 11 9 5 11 10 8 11 10 9 11 11 0 12 11 2 12 8 4 12 12 5 12 13 8 12 7 9 12 8 0 13 11 2 13 9 4 13 9 5 13 12 8 13 11 9 13 15 0 14 12 2 14 13 4 14 8 5 14 10 8 14 11 9 14 8 0 15 11 2 15 12 4 15 9 5 15 11 8 15 10 9 15 10 0 16 13 2 16 10 4 16 11 5 16 13 8 16 9 9 16 13 0 17 13 2 17 10 4 17 13 5 17 11 8 17 15 9 17 11 0 18 11 2 18 10 4 18 10 5 18 9 8 18 10 9 18 13 0 19 13 2 19 12 4 19 9 5 19 12 8 19 11 9 19 14
48 166 18 6 5 6 10 7 8 10 10 1 12 11 5 12 9 7 12 9 8 12 14 4 14 13 5 14 9 7 14 11 1 16 8 4 16 10 6 16 10 7 16 10 8 16 13 1 18 10 4 18 9 5 18 10 6 18 8
49 167 3 3 1 5 18 10 6 18 11 9 18 9
50 169 6 6 1 0 16 8 3 16 13 4 16 13 5 16 10 6 16 11 9 16 13
51 170 6 6 1 0 15 10 3 15 12 4 15 9 5 15 10 7 15 10 9 15 10
52 176 6 3 3 2 12 13 4 12 12 9 12 11 4 14 10 9 14 10 2 19 12
53 177 10 1 10 7 10 11 7 11 8 7 12 8 7 13 11 7 14 11 7 15 11 7 16 14 7 17 7 7 18 11 7 19 8
54 184 6 6 1 0 12 13 1 12 11 4 12 7 5 12 13 8 12 12 9 12 12
55 188 10 5 4 2 10 10 5 10 9 0 15 11 3 15 7 8 15 12 5 16 10 0 19 7 2 19 12 3 19 10 8 19 10
56 189 6 6 1 0 12 11 2 12 12 3 12 16 4 12 9 5 12 9 9 12 8
57 193 12 4 5 5 11 12 7 11 8 2 14 12 3 14 11 5 14 11 7 14 10 3 16 10 7 16 12 2 17 11 2 19 12 3 19 10 5 19 10
58 198 18 6 6 0 11 9 5 11 11 6 11 10 7 11 9 3 12 10 5 12 16 7 12 10 0 14 11 3 14 12 5 14 10 6 14 11 8 14 11 3 17 9 7 17 10 0 18 11 6 18 13 8 18 11 8 19 10
59 204 12 6 4 3 11 12 6 11 12 7 11 9 9 11 11 5 15 10 6 15 8 7 15 16 3 16 11 5 16 9 8 16 12 8 18 14 9 18 6
60 206 60 6 10 1 10 11 2 10 11 3 10 11 4 10 12 6 10 10 9 10 15 1 11 11 2 11 9 3 11 11 4 11 12 6 11 12 9 11 10 1 12 8 2 12 9 3 12 12 4 12 10 6 12 12 9 12 8 1 13 6 2 13 12 3 13 14 4 13 10 6 13 9 9 13 11 1 14 12 2 14 10 3 14 12 4 14 13 6 14 10 9 14 8 1 15 10 2 15 7 3 15 9 4 15 13 6 15 9 9 15 12 1 16 11 2 16 10 3 16 11 4 16 7 6 16 11 9 16 10 1 17 11 2 17 8 3 17 11 4 17 13 6 17 10 9 17 11 1 18 10 2 18 11 3 18 10 4 18 13 6 18 11 9 18 11 1 19 14 2 19 12 3 19 10 4 19 9 6 19 6 9 19 7
61 208 6 6 3 5 12 10 7 12 15 0 13 10 4 13 13 8 13 11 9 17 10
62 219 1 1 1 0 12 12
63 225 3 3 1 3 18 9 5 18 13 9 18 11
64 229 10 1 10 6 10 10 6 11 10 6 12 9 6 13 11 6 14 10 6 15 11 6 16 8 6 17 9 6 18 8 6 19 14
65 231 24 6 7 0 10 11 3 10 11 9 10 13 0 11 14 3 11 12 6 11 8 7 11 10 1 12 13 3 12 12 6 12 12 7 12 12 9 12 11 1 15 12 3 15 9 6 15 10 0 16 9 1 16 12 7 16 8 7 17 12 9 17 8 0 18 10 1 18 10 6 18 10 9 18 10
66 232 4 4 1 4 11 11 6 11 11 7 11 4 8 11 15
67 235 6 6 2 2 11 11 3 11 13 6 11 13 9 11 12 5 14 15 8 14 10
68 236 6 6 2 0 12 12 1 12 9 4 12 11 6 12 9 2 16 9 7 16 14
69 238 1 1 1 9 13 10
70 245 5 5 1 1 11 8 2 11 14 4 11 12 6 11 7 7 11 11
71 247 40 4 10 0 10 12 2 10 11 3 10 8 8 10 8 0 11 11 2 11 11 3 11 13 8 11 13 0 12 11 2 12 11 3 12 9 8 12 12 0 13 7 2 13 12 3 13 10 8 13 10 0 14 13 2 14 13 3 14 12 8 14 14 0 15 6 2 15 12 3 15 13 8 15 9 0 16 8 2 16 10 3 16 10 8 16 11 0 17 9 2 17 10 3 17 12 8 17 14 0 18 9 2 18 10 3 18 7 8 18 12 0 19 11 2 19 11 3 19 9 8 19 13
72 253 15 5 6 0 10 12 4 10 10 7 10 11 0 12 11 4 12 8 6 12 12 7 12 11 8 12 11 0 13 11 4 13 11 7 13 9 6 15 15 8 15 10 6 16 13 8 17 7
73 257 6 6 1 3 10 12 4 10 10 5 10 8 6 10 10 7 10 7 8 10 9
74 258 12 6 3 0 13 11 1 13 9 5 13 12 7 13 9 4 16 10 5 16 8 6 16 12 0 19 12 1 19 9 4 19 11 6 19 12 7 19 9
75 264 60 6 10 0 10 15 1 10 10 2 10 7 4 10 11 5 10 7 8 10 11 0 11 10 1 11 7 2 11 9 4 11 12 5 11 8 8 11 7 0 12 12 1 12 11 2 12 12 4 12 13 5 12 12 8 12 11 0 13 15 1 13 14 2 13 11 4 13 7 5 13 8 8 13 8 0 14 9 1 14 12 2 14 12 4 14 14 5 14 12 8 14 12 0 15 7 1 15 10 2 15 10 4 15 12 5 15 12 8 15 13 0 16 12 1 16 11 2 16 12 4 16 9 5 16 11 8 16 11 0 17 8 1 17 10 2 17 12 4 17 9 5 17 14 8 17 12 0 18 10 1 18 11 2 18 12 4 18 12 5 18 13 8 18 8 0 19 11 1 19 9 2 19 10 4 19 10 5 19 12 8 19 11
76 270 60 6 10 1 10 9 3 10 10 4 10 11 5 10 9 6 10 10 9 10 10 1 11 14 3 11 14 4 11 12 5 11 6 6 11 6 9 11 11 1 12 12 3 12 9 4 12 11 5 12 9 6 12 11 9 12 11 1 13 11 3 13 7 4 13 9 5 13 14 6 13 9 9 13 11 1 14 7 3 14 12 4 14 10 5 14 7 6 14 13 9 14 11 1 15 15 3 15 10 4 15 8 5 15 11 6 15 12 9 15 11 1 16 13 3 16 7 4 16 9 5 16 13 6 16 12 9 16 8 1 17 8 3 17 10 4 17 12 5 17 7 6 17 15 9 17 11 1 18 12 3 18 11 4 18 10 5 18 9 6 18 13 9 18 8 1 19 12 3 19 13 4 19 11 5 19 13 6 19 10 9 19 11
77 275 2 2 1 3 14 13 6 14 13
78 276 6 6 1 0 17 12 2 17 9 3 17 11 5 17 8 7 17 11 9 17 11
79 277 2 2 1 6 12 15 8 12 12
80 282 1 1 1 1 17 9
81 288 1 1 1 8 14 12
82 291 20 2 10 8 10 9 9 10 11 8 11 9 9 11 12 8 12 8 9 12 14 8 13 8 9 13 10 8 14 7 9 14 7 8 15 9 9 15 11 8 16 11 9 16 11 8 17 7 9 17 9 8 18 11 9 18 11 8 19 11 9 19 10
83 298 1 1 1 2 17 10
84 299 48 6 10 0 10 11 2 10 12 4 10 12 5 10 14 6 10 13 7 10 13 2 11 8 5 11 12 6 11 10 7 11 7 0 12 10 2 12 10 4 12 9 5 12 11 6 12 9 0 13 13 2 13 10 4 13 8 5 13 12 6 13 11 7 13 10 0 14 15 2 14 11 4 14 10 5 14 15 6 14 11 7 14 10 0 15 11 2 15 8 4 15 11 6 15 11 7 15 14 0 16 13 2 16 10 4 16 9 5 16 10 7 16 11 4 17 10 5 17 11 6 17 9 0 18 8 5 18 15 6 18 11 7 18 10 0 19 7 2 19 10 4 19 13 7 19 11
85 305 1 1 1 4 16 9
86 306 10 1 10 6 10 11 6 11 12 6 12 10 6 13 10 6 14 9 6 15 13 6 16 11 6 17 14 6 18 10 6 19 10
87 312 15 5 5 0 11 13 2 11 10 3 11 9 6 11 8 8 11 13 2 12 9 8 12 13 6 14 9 0 17 10 2 17 10 3 17 5 6 17 11 8 17 13 0 18 5 3 18 9
88 313 1 1 1 1 15 8
89 314 6 6 1 0 17 15 3 17 15 5 17 12 7 17 12 8 17 11 9 17 12
90 319 1 1 1 3 17 9
91 325 60 6 10 1 10 11 4 10 8 6 10 10 7 10 8 8 10 10 9 10 11 1 11 9 4 11 11 6 11 11 7 11 9 8 11 14 9 11 8 1 12 14 4 12 10 6 12 9 7 12 9 8 12 12 9 12 13 1 13 12 4 13 9 6 13 14 7 13 11 8 13 10 9 13 14 1 14 11 4 14 11 6 14 8 7 14 12 8 14 11 9 14 7 1 15 10 4 15 10 6 15 11 7 15 10 8 15 7 9 15 10 1 16 11 4 16 10 6 16 10 7 16 8 8 16 9 9 16 13 1 17 10 4 17 15 6 17 7 7 17 10 8 17 11 9 17 9 1 18 11 4 18 8 6 18 11 7 18 12 8 18 9 9 18 11 1 19 10 4 19 11 6 19 10 7 19 10 8 19 8 9 19 10
92 334 3 3 1 0 17 6 5 17 8 8 17 14
93 337 4 2 2 0 12 12 2 12 9 0 16 10 2 16 11
94 342 12 6 4 2 14 14 6 14 11 0 16 11 3 16 11 0 17 12 1 17 9 3 17 9 6 17 9 9 17 9 1 18 14 2 18 12 9 18 11
95 343 3 3 1 2 13 10 5 13 9 7 13 8
96 344 5 5 2 0 11 9 2 11 12 5 14 10 6 14 7 7 14 14
97 354 3 3 2 7 11 9 2 17 10 5 17 13
98 356 10 1 10 1 10 10 1 11 11 1 12 9 1 13 10 1 14 11 1 15 15 1 16 14 1 17 14 1 18 8 1 19 13
99 359 1 1 1 4 17 10
