20 100
0 0 1 1 1 3 14 10
1 2 18 6 5 0 10 9 1 10 12 2 10 13 4 10 13 9 10 3 2 14 7 4 14 9 0 15 12 1 15 9 2 15 14 8 15 11 1 16 12 4 16 10 8 16 12 9 16 13 0 18 9 8 18 10 9 18 12
2 4 6 6 1 0 15 11 1 15 8 2 15 11 4 15 12 5 15 12 9 15 8
3 8 1 1 1 1 10 14
4 10 12 6 4 1 11 12 4 11 11 7 11 11 8 11 7 0 12 13 4 12 10 6 12 8 7 12 9 8 12 10 0 17 12 1 19 10 6 19 13
5 11 2 2 1 4 18 7 7 18 7
6 13 1 1 1 2 18 7
7 14 3 3 2 1 10 9 2 13 12 9 13 10
8 17 1 1 1 4 15 8
9 20 12 4 5 1 10 10 0 11 9 3 11 11 8 11 13 1 14 9 3 14 11 0 17 11 1 17 7 3 17 8 8 17 8 0 18 11 8 18 12
10 24 50 5 10 0 10 13 2 10 13 4 10 9 6 10 7 9 10 8 0 11 7 2 11 10 4 11 8 6 11 11 9 11 10 0 12 13 2 12 10 4 12 12 6 12 8 9 12 9 0 13 6 2 13 11 4 13 8 6 13 12 9 13 12 0 14 9 2 14 7 4 14 13 6 14 9 9 14 8 0 15 9 2 15 13 4 15 12 6 15 12 9 15 12 0 16 9 2 16 11 4 16 10 6 16 13 9 16 10 0 17 9 2 17 12 4 17 9 6 17 12 9 17 9 0 18 12 2 18 11 4 18 5 6 18 12 9 18 10 0 19 11 2 19 14 4 19 14 6 19 4 9 19 9
11 27 12 6 3 2 10 8 3 10 6 5 10 6 6 10 9 9 10 12 2 12 10 3 12 9 5 12 10 6 12 13 7 12 10 9 12 9 7 19 12
12 28 6 6 3 3 13 10 6 13 8 1 16 12 7 16 11 0 17 12 8 17 8
13 42 3 3 1 0 18 8 3 18 10 7 18 14
14 43 12 6 4 3 12 11 5 12 9 9 12 6 0 14 12 6 14 13 3 16 11 4 16 10 6 16 9 9 16 10 0 17 9 4 17 10 5 17 11
15 45 12 4 5 3 11 7 9 11 9 8 13 13 0 15 9 8 15 12 9 15 13 0 16 12 3 16 11 8 16 14 9 16 13 0 17 7 3 17 10
16 46 60 6 10 1 10 11 3 10 12 4 10 13 5 10 12 6 10 14 8 10 9 1 11 11 3 11 11 4 11 9 5 11 11 6 11 9 8 11 10 1 12 11 3 12 12 4 12 10 5 12 16 6 12 11 8 12 12 1 13 15 3 13 9 4 13 14 5 13 10 6 13 8 8 13 10 1 14 11 3 14 8 4 14 12 5 14 6 6 14 13 8 14 12 1 15 9 3 15 16 4 15 10 5 15 12 6 15 9 8 15 11 1 16 10 3 16 12 4 16 15 5 16 14 6 16 14 8 16 8 1 17 13 3 17 12 4 17 5 5 17 15 6 17 12 8 17 11 1 18 10 3 18 15 4 18 14 5 18 14 6 18 8 8 18 10 1 19 10 3 19 11 4 19 10 5 19 10 6 19 11 8 19 8
17 47 6 6 1 0 13 13 2 13 11 4 13 7 6 13 9 8 13 10 9 13 10
18 52 6 6 2 0 14 10 2 17 7 3 17 12 4 17 13 8 17 8 9 17 10
19 57 30 6 9 0 10 10 3 10 11 5 10 12 7 10 11 8 10 7 3 11 11 4 11 9 7 11 11 8 11 13 4 12 11 3 13 11 4 13 13 7 13 8 8 13 9 0 14 9 3 14 10 4 14 10 7 14 11 8 14 9 0 16 11 4 16 8 5 16 10 5 17 10 8 17 8 0 18 11 5 18 12 0 19 9 3 19 7 5 19 12 7 19 8
20 59 1 1 1 6 16 12
21 67 1 1 1 9 10 9
22 68 6 6 2 6 12 10 8 12 12 9 12 11 2 17 9 4 17 12 5 17 10
23 71 10 5 3 0 10 10 1 10 7 3 10 12 6 10 10 7 10 9 0 11 10 1 11 11 6 11 8 7 11 11 3 13 9
24 80 1 1 1 2 13 11
25 86 2 2 2 4 11 11 7 18 9
26 89 1 1 1 6 11 9
27 90 60 6 10 0 10 16 1 10 10 2 10 9 3 10 10 6 10 11 8 10 6 0 11 7 1 11 11 2 11 10 3 11 8 6 11 10 8 11 11 0 12 8 1 12 13 2 12 12 3 12 9 6 12 12 8 12 14 0 13 13 1 13 9 2 13 12 3 13 11 6 13 10 8 13 13 0 14 11 1 14 10 2 14 9 3 14 11 6 14 9 8 14 13 0 15 12 1 15 10 2 15 13 3 15 15 6 15 10 8 15 13 0 16 15 1 16 13 2 16 12 3 16 9 6 16 12 8 16 7 0 17 9 1 17 12 2 17 9 3 17 10 6 17 13 8 17 12 0 18 17 1 18 9 2 18 10 3 18 7 6 18 14 8 18 11 0 19 9 1 19 10 2 19 11 3 19 9 6 19 8 8 19 11
28 91 4 2 2 6 10 9 7 10 7 6 12 11 7 12 11
29 95 1 1 1 9 16 11
30 101 24 6 7 2 10 12 5 10 10 9 10 7 0 13 12 2 13 8 3 13 11 5 13 6 7 13 11 2 14 12 3 14 11 5 14 9 7 14 11 0 15 11 3 15 13 5 15 11 9 15 11 0 16 11 3 16 8 9 16 10 0 17 13 2 17 8 7 17 9 9 17 12 7 18 12
31 107 12 4 5 3 10 16 4 10 12 3 11 9 6 11 13 1 13 11 4 13 13 6 13 9 1 14 14 3 14 10 1 16 9 4 16 12 6 16 12
32 114 2 2 1 4 11 9 8 11 8
33 120 18 6 6 1 10 12 3 10 8 6 10 8 8 10 8 6 11 14 7 11 10 2 14 12 8 14 11 1 16 9 2 16 13 3 16 11 7 16 11 1 17 8 3 17 13 6 17 12 7 17 14 8 17 13 2 18 9
34 125 60 6 10 0 10 9 2 10 12 4 10 12 6 10 10 7 10 12 8 10 15 0 11 12 2 11 10 4 11 12 6 11 10 7 11 12 8 11 12 0 12 13 2 12 8 4 12 10 6 12 11 7 12 11 8 12 7 0 13 13 2 13 10 4 13 9 6 13 12 7 13 10 8 13 12 0 14 6 2 14 10 4 14 12 6 14 12 7 14 9 8 14 10 0 15 7 2 15 11 4 15 12 6 15 13 7 15 11 8 15 12 0 16 8 2 16 12 4 16 12 6 16 10 7 16 13 8 16 8 0 17 9 2 17 8 4 17 9 6 17 8 7 17 12 8 17 13 0 18 14 2 18 10 4 18 10 6 18 10 7 18 15 8 18 12 0 19 11 2 19 11 4 19 11 6 19 9 7 19 11 8 19 11
35 127 4 4 1 0 10 15 1 10 13 2 10 16 6 10 7
36 132 1 1 1 1 16 10
37 135 2 2 1 3 11 11 5 11 12
38 137 2 2 1 4 17 9 5 17 11
39 140 36 6 10 3 10 10 4 10 12 5 10 11 6 10 11 7 10 11 9 10 11 3 11 14 4 11 11 5 11 7 6 11 12 7 11 10 9 11 12 4 12 8 7 12 11 3 13 7 4 13 12 6 13 11 7 13 11 4 14 12 6 14 11 9 14 11 4 15 11 5 15 8 9 15 10 3 16 10 5 16 7 6 16 8 3 17 10 5 17 12 5 18 11 7 18 10 9 18 13 3 19 6 6 19 13 7 19 12 9 19 14
40 146 6 6 2 3 13 8 7 13 9 1 16 12 2 16 12 5 16 10 9 16 9
41 149 6 6 2 4 10 9 1 18 12 2 18 11 5 18 10 6 18 9 9 18 9
42 155 1 1 1 9 19 8
43 156 30 3 10 1 10 7 8 10 9 9 10 10 1 11 13 8 11 11 9 11 9 1 12 9 8 12 10 9 12 10 1 13 8 8 13 11 9 13 8 1 14 8 8 14 12 9 14 12 1 15 11 8 15 12 9 15 12 1 16 12 8 16 13 9 16 10 1 17 15 8 17 7 9 17 12 1 18 7 8 18 10 9 18 11 1 19 11 8 19 6 9 19 14
44 159 12 6 3 4 10 11 0 13 9 1 13 10 2 13 11 4 13 12 5 13 9 7 13 10 0 15 12 1 15 9 2 15 11 5 15 15 7 15 8
45 160 1 1 1 8 14 12
46 161 18 6 6 5 10 12 1 11 14 5 12 8 6 12 10 7 12 11 9 12 6 0 14 11 6 14 8 7 14 11 9 14 11 0 17 12 1 17 11 9 17 14 0 18 11 1 18 12 5 18 14 6 18 9 7 18 11
47 163 18 6 5 2 10 13 3 10 8 7 10 10 9 10 11 1 12 11 3 12 10 4 12 8 7 12 9 9 12 13 9 13 11 1 14 15 2 14 10 3 14 11 4 14 11 7 14 11 1 16 11 2 16 11 4 16 9
48 166 2 2 1 0 18 11 2 18 12
49 167 6 6 1 0 16 8 1 16 9 2 16 11 4 16 8 5 16 12 6 16 7
50 169 12 6 4 1 11 10 2 14 13 5 14 10 6 14 11 1 15 8 2 15 13 3 15 9 9 15 11 3 17 10 5 17 14 6 17 11 9 17 9
51 170 6 6 1 0 11 13 2 11 10 4 11 7 5 11 10 6 11 9 8 11 9
52 176 1 1 1 5 10 10
53 177 18 6 6 4 10 10 5 10 8 8 10 12 2 11 13 6 11 10 8 11 13 2 15 9 4 15 14 6 15 13 8 15 15 5 16 7 6 16 15 9 16 15 2 17 9 5 17 9 9 17 7 4 18 8 9 18 12
54 184 3 3 1 1 15 7 4 15 12 8 15 8
55 188 6 6 1 0 16 9 1 16 7 2 16 12 3 16 14 6 16 10 8 16 12
56 189 3 3 2 1 13 11 2 13 11 8 15 8
57 193 24 6 8 2 11 14 4 11 8 0 12 9 1 13 10 3 13 9 5 13 9 0 14 12 3 14 10 4 14 12 0 15 12 1 15 9 2 15 11 4 15 12 5 15 13 3 16 7 4 16 14 5 16 12 1 17 11 2 17 12 3 17 10 5 17 13 0 18 10 1 18 10 2 18 10
58 198 6 3 3 3 12 13 8 12 12 3 17 8 5 17 12 8 17 9 5 18 11
59 204 4 4 1 2 13 10 4 13 8 5 13 9 9 13 10
60 206 24 6 7 1 10 8 2 10 10 6 10 12 9 10 12 1 11 8 2 11 13 8 11 13 9 11 9 0 12 14 6 12 12 8 12 9 9 12 9 0 14 12 6 14 16 8 14 8 1 15 12 2 15 9 6 15 13 8 15 6 9 15 8 0 17 14 1 17 11 0 19 10 2 19 11
61 208 10 1 10 2 10 16 2 11 12 2 12 11 2 13 12 2 14 11 2 15 10 2 16 8 2 17 12 2 18 13 2 19 9
62 219 3 3 1 2 14 11 3 14 12 7 14 13
63 225 20 2 10 3 10 10 5 10 12 3 11 10 5 11 10 3 12 11 5 12 11 3 13 10 5 13 12 3 14 12 5 14 12 3 15 10 5 15 12 3 16 15 5 16 11 3 17 13 5 17 13 3 18 12 5 18 14 3 19 12 5 19 15
64 229 1 1 1 0 15 8
65 231 1 1 1 8 15 11
66 232 1 1 1 6 10 11
67 235 24 6 7 2 10 11 3 10 11 6 10 9 7 10 9 0 11 13 3 11 8 6 11 11 0 12 9 6 12 11 7 12 12 8 12 11 0 15 9 2 15 11 8 15 11 2 17 12 7 17 10 0 18 11 2 18 13 3 18 13 6 18 10 7 18 8 8 18 7 3 19 12 8 19 12
68 236 2 2 1 7 12 9 8 12 6
69 238 60 6 10 1 10 7 2 10 9 3 10 10 7 10 9 8 10 14 9 10 12 1 11 9 2 11 10 3 11 9 7 11 12 8 11 10 9 11 11 1 12 10 2 12 12 3 12 7 7 12 8 8 12 9 9 12 9 1 13 9 2 13 10 3 13 11 7 13 10 8 13 13 9 13 8 1 14 11 2 14 8 3 14 9 7 14 15 8 14 10 9 14 10 1 15 13 2 15 10 3 15 12 7 15 10 8 15 9 9 15 12 1 16 11 2 16 10 3 16 14 7 16 9 8 16 10 9 16 12 1 17 9 2 17 11 3 17 11 7 17 10 8 17 11 9 17 11 1 18 11 2 18 10 3 18 12 7 18 13 8 18 8 9 18 10 1 19 15 2 19 10 3 19 10 7 19 13 8 19 12 9 19 11
70 245 12 6 4 6 15 8 0 16 11 3 16 14 6 16 12 9 16 8 2 17 12 8 17 8 0 19 11 2 19 6 3 19 11 8 19 9 9 19 12
71 247 18 6 6 0 11 11 3 11 11 5 11 11 6 11 8 9 11 10 0 12 10 3 12 11 6 12 12 5 13 14 4 16 12 6 16 14 9 16 12 0 17 10 3 17 11 4 17 8 9 17 9 4 18 11 5 18 11
72 253 1 1 1 5 10 11
73 257 1 1 1 0 10 9
74 258 24 6 7 1 10 7 4 10 8 6 10 9 4 11 9 6 11 9 9 11 10 0 12 10 1 12 14 4 12 10 5 12 14 6 12 10 0 14 13 4 14 12 5 14 10 9 14 12 1 15 11 6 15 12 9 15 10 0 16 9 1 16 9 5 16 10 0 18 10 5 18 11 9 18 11
75 264 18 6 5 5 12 14 6 12 11 1 13 8 2 13 10 3 13 10 6 13 9 8 13 6 1 14 11 3 14 11 5 14 10 6 14 12 2 17 7 8 17 11 1 18 8 2 18 13 3 18 9 5 18 10 8 18 10
76 270 1 1 1 0 12 12
77 275 4 4 2 4 10 8 8 10 9 9 10 9 0 19 12
78 276 3 3 1 1 13 11 4 13 8 8 13 12
79 277 4 4 1 0 13 13 1 13 10 7 13 12 9 13 9
80 282 18 6 5 2 10 10 5 10 11 7 10 9 8 10 9 4 11 11 5 11 7 2 14 7 7 14 13 8 14 8 9 14 15 4 16 10 5 16 7 9 16 12 2 18 10 4 18 10 7 18 14 8 18 14 9 18 13
81 288 1 1 1 3 11 13
82 291 6 6 1 1 11 12 2 11 8 5 11 10 7 11 13 8 11 14 9 11 9
83 298 60 6 10 0 10 11 1 10 8 3 10 9 5 10 9 7 10 14 8 10 10 0 11 9 1 11 11 3 11 6 5 11 16 7 11 11 8 11 11 0 12 11 1 12 15 3 12 13 5 12 8 7 12 12 8 12 7 0 13 10 1 13 10 3 13 14 5 13 11 7 13 9 8 13 11 0 14 10 1 14 9 3 14 9 5 14 8 7 14 12 8 14 11 0 15 11 1 15 13 3 15 8 5 15 8 7 15 12 8 15 11 0 16 8 1 16 11 3 16 10 5 16 9 7 16 7 8 16 12 0 17 11 1 17 10 3 17 12 5 17 8 7 17 13 8 17 7 0 18 9 1 18 9 3 18 10 5 18 14 7 18 10 8 18 16 0 19 11 1 19 9 3 19 12 5 19 12 7 19 12 8 19 10
84 299 15 5 5 5 13 11 7 13 10 8 13 9 0 15 15 5 15 11 7 15 7 0 16 14 5 16 11 9 16 10 0 17 14 7 17 11 8 17 9 9 17 10 8 19 13 9 19 12
85 305 2 2 2 7 12 11 8 15 10
86 306 10 5 3 2 11 11 4 11 11 1 12 5 3 12 8 4 12 9 7 12 10 1 15 14 2 15 9 3 15 9 7 15 11
87 312 6 6 1 0 18 12 2 18 16 3 18 12 4 18 10 7 18 12 8 18 11
88 313 6 6 1 1 16 11 2 16 11 3 16 11 4 16 12 7 16 11 9 16 14
89 314 50 5 10 0 10 10 1 10 12 2 10 10 3 10 9 8 10 8 0 11 12 1 11 10 2 11 9 3 11 14 8 11 11 0 12 11 1 12 12 2 12 8 3 12 9 8 12 12 0 13 9 1 13 6 2 13 9 3 13 8 8 13 8 0 14 10 1 14 12 2 14 9 3 14 13 8 14 11 0 15 10 1 15 9 2 15 14 3 15 14 8 15 13 0 16 13 1 16 9 2 16 11 3 16 10 8 16 8 0 17 7 1 17 9 2 17 10 3 17 11 8 17 13 0 18 6 1 18 10 2 18 11 3 18 10 8 18 11 0 19 10 1 19 12 2 19 8 3 19 13 8 19 13
90 319 1 1 1 0 12 14
91 325 12 6 5 0 12 14 3 12 10 9 15 12 4 17 13 6 17 9 8 17 12 9 17 10 4 18 12 6 18 12 0 19 8 3 19 12 8 19 3
92 334 1 1 1 3 10 12
93 337 6 3 3 2 11 10 4 11 10 7 12 13 2 19 8 4 19 8 7 19 9
94 342 6 6 1 1 13 8 3 13 9 4 13 12 6 13 9 7 13 11 8 13 11
95 343 60 6 10 1 10 12 2 10 8 3 10 12 6 10 11 8 10 9 9 10 8 1 11 11 2 11 9 3 11 15 6 11 11 8 11 12 9 11 10 1 12 14 2 12 9 3 12 11 6 12 7 8 12 9 9 12 10 1 13 13 2 13 13 3 13 12 6 13 11 8 13 10 9 13 9 1 14 11 2 14 9 3 14 11 6 14 11 8 14 13 9 14 11 1 15 15 2 15 12 3 15 14 6 15 9 8 15 9 9 15 8 1 16 9 2 16 13 3 16 11 6 16 12 8 16 9 9 16 8 1 17 10 2 17 10 3 17 9 6 17 14 8 17 11 9 17 7 1 18 13 2 18 12 3 18 12 6 18 12 8 18 11 9 18 11 1 19 11 2 19 10 3 19 12 6 19 12 8 19 12 9 19 8
96 344 6 6 2 1 16 9 5 16 11 6 16 9 0 17 9 2 17 10 8 17 9
97 354 1 1 1 1 13 9
98 356 1 1 1 2 19 8
99 359 6 6 3 2 14 10 8 14 14 1 17 10 6 17 10 0 18 11 3 18 11
