20 100
0 0 5 5 1 0 15 11 1 15 6 2 15 9 7 15 12 8 15 12
1 2 6 6 1 0 16 13 1 16 11 3 16 10 4 16 7 6 16 11 9 16 10
2 4 12 6 3 3 12 14 5 12 9 9 12 12 4 13 10 6 13 9 7 13 12 9 13 9 3 18 12 4 18 13 5 18 6 6 18 12 7 18 9
3 8 10 5 4 0 10 10 1 10 10 3 10 12 6 10 13 9 10 10 3 12 11 9 18 9 0 19 9 1 19 10 6 19 14
4 10 3 3 1 1 18 11 3 18 13 7 18 8
5 11 2 2 1 0 12 10 5 12 10
6 13 1 1 1 1 12 11
7 14 12 6 3 0 12 5 8 12 9 1 15 12 5 15 11 6 15 11 7 15 10 0 18 12 1 18 15 5 18 14 6 18 14 7 18 12 8 18 9
8 17 24 6 7 0 12 13 5 12 15 6 12 9 9 12 6 0 13 10 2 13 10 3 13 8 5 13 10 9 13 7 0 14 12 2 14 8 3 14 12 5 14 8 6 14 7 9 14 9 3 15 10 6 15 12 0 16 11 2 16 8 5 16 10 6 16 8 9 16 9 3 17 12 2 18 13
9 20 6 6 2 0 14 12 6 14 9 1 18 6 5 18 13 7 18 12 8 18 11
10 24 2 2 1 4 12 9 9 12 10
11 27 24 6 6 0 11 7 2 11 10 8 11 11 9 11 9 2 12 11 4 12 10 8 12 11 9 12 10 0 15 14 5 15 8 9 15 7 2 16 11 4 16 8 5 16 12 8 16 13 9 16 13 0 17 12 4 17 12 5 17 9 8 17 10 0 19 12 2 19 9 4 19 14 5 19 8
12 28 1 1 1 3 16 12
13 42 1 1 1 6 13 12
14 43 6 6 2 1 14 11 3 14 12 5 14 11 7 14 14 8 14 11 9 19 9
15 45 2 2 1 1 17 13 6 17 9
16 46 2 2 2 2 16 10 9 19 12
17 47 40 4 10 2 10 7 7 10 11 8 10 9 9 10 12 2 11 11 7 11 9 8 11 10 9 11 9 2 12 9 7 12 8 8 12 13 9 12 12 2 13 11 7 13 9 8 13 12 9 13 9 2 14 9 7 14 12 8 14 9 9 14 11 2 15 7 7 15 12 8 15 12 9 15 9 2 16 10 7 16 14 8 16 13 9 16 11 2 17 9 7 17 8 8 17 10 9 17 8 2 18 13 7 18 9 8 18 9 9 18 9 2 19 8 7 19 12 8 19 13 9 19 11
18 52 18 6 5 2 10 11 5 10 9 8 10 12 9 10 11 6 11 14 7 11 6 9 11 10 2 15 7 5 15 11 6 15 14 7 15 8 9 15 8 2 16 7 6 16 7 7 16 11 8 16 11 5 19 10 8 19 11
19 57 2 2 1 1 18 9 6 18 11
20 59 18 6 5 1 14 8 3 14 11 4 14 10 6 14 10 8 14 12 4 15 9 6 15 9 8 15 11 9 15 10 4 16 13 9 16 8 1 17 14 3 17 10 6 17 10 1 18 7 3 18 11 8 18 15 9 18 13
21 67 60 6 10 0 10 11 1 10 7 2 10 12 4 10 8 7 10 12 9 10 9 0 11 10 1 11 13 2 11 10 4 11 10 7 11 13 9 11 11 0 12 11 1 12 10 2 12 12 4 12 13 7 12 14 9 12 10 0 13 11 1 13 10 2 13 9 4 13 9 7 13 10 9 13 10 0 14 9 1 14 11 2 14 10 4 14 9 7 14 6 9 14 13 0 15 10 1 15 10 2 15 12 4 15 13 7 15 10 9 15 10 0 16 12 1 16 11 2 16 10 4 16 8 7 16 11 9 16 7 0 17 10 1 17 6 2 17 10 4 17 9 7 17 13 9 17 9 0 18 12 1 18 7 2 18 9 4 18 7 7 18 11 9 18 12 0 19 9 1 19 7 2 19 7 4 19 10 7 19 9 9 19 12
22 68 2 2 1 3 14 10 5 14 11
23 71 2 2 1 3 13 11 4 13 14
24 80 2 2 1 0 15 10 5 15 16
25 86 8 4 3 0 11 9 5 11 12 7 11 13 9 11 8 5 12 11 9 12 13 0 13 13 7 13 10
26 89 18 6 5 1 10 8 3 10 9 8 10 7 1 13 11 3 13 9 5 13 13 6 13 11 0 16 9 5 16 10 0 18 11 5 18 12 6 18 8 8 18 10 0 19 11 1 19 9 3 19 12 6 19 11 8 19 13
27 90 6 6 1 0 13 6 5 13 11 6 13 9 7 13 8 8 13 8 9 13 11
28 91 50 5 10 0 10 12 4 10 10 6 10 13 8 10 10 9 10 7 0 11 11 4 11 8 6 11 11 8 11 9 9 11 7 0 12 11 4 12 12 6 12 8 8 12 14 9 12 10 0 13 12 4 13 12 6 13 9 8 13 10 9 13 14 0 14 13 4 14 9 6 14 12 8 14 9 9 14 18 0 15 11 4 15 10 6 15 11 8 15 10 9 15 11 0 16 9 4 16 9 6 16 11 8 16 11 9 16 10 0 17 12 4 17 10 6 17 10 8 17 7 9 17 13 0 18 9 4 18 11 6 18 10 8 18 10 9 18 12 0 19 11 4 19 8 6 19 9 8 19 11 9 19 10
29 95 20 2 10 0 10 12 6 10 11 0 11 8 6 11 10 0 12 10 6 12 11 0 13 12 6 13 12 0 14 13 6 14 11 0 15 11 6 15 10 0 16 10 6 16 14 0 17 10 6 17 10 0 18 10 6 18 9 0 19 8 6 19 12
30 101 1 1 1 5 10 9
31 107 6 6 1 2 19 14 3 19 11 5 19 11 6 19 13 8 19 10 9 19 12
32 114 2 2 1 2 10 8 7 10 9
33 120 2 2 1 0 19 9 7 19 11
34 125 6 6 1 0 12 10 2 12 12 4 12 13 5 12 7 6 12 9 9 12 10
35 127 6 3 3 4 12 9 9 12 11 4 13 11 5 13 10 9 13 12 5 14 10
36 132 12 6 4 0 11 15 1 11 13 2 11 12 6 11 9 8 11 10 1 13 10 2 13 15 0 14 8 5 14 9 5 15 9 6 15 10 8 15 10
37 135 24 6 7 2 11 14 5 11 11 7 11 11 9 11 6 9 12 12 1 14 6 7 14 10 8 14 5 1 15 7 5 15 9 8 15 13 1 16 11 2 16 10 5 16 15 7 16 13 2 17 10 7 17 7 8 17 12 9 17 12 1 18 10 2 18 11 5 18 7 8 18 13 9 18 7
38 137 6 6 2 5 13 10 6 13 10 7 13 8 8 13 11 0 18 12 2 18 11
39 140 1 1 1 7 17 11
40 146 6 6 2 8 16 7 9 16 10 2 17 11 4 17 13 6 17 8 7 17 14
41 149 60 6 10 3 10 10 4 10 6 5 10 12 6 10 8 7 10 8 8 10 7 3 11 11 4 11 11 5 11 11 6 11 10 7 11 14 8 11 11 3 12 6 4 12 9 5 12 10 6 12 11 7 12 14 8 12 5 3 13 10 4 13 13 5 13 12 6 13 13 7 13 7 8 13 13 3 14 15 4 14 11 5 14 11 6 14 11 7 14 11 8 14 10 3 15 13 4 15 8 5 15 10 6 15 8 7 15 9 8 15 11 3 16 11 4 16 8 5 16 13 6 16 10 7 16 9 8 16 6 3 17 9 4 17 15 5 17 12 6 17 10 7 17 10 8 17 13 3 18 10 4 18 10 5 18 11 6 18 10 7 18 10 8 18 9 3 19 10 4 19 9 5 19 13 6 19 15 7 19 11 8 19 8
42 155 6 3 3 2 10 12 5 10 10 2 12 12 9 12 11 5 17 11 9 17 13
43 156 2 2 1 1 15 10 7 15 9
44 159 18 6 5 0 11 12 1 11 14 4 11 10 1 12 11 2 12 16 4 12 10 6 12 9 1 13 12 4 13 13 6 13 11 9 13 9 0 14 9 2 14 9 6 14 10 9 14 9 0 17 9 2 17 8 9 17 11
45 160 15 5 5 0 15 15 5 15 9 6 15 9 9 15 8 0 16 14 3 17 10 5 17 7 6 17 6 0 18 10 3 18 12 9 18 13 3 19 8 5 19 10 6 19 6 9 19 9
46 161 4 4 1 0 13 10 5 13 14 6 13 7 9 13 9
47 163 1 1 1 8 16 9
48 166 2 2 1 0 10 13 6 10 8
49 167 6 6 1 0 16 12 1 16 8 2 16 12 4 16 11 6 16 9 9 16 12
50 169 6 6 1 0 17 8 1 17 10 5 17 19 7 17 11 8 17 13 9 17 13
51 170 1 1 1 4 17 10
52 176 12 6 3 2 15 13 4 15 12 6 15 9 9 15 9 3 17 8 4 17 13 6 17 12 7 17 12 9 17 10 2 19 11 3 19 10 7 19 11
53 177 12 6 4 3 11 13 7 11 4 8 11 10 9 11 12 5 12 12 9 12 11 0 17 11 3 17 7 7 17 10 0 18 10 5 18 11 8 18 10
54 184 1 1 1 5 19 12
55 188 2 2 1 4 11 10 9 11 10
56 189 60 6 10 1 10 10 2 10 15 5 10 10 6 10 10 8 10 11 9 10 10 1 11 11 2 11 7 5 11 11 6 11 12 8 11 11 9 11 11 1 12 8 2 12 12 5 12 7 6 12 13 8 12 11 9 12 11 1 13 13 2 13 7 5 13 10 6 13 13 8 13 12 9 13 10 1 14 8 2 14 13 5 14 14 6 14 12 8 14 11 9 14 12 1 15 12 2 15 13 5 15 10 6 15 8 8 15 7 9 15 10 1 16 10 2 16 9 5 16 12 6 16 7 8 16 9 9 16 8 1 17 8 2 17 10 5 17 10 6 17 12 8 17 11 9 17 10 1 18 12 2 18 9 5 18 10 6 18 11 8 18 10 9 18 11 1 19 13 2 19 12 5 19 6 6 19 11 8 19 9 9 19 8
57 193 6 6 1 2 13 10 3 13 8 6 13 12 7 13 10 8 13 7 9 13 8
58 198 2 2 1 1 10 11 4 10 12
59 204 24 6 7 0 11 9 2 11 8 8 11 10 0 12 7 1 12 14 4 12 9 6 12 11 2 13 9 4 13 10 0 14 13 1 14 14 4 14 11 6 14 12 8 14 13 1 15 12 6 15 10 8 15 9 1 16 13 2 16 14 0 19 10 2 19 11 4 19 12 6 19 10 8 19 10
60 206 60 6 10 0 10 10 1 10 14 3 10 11 4 10 8 5 10 9 8 10 10 0 11 9 1 11 11 3 11 15 4 11 9 5 11 10 8 11 11 0 12 11 1 12 11 3 12 12 4 12 11 5 12 8 8 12 11 0 13 10 1 13 11 3 13 12 4 13 12 5 13 13 8 13 9 0 14 12 1 14 10 3 14 12 4 14 12 5 14 12 8 14 9 0 15 9 1 15 12 3 15 11 4 15 9 5 15 13 8 15 10 0 16 10 1 16 17 3 16 9 4 16 15 5 16 11 8 16 13 0 17 12 1 17 8 3 17 10 4 17 12 5 17 15 8 17 11 0 18 9 1 18 10 3 18 12 4 18 12 5 18 10 8 18 10 0 19 10 1 19 10 3 19 11 4 19 9 5 19 10 8 19 10
61 208 60 6 10 2 10 13 3 10 10 4 10 12 7 10 12 8 10 10 9 10 10 2 11 9 3 11 9 4 11 7 7 11 13 8 11 10 9 11 9 2 12 12 3 12 8 4 12 8 7 12 11 8 12 10 9 12 8 2 13 10 3 13 12 4 13 9 7 13 11 8 13 10 9 13 11 2 14 13 3 14 12 4 14 11 7 14 8 8 14 10 9 14 12 2 15 12 3 15 11 4 15 12 7 15 13 8 15 11 9 15 12 2 16 8 3 16 13 4 16 12 7 16 12 8 16 12 9 16 8 2 17 11 3 17 11 4 17 11 7 17 11 8 17 9 9 17 9 2 18 10 3 18 12 4 18 6 7 18 9 8 18 8 9 18 6 2 19 10 3 19 8 4 19 9 7 19 9 8 19 13 9 19 12
62 219 3 3 1 2 19 11 4 19 7 9 19 14
63 225 60 6 10 1 10 14 2 10 7 3 10 12 4 10 11 7 10 15 8 10 7 1 11 10 2 11 15 3 11 11 4 11 12 7 11 11 8 11 12 1 12 8 2 12 10 3 12 11 4 12 10 7 12 11 8 12 13 1 13 13 2 13 11 3 13 9 4 13 8 7 13 10 8 13 10 1 14 8 2 14 14 3 14 13 4 14 9 7 14 10 8 14 14 1 15 13 2 15 11 3 15 11 4 15 10 7 15 11 8 15 14 1 16 9 2 16 9 3 16 8 4 16 8 7 16 11 8 16 9 1 17 6 2 17 9 3 17 10 4 17 6 7 17 8 8 17 9 1 18 8 2 18 11 3 18 7 4 18 13 7 18 10 8 18 10 1 19 10 2 19 8 3 19 13 4 19 13 7 19 10 8 19 6
64 229 12 6 4 7 10 10 0 12 10 4 12 8 6 12 7 7 12 14 9 12 15 2 14 10 6 14 9 9 14 8 0 15 12 2 15 11 4 15 11
65 231 5 5 1 3 14 11 4 14 10 5 14 11 6 14 8 8 14 7
66 232 1 1 1 3 19 11
67 235 60 6 10 1 10 9 2 10 9 4 10 11 5 10 9 8 10 9 9 10 10 1 11 9 2 11 10 4 11 4 5 11 13 8 11 13 9 11 12 1 12 14 2 12 10 4 12 8 5 12 12 8 12 11 9 12 13 1 13 12 2 13 12 4 13 7 5 13 10 8 13 11 9 13 11 1 14 12 2 14 10 4 14 11 5 14 9 8 14 11 9 14 7 1 15 9 2 15 10 4 15 8 5 15 10 8 15 10 9 15 12 1 16 12 2 16 8 4 16 12 5 16 11 8 16 14 9 16 7 1 17 10 2 17 13 4 17 9 5 17 11 8 17 11 9 17 11 1 18 11 2 18 15 4 18 9 5 18 11 8 18 7 9 18 11 1 19 9 2 19 13 4 19 10 5 19 12 8 19 12 9 19 14
68 236 6 6 2 7 15 9 0 17 10 1 17 12 2 17 10 4 17 11 5 17 10
69 238 6 3 3 2 14 9 0 16 10 3 16 10 0 18 13 2 18 10 3 18 11
70 245 1 1 1 1 17 10
71 247 24 6 6 4 10 14 8 10 12 0 11 11 1 11 10 2 11 11 4 11 10 5 11 12 0 12 11 1 12 9 2 12 10 4 12 13 5 12 9 8 12 12 0 13 10 1 13 12 2 13 11 5 13 10 0 14 14 1 14 13 8 14 9 2 15 12 4 15 7 5 15 10 8 15 12
72 253 1 1 1 4 18 10
73 257 6 6 1 0 14 14 2 14 11 5 14 10 7 14 8 8 14 8 9 14 8
74 258 12 6 3 5 10 12 6 10 9 0 14 12 1 14 10 2 14 14 8 14 10 0 15 11 1 15 10 2 15 9 5 15 8 6 15 11 8 15 8
75 264 1 1 1 3 10 8
76 270 24 6 7 0 10 11 2 10 12 4 10 9 6 10 8 0 11 11 8 11 9 0 12 9 2 12 11 4 12 7 5 12 11 8 12 9 2 13 9 5 13 11 6 13 8 8 13 8 2 14 10 5 14 13 6 14 10 8 14 9 4 16 12 5 16 12 0 19 13 4 19 12 6 19 9
77 275 24 6 7 0 10 8 1 10 12 3 10 10 4 10 10 5 10 7 0 11 15 1 11 14 3 11 12 4 12 12 7 12 11 0 13 13 3 13 11 4 13 11 5 13 15 7 13 6 1 16 13 3 16 9 5 16 6 7 16 9 0 18 9 1 18 11 7 18 14 4 19 11 5 19 10
78 276 1 1 1 0 13 13
79 277 60 6 10 1 10 11 2 10 10 5 10 9 6 10 14 7 10 9 9 10 8 1 11 9 2 11 12 5 11 12 6 11 8 7 11 11 9 11 8 1 12 14 2 12 6 5 12 12 6 12 9 7 12 11 9 12 11 1 13 8 2 13 13 5 13 9 6 13 10 7 13 11 9 13 11 1 14 10 2 14 12 5 14 8 6 14 9 7 14 10 9 14 11 1 15 9 2 15 11 5 15 8 6 15 10 7 15 12 9 15 10 1 16 12 2 16 7 5 16 11 6 16 11 7 16 10 9 16 14 1 17 8 2 17 15 5 17 9 6 17 12 7 17 9 9 17 11 1 18 9 2 18 13 5 18 13 6 18 9 7 18 7 9 18 11 1 19 7 2 19 13 5 19 9 6 19 9 7 19 10 9 19 11
80 282 50 5 10 3 10 10 4 10 14 5 10 14 6 10 11 7 10 12 3 11 12 4 11 10 5 11 8 6 11 10 7 11 9 3 12 12 4 12 7 5 12 11 6 12 7 7 12 11 3 13 14 4 13 14 5 13 6 6 13 10 7 13 9 3 14 12 4 14 8 5 14 14 6 14 9 7 14 13 3 15 11 4 15 10 5 15 9 6 15 11 7 15 12 3 16 12 4 16 15 5 16 12 6 16 8 7 16 11 3 17 7 4 17 10 5 17 14 6 17 10 7 17 12 3 18 12 4 18 9 5 18 9 6 18 12 7 18 8 3 19 15 4 19 9 5 19 8 6 19 10 7 19 12
81 288 24 6 8 3 11 16 1 12 9 3 12 10 5 12 6 2 13 9 8 13 13 9 13 9 1 14 10 5 14 11 2 15 11 3 16 10 8 16 12 9 16 14 1 17 12 2 17 12 5 17 12 8 17 13 9 17 5 1 19 12 2 19 13 3 19 10 5 19 13 8 19 11 9 19 10
82 291 12 6 3 0 10 14 2 10 12 4 10 12 6 10 12 5 12 9 8 12 10 0 14 11 2 14 9 4 14 13 5 14 9 6 14 12 8 14 7
83 298 6 6 1 1 10 13 3 10 8 4 10 12 6 10 13 7 10 12 8 10 11
84 299 60 6 10 1 10 13 3 10 10 5 10 12 6 10 12 8 10 9 9 10 10 1 11 8 3 11 11 5 11 14 6 11 9 8 11 10 9 11 11 1 12 11 3 12 11 5 12 11 6 12 11 8 12 12 9 12 9 1 13 11 3 13 7 5 13 11 6 13 10 8 13 7 9 13 10 1 14 10 3 14 10 5 14 11 6 14 9 8 14 10 9 14 10 1 15 10 3 15 14 5 15 11 6 15 8 8 15 11 9 15 10 1 16 8 3 16 9 5 16 11 6 16 11 8 16 10 9 16 11 1 17 7 3 17 11 5 17 9 6 17 11 8 17 13 9 17 12 1 18 13 3 18 8 5 18 11 6 18 10 8 18 11 9 18 10 1 19 13 3 19 10 5 19 11 6 19 9 8 19 10 9 19 11
85 305 12 6 4 4 13 11 5 13 10 8 13 12 2 14 15 2 15 9 3 15 12 5 15 11 7 15 6 8 15 8 3 19 8 4 19 8 7 19 10
86 306 40 4 10 0 10 8 4 10 9 5 10 14 8 10 10 0 11 7 4 11 11 5 11 9 8 11 12 0 12 10 4 12 9 5 12 9 8 12 9 0 13 12 4 13 13 5 13 9 8 13 12 0 14 8 4 14 8 5 14 12 8 14 12 0 15 12 4 15 13 5 15 10 8 15 10 0 16 10 4 16 9 5 16 12 8 16 13 0 17 12 4 17 11 5 17 13 8 17 13 0 18 11 4 18 12 5 18 7 8 18 10 0 19 10 4 19 13 5 19 13 8 19 15
87 312 60 6 10 0 10 12 1 10 11 4 10 9 6 10 11 7 10 10 9 10 10 0 11 9 1 11 5 4 11 11 6 11 6 7 11 10 9 11 9 0 12 12 1 12 13 4 12 13 6 12 9 7 12 11 9 12 11 0 13 10 1 13 13 4 13 14 6 13 12 7 13 11 9 13 11 0 14 12 1 14 11 4 14 10 6 14 7 7 14 10 9 14 11 0 15 12 1 15 10 4 15 10 6 15 6 7 15 11 9 15 10 0 16 7 1 16 6 4 16 12 6 16 11 7 16 11 9 16 9 0 17 12 1 17 8 4 17 14 6 17 12 7 17 12 9 17 8 0 18 9 1 18 7 4 18 12 6 18 10 7 18 9 9 18 11 0 19 10 1 19 10 4 19 13 6 19 12 7 19 7 9 19 11
88 313 24 6 7 2 10 10 4 10 11 6 10 10 1 12 10 7 12 10 9 12 7 7 13 12 9 13 13 2 14 10 4 14 8 6 14 9 9 14 9 1 15 10 4 15 9 6 15 11 7 15 11 1 18 11 2 18 10 4 18 9 1 19 12 2 19 14 6 19 15 7 19 11 9 19 7
89 314 1 1 1 3 11 6
90 319 3 3 1 5 12 11 8 12 7 9 12 7
91 325 2 2 1 7 10 9 9 10 10
92 334 12 6 4 3 12 10 5 12 9 6 12 9 7 12 10 3 16 7 4 16 13 5 16 8 6 16 10 1 18 9 7 18 11 1 19 12 4 19 12
93 337 8 4 3 5 15 13 9 15 11 1 17 12 6 17 8 1 19 9 5 19 11 6 19 12 9 19 11
94 342 18 6 5 1 11 7 2 11 11 3 11 9 7 11 11 2 12 12 3 12 13 5 12 11 7 12 7 1 15 10 2 15 9 3 15 11 5 15 15 8 15 13 1 17 10 5 17 11 7 17 6 8 17 11 8 19 12
95 343 6 6 2 1 13 11 2 13 6 8 13 8 5 14 9 6 14 12 7 14 11
96 344 1 1 1 5 18 10
97 354 30 3 10 0 10 12 1 10 11 8 10 10 0 11 10 1 11 13 8 11 9 0 12 11 1 12 12 8 12 8 0 13 14 1 13 13 8 13 12 0 14 14 1 14 11 8 14 9 0 15 10 1 15 10 8 15 12 0 16 11 1 16 13 8 16 10 0 17 12 1 17 6 8 17 10 0 18 6 1 18 9 8 18 8 0 19 7 1 19 9 8 19 9
98 356 30 3 10 2 10 7 4 10 12 7 10 10 2 11 14 4 11 8 7 11 11 2 12 9 4 12 15 7 12 9 2 13 10 4 13 7 7 13 10 2 14 8 4 14 10 7 14 11 2 15 10 4 15 8 7 15 15 2 16 10 4 16 7 7 16 10 2 17 11 4 17 11 7 17 9 2 18 11 4 18 15 7 18 11 2 19 13 4 19 13 7 19 11
99 359 6 6 1 0 13 9 2 13 9 3 13 8 4 13 11 6 13 12 9 13 10
