20 100
0 0 24 6 7 2 12 10 8 12 10 0 13 10 1 13 9 2 13 8 4 13 12 0 14 9 4 14 13 5 14 12 0 15 10 1 15 12 2 15 10 5 15 10 8 15 9 1 17 9 5 17 10 4 18 8 8 18 10 0 19 13 1 19 11 2 19 10 4 19 12 5 19 14 8 19 10
1 2 24 6 7 3 10 13 4 10 13 5 10 10 6 10 10 7 10 10 9 10 10 5 12 12 7 12 9 9 12 10 4 14 9 7 14 12 9 14 11 3 15 11 5 15 9 3 16 14 4 16 10 5 16 9 6 16 12 6 18 9 7 18 11 3 19 10 4 19 13 6 19 9 9 19 10
2 4 6 6 3 8 11 11 9 11 8 2 15 10 3 15 10 4 19 13 6 19 15
3 8 30 3 10 1 10 9 5 10 13 7 10 8 1 11 9 5 11 10 7 11 7 1 12 10 5 12 7 7 12 14 1 13 10 5 13 10 7 13 12 1 14 5 5 14 8 7 14 11 1 15 8 5 15 11 7 15 14 1 16 9 5 16 11 7 16 10 1 17 7 5 17 11 7 17 8 1 18 8 5 18 14 7 18 14 1 19 8 5 19 5 7 19 12
4 10 2 2 1 8 10 11 9 10 10
5 11 1 1 1 4 10 9
6 13 1 1 1 0 15 13
7 14 30 3 10 3 10 9 5 10 12 8 10 10 3 11 11 5 11 10 8 11 10 3 12 9 5 12 5 8 12 8 3 13 9 5 13 12 8 13 9 3 14 12 5 14 6 8 14 16 3 15 13 5 15 11 8 15 10 3 16 13 5 16 6 8 16 8 3 17 13 5 17 11 8 17 15 3 18 11 5 18 7 8 18 9 3 19 11 5 19 12 8 19 12
8 17 2 2 1 7 19 6 9 19 13
9 20 12 4 5 1 10 10 1 11 9 3 11 9 8 11 9 9 11 8 8 13 11 9 13 10 1 15 10 3 15 11 8 15 12 3 17 10 9 17 12
10 24 1 1 1 8 17 11
11 27 1 1 1 8 13 12
12 28 3 3 1 3 11 12 6 11 10 9 11 13
13 42 12 6 5 4 10 10 5 10 11 8 10 9 0 11 10 5 11 14 0 13 12 3 13 11 7 13 8 3 15 9 8 15 10 4 18 13 7 18 12
14 43 6 6 1 0 13 12 2 13 9 3 13 9 4 13 13 5 13 9 6 13 9
15 45 2 2 1 3 11 15 7 11 13
16 46 1 1 1 9 11 11
17 47 60 6 10 0 10 13 1 10 12 5 10 9 7 10 10 8 10 8 9 10 11 0 11 10 1 11 10 5 11 10 7 11 12 8 11 10 9 11 11 0 12 11 1 12 14 5 12 12 7 12 9 8 12 12 9 12 7 0 13 13 1 13 11 5 13 11 7 13 12 8 13 7 9 13 10 0 14 11 1 14 14 5 14 11 7 14 12 8 14 12 9 14 11 0 15 11 1 15 6 5 15 14 7 15 10 8 15 13 9 15 13 0 16 10 1 16 10 5 16 14 7 16 13 8 16 12 9 16 11 0 17 12 1 17 12 5 17 10 7 17 11 8 17 12 9 17 9 0 18 13 1 18 13 5 18 14 7 18 11 8 18 11 9 18 8 0 19 10 1 19 13 5 19 12 7 19 8 8 19 9 9 19 10
18 52 1 1 1 6 13 11
19 57 40 4 10 1 10 9 6 10 13 7 10 14 8 10 9 1 11 9 6 11 11 7 11 8 8 11 14 1 12 12 6 12 10 7 12 10 8 12 8 1 13 8 6 13 12 7 13 14 8 13 5 1 14 8 6 14 11 7 14 12 8 14 9 1 15 11 6 15 10 7 15 10 8 15 12 1 16 9 6 16 9 7 16 12 8 16 11 1 17 10 6 17 10 7 17 13 8 17 8 1 18 8 6 18 9 7 18 12 8 18 9 1 19 7 6 19 11 7 19 7 8 19 7
20 59 18 6 5 0 10 10 2 10 11 5 10 11 6 10 13 0 15 11 4 15 11 9 15 11 0 16 10 2 16 13 4 16 12 5 16 8 6 16 11 2 17 7 4 17 10 9 17 6 5 18 11 6 18 11 9 18 9
21 67 6 6 1 0 15 11 1 15 10 3 15 11 5 15 6 6 15 8 9 15 9
22 68 30 3 10 1 10 12 2 10 12 3 10 10 1 11 10 2 11 8 3 11 11 1 12 10 2 12 13 3 12 8 1 13 10 2 13 8 3 13 10 1 14 11 2 14 11 3 14 10 1 15 11 2 15 10 3 15 10 1 16 6 2 16 10 3 16 10 1 17 9 2 17 12 3 17 12 1 18 11 2 18 10 3 18 11 1 19 11 2 19 10 3 19 11
23 71 1 1 1 2 13 8
24 80 2 2 1 5 13 10 8 13 11
25 86 4 4 2 5 14 10 7 14 11 2 17 8 3 17 15
26 89 18 6 4 0 11 12 2 11 11 4 11 8 7 11 8 9 11 10 0 12 11 6 12 15 7 12 9 9 12 14 0 13 13 2 13 12 4 13 10 6 13 13 2 15 12 4 15 8 6 15 10 7 15 12 9 15 11
27 90 3 3 1 3 10 11 5 10 10 6 10 12
28 91 2 2 1 0 19 9 5 19 8
29 95 2 2 1 6 19 14 9 19 15
30 101 2 2 1 0 12 10 3 12 11
31 107 6 3 3 2 11 10 6 12 9 9 12 10 2 17 12 6 17 8 9 17 12
32 114 1 1 1 9 17 6
33 120 24 6 7 3 10 6 5 10 13 8 10 10 0 11 15 1 11 10 7 11 14 3 12 12 7 12 12 1 14 10 3 14 12 5 14 12 7 14 11 8 14 12 0 16 10 1 16 10 3 16 10 8 16 8 0 18 11 5 18 9 8 18 9 0 19 12 1 19 9 5 19 9 7 19 12
34 125 1 1 1 2 10 6
35 127 12 4 4 5 12 9 8 12 13 9 12 9 3 14 11 8 14 12 9 14 11 3 16 9 5 16 13 3 19 14 5 19 10 8 19 7 9 19 12
36 132 10 1 10 1 10 10 1 11 10 1 12 11 1 13 7 1 14 10 1 15 11 1 16 11 1 17 8 1 18 11 1 19 13
37 135 3 3 1 1 16 10 5 16 12 9 16 13
38 137 6 6 2 1 10 9 2 10 9 5 10 9 9 10 11 3 11 12 4 11 12
39 140 6 6 3 8 14 8 1 16 11 0 18 12 3 18 5 5 18 10 7 18 11
40 146 2 2 1 3 16 10 8 16 6
41 149 1 1 1 0 11 13
42 155 60 6 10 0 10 7 2 10 12 3 10 11 4 10 11 5 10 14 9 10 11 0 11 8 2 11 8 3 11 10 4 11 7 5 11 12 9 11 12 0 12 13 2 12 14 3 12 11 4 12 13 5 12 10 9 12 13 0 13 10 2 13 12 3 13 10 4 13 10 5 13 10 9 13 12 0 14 11 2 14 9 3 14 10 4 14 10 5 14 9 9 14 12 0 15 12 2 15 9 3 15 8 4 15 10 5 15 14 9 15 8 0 16 11 2 16 8 3 16 13 4 16 10 5 16 14 9 16 10 0 17 11 2 17 9 3 17 12 4 17 13 5 17 12 9 17 10 0 18 8 2 18 9 3 18 11 4 18 9 5 18 10 9 18 11 0 19 14 2 19 12 3 19 13 4 19 14 5 19 11 9 19 8
43 156 6 6 2 0 13 14 6 13 12 7 13 9 3 18 12 5 18 11 8 18 6
44 159 4 4 1 0 12 10 3 12 12 4 12 7 6 12 14
45 160 3 3 1 1 19 10 8 19 9 9 19 9
46 161 2 2 1 3 15 9 5 15 13
47 163 30 3 10 2 10 11 4 10 11 6 10 11 2 11 10 4 11 13 6 11 14 2 12 14 4 12 6 6 12 10 2 13 11 4 13 11 6 13 9 2 14 13 4 14 12 6 14 11 2 15 14 4 15 13 6 15 12 2 16 8 4 16 7 6 16 11 2 17 8 4 17 12 6 17 8 2 18 12 4 18 9 6 18 12 2 19 15 4 19 11 6 19 13
48 166 60 6 10 0 10 12 1 10 10 3 10 7 5 10 10 6 10 10 8 10 11 0 11 14 1 11 13 3 11 8 5 11 11 6 11 10 8 11 10 0 12 11 1 12 11 3 12 7 5 12 10 6 12 10 8 12 9 0 13 14 1 13 8 3 13 14 5 13 10 6 13 13 8 13 7 0 14 12 1 14 12 3 14 15 5 14 10 6 14 11 8 14 13 0 15 11 1 15 9 3 15 10 5 15 6 6 15 8 8 15 11 0 16 11 1 16 11 3 16 7 5 16 12 6 16 12 8 16 10 0 17 7 1 17 12 3 17 11 5 17 11 6 17 10 8 17 13 0 18 12 1 18 10 3 18 11 5 18 8 6 18 14 8 18 12 0 19 7 1 19 9 3 19 12 5 19 12 6 19 10 8 19 14
49 167 12 6 4 4 11 11 7 11 9 8 11 11 2 13 8 7 13 7 5 15 14 9 15 12 2 19 10 4 19 10 5 19 12 8 19 9 9 19 9
50 169 18 6 6 2 10 9 3 10 10 8 10 11 3 11 8 6 11 10 8 11 11 1 12 13 6 12 8 9 12 9 2 15 7 6 15 8 8 15 11 1 16 8 3 16 8 9 16 11 1 18 14 2 18 13 9 18 12
51 170 18 6 5 0 10 14 4 10 13 6 10 8 9 10 12 0 11 10 2 11 8 4 11 12 5 11 7 0 16 10 4 16 8 5 16 9 6 16 8 9 16 8 2 17 7 6 17 9 2 18 11 5 18 10 9 18 12
52 176 12 6 3 0 11 7 5 11 13 9 11 11 0 12 12 2 12 7 3 12 11 4 12 12 9 12 11 2 14 10 3 14 8 4 14 16 5 14 11
53 177 1 1 1 7 10 12
54 184 20 2 10 3 10 9 5 10 10 3 11 12 5 11 12 3 12 10 5 12 11 3 13 11 5 13 11 3 14 15 5 14 10 3 15 11 5 15 8 3 16 9 5 16 9 3 17 12 5 17 11 3 18 9 5 18 10 3 19 9 5 19 10
55 188 2 2 1 0 16 7 2 16 14
56 189 2 2 1 4 18 7 7 18 10
57 193 2 2 1 2 18 13 7 18 12
58 198 12 6 3 0 11 11 4 11 12 5 11 13 6 11 10 1 13 12 2 13 12 0 15 9 1 15 12 2 15 8 4 15 12 5 15 13 6 15 15
59 204 1 1 1 0 14 11
60 206 2 2 1 8 13 10 9 13 11
61 208 18 6 6 2 10 12 3 10 15 4 10 14 1 11 12 2 11 11 5 11 13 7 11 9 2 13 9 3 13 13 5 13 9 7 13 14 1 14 11 5 14 12 1 16 11 4 16 14 3 17 13 4 17 13 7 17 10
62 219 60 6 10 0 10 10 1 10 10 3 10 9 5 10 8 6 10 10 7 10 11 0 11 11 1 11 11 3 11 10 5 11 12 6 11 11 7 11 7 0 12 10 1 12 9 3 12 12 5 12 9 6 12 12 7 12 8 0 13 14 1 13 12 3 13 10 5 13 11 6 13 13 7 13 15 0 14 9 1 14 9 3 14 11 5 14 10 6 14 10 7 14 10 0 15 11 1 15 11 3 15 14 5 15 15 6 15 11 7 15 9 0 16 6 1 16 8 3 16 7 5 16 11 6 16 9 7 16 10 0 17 7 1 17 13 3 17 9 5 17 14 6 17 10 7 17 10 0 18 11 1 18 7 3 18 10 5 18 6 6 18 8 7 18 10 0 19 11 1 19 10 3 19 12 5 19 12 6 19 8 7 19 9
63 225 6 6 2 2 13 10 4 13 9 3 18 14 6 18 6 8 18 12 9 18 8
64 229 12 6 2 0 10 11 1 10 8 2 10 8 4 10 13 6 10 11 8 10 11 0 19 11 1 19 12 2 19 13 4 19 9 6 19 13 8 19 10
65 231 4 4 2 0 14 9 4 14 11 5 14 11 8 15 9
66 232 42 6 10 0 10 9 2 10 10 3 10 11 7 10 11 8 10 8 9 10 10 0 11 7 7 11 9 8 11 11 9 11 12 0 12 11 2 12 10 3 12 13 7 12 12 8 12 12 9 12 10 8 13 15 9 13 14 2 14 13 3 14 13 7 14 8 8 14 12 0 15 11 2 15 11 3 15 11 7 15 12 0 16 12 2 16 14 3 16 12 9 16 13 0 17 10 2 17 9 7 17 10 9 17 6 0 18 9 2 18 9 3 18 11 8 18 9 9 18 11 3 19 13 7 19 10 8 19 9
67 235 6 6 2 2 14 8 3 14 11 6 14 11 1 17 12 7 17 12 8 17 12
68 236 30 3 10 6 10 8 8 10 12 9 10 13 6 11 9 8 11 11 9 11 10 6 12 8 8 12 13 9 12 12 6 13 9 8 13 11 9 13 8 6 14 13 8 14 15 9 14 11 6 15 12 8 15 11 9 15 8 6 16 8 8 16 9 9 16 12 6 17 10 8 17 9 9 17 8 6 18 11 8 18 13 9 18 9 6 19 10 8 19 10 9 19 11
69 238 3 3 1 2 12 9 7 12 12 8 12 10
70 245 1 1 1 1 11 12
71 247 2 2 1 0 17 13 2 17 9
72 253 1 1 1 4 12 13
73 257 2 2 1 0 10 11 5 10 11
74 258 18 6 5 1 11 10 3 11 10 4 11 6 7 11 13 1 12 12 8 12 11 9 12 10 1 14 12 3 14 10 4 14 9 8 14 12 9 14 9 3 17 9 4 17 13 7 17 11 8 17 11 9 17 12 7 18 8
75 264 60 6 10 1 10 11 4 10 11 5 10 10 6 10 9 7 10 12 8 10 8 1 11 9 4 11 14 5 11 9 6 11 8 7 11 10 8 11 7 1 12 12 4 12 9 5 12 7 6 12 9 7 12 10 8 12 11 1 13 12 4 13 8 5 13 10 6 13 10 7 13 10 8 13 9 1 14 10 4 14 12 5 14 11 6 14 10 7 14 14 8 14 12 1 15 10 4 15 9 5 15 9 6 15 10 7 15 11 8 15 7 1 16 11 4 16 12 5 16 6 6 16 13 7 16 12 8 16 11 1 17 12 4 17 10 5 17 9 6 17 13 7 17 13 8 17 10 1 18 12 4 18 11 5 18 7 6 18 9 7 18 11 8 18 13 1 19 8 4 19 10 5 19 10 6 19 9 7 19 11 8 19 12
76 270 18 6 6 0 10 10 1 10 8 4 10 8 9 10 9 4 11 10 8 11 13 1 12 10 5 12 7 8 12 10 9 12 8 1 13 11 4 13 9 8 13 9 0 14 12 5 14 14 0 19 11 5 19 9 9 19 14
77 275 18 6 6 0 10 11 4 10 8 9 10 11 1 11 13 3 11 10 4 11 14 9 11 12 0 13 12 1 13 12 7 13 11 9 13 11 3 14 11 7 14 9 4 15 10 0 18 13 1 18 12 3 18 13 7 18 11
78 276 3 3 1 6 16 13 7 16 9 8 16 12
79 277 6 6 1 0 12 10 1 12 13 3 12 12 4 12 10 7 12 14 9 12 10
80 282 2 2 1 1 12 10 7 12 13
81 288 30 3 10 2 10 7 7 10 13 8 10 12 2 11 15 7 11 8 8 11 9 2 12 9 7 12 13 8 12 16 2 13 10 7 13 10 8 13 14 2 14 13 7 14 11 8 14 10 2 15 12 7 15 11 8 15 9 2 16 9 7 16 10 8 16 6 2 17 14 7 17 11 8 17 12 2 18 12 7 18 12 8 18 11 2 19 11 7 19 14 8 19 15
82 291 6 6 1 0 16 10 1 16 10 2 16 11 5 16 11 6 16 14 8 16 8
83 298 18 6 5 0 12 10 6 12 15 7 12 11 8 12 12 3 13 10 4 13 10 6 13 11 8 13 11 0 14 11 3 14 11 4 14 7 7 14 8 0 15 13 3 15 12 6 15 10 7 15 11 4 17 10 8 17 14
84 299 8 4 3 0 12 11 5 12 9 8 12 12 1 17 11 5 17 9 0 19 13 1 19 9 8 19 12
85 305 18 6 5 1 10 12 0 13 11 1 13 10 4 13 14 6 13 8 0 14 12 4 14 10 8 14 11 9 14 16 0 16 12 6 16 10 8 16 9 9 16 11 1 17 13 4 17 12 6 17 10 8 17 12 9 17 12
86 306 2 2 1 7 12 13 9 12 12
87 312 8 4 3 3 11 10 4 11 10 1 16 13 3 16 14 4 16 11 8 16 13 1 18 12 8 18 11
88 313 6 6 2 5 11 11 0 15 13 1 15 9 2 15 15 6 15 9 9 15 11
89 314 6 3 3 4 11 16 6 11 16 3 14 10 4 14 10 6 14 10 3 18 13
90 319 1 1 1 4 14 13
91 325 4 4 1 0 14 8 1 14 12 4 14 12 7 14 12
92 334 12 6 3 0 10 12 2 10 9 5 10 8 6 10 12 8 10 12 0 11 10 7 11 11 2 19 11 5 19 10 6 19 13 7 19 11 8 19 9
93 337 2 2 1 1 18 7 2 18 14
94 342 6 6 1 1 13 10 2 13 9 6 13 7 7 13 12 8 13 10 9 13 12
95 343 10 1 10 7 10 12 7 11 11 7 12 7 7 13 11 7 14 12 7 15 11 7 16 8 7 17 11 7 18 12 7 19 10
96 344 3 3 1 0 16 8 3 16 14 4 16 15
97 354 12 6 5 2 12 9 7 12 11 0 14 12 8 14 10 5 15 11 8 15 9 9 15 10 5 18 8 7 18 8 9 18 11 0 19 11 2 19 12
98 356 12 6 4 1 11 10 2 13 8 4 13 10 7 13 11 9 13 9 1 15 17 2 15 10 4 15 8 5 15 12 7 15 13 9 15 14 5 17 13
99 359 6 6 1 0 16 10 3 16 8 4 16 10 6 16 11 8 16 14 9 16 10
