20 100
0 0 6 6 1 0 15 11 1 15 11 3 15 10 6 15 9 7 15 9 8 15 13
1 2 6 6 1 0 14 13 3 14 14 4 14 14 5 14 12 7 14 9 9 14 14
2 4 4 4 1 1 12 7 5 12 8 6 12 10 7 12 10
3 8 20 2 10 0 10 9 7 10 9 0 11 11 7 11 11 0 12 13 7 12 12 0 13 15 7 13 11 0 14 6 7 14 15 0 15 13 7 15 12 0 16 8 7 16 11 0 17 11 7 17 9 0 18 7 7 18 12 0 19 10 7 19 9
4 10 6 6 2 3 10 13 4 10 7 6 10 12 7 10 12 0 12 12 9 12 10
5 11 12 6 4 2 14 9 4 14 11 5 14 8 6 14 8 4 17 10 7 17 9 9 17 8 5 18 9 7 18 13 2 19 7 6 19 12 9 19 7
6 13 1 1 1 1 17 11
7 14 6 3 2 1 11 13 3 11 8 7 11 8 1 18 11 3 18 12 7 18 9
8 17 3 1 3 4 10 11 4 12 12 4 17 11
9 20 18 6 6 0 10 15 4 10 13 5 10 12 1 12 9 3 12 8 9 12 12 3 14 6 5 14 11 9 14 12 0 15 13 4 15 9 1 17 9 3 17 5 5 17 5 9 17 11 0 19 8 1 19 14 4 19 11
10 24 10 1 10 9 10 8 9 11 12 9 12 10 9 13 10 9 14 13 9 15 11 9 16 9 9 17 11 9 18 13 9 19 10
11 27 10 1 10 9 10 15 9 11 12 9 12 9 9 13 11 9 14 9 9 15 7 9 16 10 9 17 9 9 18 9 9 19 12
12 28 1 1 1 7 17 8
13 42 1 1 1 3 11 12
14 43 6 6 2 1 12 15 2 12 9 5 12 12 7 12 10 3 19 10 4 19 9
15 45 20 2 10 4 10 15 8 10 11 4 11 10 8 11 11 4 12 6 8 12 12 4 13 10 8 13 12 4 14 9 8 14 9 4 15 9 8 15 9 4 16 11 8 16 15 4 17 11 8 17 9 4 18 10 8 18 11 4 19 9 8 19 12
16 46 60 6 10 2 10 14 4 10 9 5 10 10 6 10 12 7 10 13 9 10 11 2 11 7 4 11 10 5 11 9 6 11 13 7 11 10 9 11 9 2 12 10 4 12 9 5 12 11 6 12 9 7 12 9 9 12 12 2 13 11 4 13 10 5 13 12 6 13 10 7 13 11 9 13 8 2 14 11 4 14 8 5 14 12 6 14 10 7 14 10 9 14 12 2 15 10 4 15 14 5 15 7 6 15 9 7 15 11 9 15 8 2 16 11 4 16 8 5 16 11 6 16 10 7 16 6 9 16 11 2 17 15 4 17 12 5 17 11 6 17 11 7 17 10 9 17 11 2 18 12 4 18 12 5 18 11 6 18 8 7 18 10 9 18 10 2 19 13 4 19 14 5 19 11 6 19 11 7 19 12 9 19 8
17 47 18 6 6 0 10 10 1 10 7 8 10 10 9 10 15 0 11 11 1 11 13 6 11 12 8 11 12 9 11 7 7 14 11 9 14 11 6 15 10 7 15 7 6 16 12 7 16 9 8 16 12 0 18 8 1 18 9
18 52 1 1 1 8 16 11
19 57 8 4 3 3 11 13 6 11 9 7 11 11 9 11 9 6 12 9 7 12 12 9 12 11 3 19 9
20 59 24 6 7 4 12 14 6 12 8 8 13 12 9 13 8 1 14 11 4 14 10 6 14 11 8 14 12 1 16 10 2 16 14 4 16 10 1 17 13 2 17 9 4 17 10 6 17 11 8 17 13 9 17 9 2 18 13 6 18 12 9 18 11 1 19 13 2 19 9 8 19 11 9 19 12
21 67 12 4 4 0 12 12 4 12 14 7 12 10 9 12 10 0 13 13 4 13 10 7 13 6 9 13 12 4 14 9 7 14 7 9 14 8 0 16 8
22 68 1 1 1 7 17 11
23 71 60 6 10 0 10 12 1 10 8 5 10 10 6 10 13 8 10 11 9 10 10 0 11 12 1 11 10 5 11 12 6 11 11 8 11 12 9 11 15 0 12 12 1 12 8 5 12 12 6 12 11 8 12 14 9 12 11 0 13 13 1 13 13 5 13 10 6 13 9 8 13 7 9 13 10 0 14 10 1 14 13 5 14 11 6 14 10 8 14 12 9 14 8 0 15 6 1 15 10 5 15 9 6 15 12 8 15 11 9 15 11 0 16 11 1 16 10 5 16 8 6 16 11 8 16 12 9 16 9 0 17 9 1 17 10 5 17 8 6 17 14 8 17 11 9 17 9 0 18 10 1 18 10 5 18 9 6 18 11 8 18 11 9 18 7 0 19 7 1 19 8 5 19 8 6 19 10 8 19 8 9 19 8
24 80 3 3 1 3 11 12 6 11 12 7 11 14
25 86 21 3 9 1 10 11 5 10 10 5 11 12 7 11 11 1 12 9 5 12 13 7 12 9 1 13 4 7 13 10 1 14 11 7 14 7 1 15 11 5 15 12 7 15 11 1 16 12 5 16 11 7 16 9 5 17 15 1 19 16 5 19 11 7 19 9
26 89 24 6 8 3 10 10 4 10 8 7 10 8 8 10 9 9 10 9 1 12 11 3 12 8 3 13 8 4 13 11 1 14 12 4 14 10 7 14 9 9 14 9 7 15 7 8 15 11 9 15 13 1 16 10 8 16 11 9 16 12 7 17 12 8 17 10 1 18 8 3 18 7 4 18 11
27 90 1 1 1 9 10 11
28 91 24 6 6 1 11 12 2 11 8 6 11 12 9 11 9 3 12 14 8 12 12 9 12 8 1 14 9 2 14 9 6 14 3 8 14 13 9 14 9 1 15 9 2 15 9 3 15 7 6 15 8 1 18 9 3 18 10 8 18 15 2 19 11 3 19 10 6 19 13 8 19 7 9 19 13
29 95 20 2 10 5 10 11 8 10 10 5 11 10 8 11 11 5 12 12 8 12 9 5 13 10 8 13 8 5 14 8 8 14 13 5 15 9 8 15 9 5 16 12 8 16 12 5 17 8 8 17 8 5 18 10 8 18 9 5 19 9 8 19 14
30 101 18 6 5 0 10 11 5 10 11 6 10 12 9 10 10 3 11 8 4 11 12 6 11 11 9 11 8 0 13 10 3 13 10 4 13 9 5 13 12 5 14 11 9 14 12 0 19 11 3 19 15 4 19 12 6 19 9
31 107 6 3 3 0 12 13 2 12 9 2 13 13 9 13 11 0 16 11 9 16 9
32 114 1 1 1 2 17 12
33 120 18 6 5 0 12 14 5 12 9 6 12 9 2 13 10 5 13 8 6 13 13 8 13 11 9 13 11 0 14 10 5 14 11 6 14 9 0 16 12 2 16 14 8 16 11 9 16 12 2 19 10 8 19 12 9 19 9
34 125 1 1 1 6 12 11
35 127 60 6 10 1 10 11 2 10 8 3 10 13 4 10 11 6 10 10 7 10 9 1 11 8 2 11 12 3 11 13 4 11 9 6 11 10 7 11 9 1 12 11 2 12 12 3 12 11 4 12 8 6 12 10 7 12 9 1 13 14 2 13 8 3 13 7 4 13 9 6 13 9 7 13 12 1 14 12 2 14 9 3 14 10 4 14 7 6 14 10 7 14 10 1 15 12 2 15 14 3 15 10 4 15 11 6 15 10 7 15 9 1 16 15 2 16 6 3 16 11 4 16 13 6 16 11 7 16 8 1 17 10 2 17 10 3 17 13 4 17 11 6 17 9 7 17 12 1 18 9 2 18 12 3 18 14 4 18 7 6 18 10 7 18 9 1 19 13 2 19 9 3 19 9 4 19 11 6 19 10 7 19 13
36 132 1 1 1 3 17 13
37 135 6 6 1 1 16 11 2 16 9 5 16 12 7 16 14 8 16 13 9 16 8
38 137 4 4 1 0 16 11 1 16 10 2 16 10 4 16 11
39 140 24 6 7 2 10 10 3 10 10 9 10 9 0 12 6 3 12 9 6 12 12 8 12 4 0 13 8 3 13 15 6 13 13 8 13 11 9 13 12 0 14 9 2 14 8 6 14 11 8 14 9 0 15 10 2 16 10 8 16 10 9 16 12 2 19 11 3 19 11 6 19 9 9 19 9
40 146 4 4 2 3 11 12 8 11 11 2 17 6 4 17 13
41 149 3 3 1 0 16 12 2 16 11 7 16 13
42 155 6 6 3 6 13 9 2 17 10 8 17 10 1 18 7 4 18 9 7 18 7
43 156 12 6 3 3 13 9 4 13 8 5 13 7 7 13 11 9 13 11 2 17 12 3 17 12 4 17 13 5 17 13 2 19 7 7 19 12 9 19 10
44 159 2 2 1 0 17 7 8 17 12
45 160 4 4 1 0 12 11 1 12 11 3 12 9 7 12 11
46 161 12 6 4 0 12 14 3 12 10 8 12 9 0 13 11 3 13 8 7 13 11 8 13 11 9 13 11 4 14 12 4 15 8 7 15 10 9 15 11
47 163 20 2 10 0 10 9 3 10 11 0 11 10 3 11 9 0 12 15 3 12 9 0 13 11 3 13 8 0 14 7 3 14 10 0 15 11 3 15 12 0 16 10 3 16 9 0 17 11 3 17 14 0 18 13 3 18 7 0 19 6 3 19 6
48 166 35 5 10 3 10 13 9 10 11 0 11 13 3 11 13 8 11 11 9 11 10 0 12 12 1 12 13 8 12 10 9 12 11 0 13 11 1 13 12 9 13 8 1 14 13 3 14 12 0 15 10 1 15 10 3 15 12 8 15 11 0 16 9 3 16 11 8 16 11 1 17 10 8 17 10 9 17 8 0 18 10 1 18 12 3 18 9 8 18 12 9 18 9 0 19 9 1 19 11 3 19 10 8 19 10 9 19 9
49 167 6 6 1 0 13 14 1 13 11 2 13 11 3 13 13 8 13 11 9 13 10
50 169 6 6 2 1 12 12 4 12 10 0 14 5 2 14 5 5 14 10 6 14 9
51 170 6 6 3 6 12 12 9 12 8 8 14 10 0 17 14 1 17 8 7 17 10
52 176 5 5 1 5 13 13 6 13 13 7 13 11 8 13 9 9 13 13
53 177 6 3 3 7 10 11 2 11 11 3 11 8 2 12 11 3 12 11 7 12 14
54 184 60 6 10 1 10 10 2 10 11 6 10 9 7 10 11 8 10 10 9 10 15 1 11 9 2 11 14 6 11 10 7 11 7 8 11 11 9 11 8 1 12 9 2 12 8 6 12 9 7 12 11 8 12 11 9 12 10 1 13 7 2 13 9 6 13 9 7 13 10 8 13 12 9 13 11 1 14 11 2 14 7 6 14 12 7 14 10 8 14 10 9 14 10 1 15 11 2 15 10 6 15 14 7 15 14 8 15 8 9 15 10 1 16 10 2 16 13 6 16 7 7 16 12 8 16 10 9 16 10 1 17 10 2 17 10 6 17 13 7 17 9 8 17 11 9 17 11 1 18 11 2 18 11 6 18 8 7 18 10 8 18 12 9 18 11 1 19 10 2 19 7 6 19 13 7 19 11 8 19 12 9 19 11
55 188 30 3 10 0 10 10 4 10 12 6 10 9 0 11 12 4 11 9 6 11 11 0 12 10 4 12 9 6 12 9 0 13 10 4 13 13 6 13 15 0 14 11 4 14 10 6 14 11 0 15 8 4 15 12 6 15 9 0 16 12 4 16 7 6 16 13 0 17 9 4 17 9 6 17 12 0 18 10 4 18 10 6 18 9 0 19 8 4 19 10 6 19 13
56 189 10 1 10 4 10 10 4 11 10 4 12 10 4 13 8 4 14 9 4 15 11 4 16 7 4 17 8 4 18 9 4 19 12
57 193 6 6 2 5 12 11 8 12 9 0 13 12 1 13 6 2 13 9 6 13 13
58 198 6 6 2 0 11 10 7 11 12 1 19 7 2 19 12 4 19 11 9 19 12
59 204 2 2 2 0 10 13 7 17 10
60 206 2 2 2 3 18 14 7 19 12
61 208 1 1 1 0 13 9
62 219 12 6 5 2 13 12 3 14 12 7 14 9 9 14 13 0 16 11 1 16 11 2 16 12 7 16 7 0 17 10 9 17 12 1 19 11 3 19 12
63 225 1 1 1 6 19 10
64 229 2 1 2 3 10 9 3 12 8
65 231 3 3 1 5 11 9 6 11 11 9 11 10
66 232 1 1 1 6 10 10
67 235 18 6 6 2 10 13 5 10 5 7 10 10 2 11 8 5 11 8 6 11 11 0 13 11 1 13 12 7 13 14 1 16 13 2 16 12 5 16 13 6 16 10 0 17 10 1 17 14 0 18 10 6 18 12 7 18 11
68 236 6 6 1 0 18 6 3 18 7 4 18 9 5 18 11 6 18 8 9 18 9
69 238 1 1 1 8 13 13
70 245 6 6 1 1 11 12 2 11 15 3 11 10 4 11 11 5 11 12 6 11 12
71 247 40 4 10 5 10 9 6 10 10 7 10 13 8 10 11 5 11 9 6 11 9 7 11 11 8 11 12 5 12 9 6 12 8 7 12 10 8 12 7 5 13 11 6 13 14 7 13 8 8 13 10 5 14 10 6 14 12 7 14 10 8 14 11 5 15 13 6 15 9 7 15 9 8 15 10 5 16 9 6 16 9 7 16 7 8 16 10 5 17 12 6 17 9 7 17 11 8 17 12 5 18 12 6 18 9 7 18 9 8 18 11 5 19 9 6 19 10 7 19 14 8 19 14
72 253 2 2 1 2 12 9 5 12 8
73 257 18 6 6 2 12 12 4 12 9 4 13 10 6 13 10 7 13 9 9 13 11 7 15 11 2 16 10 5 16 9 6 16 8 9 16 11 4 17 8 5 17 10 6 17 13 7 17 9 2 19 12 5 19 11 9 19 7
74 258 6 2 4 0 13 9 5 13 10 0 15 14 5 15 9 5 17 13 0 19 10
75 264 18 6 5 0 12 11 1 12 12 5 12 11 0 13 12 2 13 10 5 13 12 1 14 8 5 14 9 7 14 12 9 14 9 1 15 9 2 15 11 7 15 11 9 15 10 0 19 4 2 19 11 7 19 11 9 19 10
76 270 2 2 2 6 10 14 5 13 11
77 275 1 1 1 2 15 10
78 276 20 5 6 2 10 8 5 10 13 6 10 10 9 10 12 5 11 13 6 11 10 9 11 11 5 12 9 6 12 9 8 12 12 2 16 10 6 16 9 8 16 12 9 16 11 2 17 12 5 17 11 8 17 13 9 17 11 2 19 10 8 19 8
79 277 6 6 2 0 12 7 1 12 11 3 12 12 5 12 11 6 19 14 7 19 5
80 282 18 6 5 0 12 12 3 12 6 5 12 12 6 12 12 3 13 9 9 13 10 1 14 10 3 14 10 5 14 11 9 14 13 0 16 5 1 16 6 5 16 9 6 16 9 9 16 6 0 18 6 1 18 11 6 18 8
81 288 2 2 1 3 16 8 9 16 13
82 291 12 4 5 6 11 11 8 11 14 9 11 14 9 12 11 1 14 8 8 14 10 1 18 10 6 18 12 8 18 9 9 18 9 1 19 10 6 19 11
83 298 1 1 1 4 19 9
84 299 24 6 7 2 10 13 5 10 11 7 10 10 9 10 11 1 11 13 2 11 12 5 11 10 9 11 13 2 12 10 7 12 8 9 12 11 1 13 11 4 13 9 5 13 10 2 15 11 4 15 11 5 15 12 7 15 13 1 16 9 4 16 11 1 19 12 4 19 11 7 19 15 9 19 9
85 305 1 1 1 7 11 7
86 306 10 1 10 3 10 9 3 11 13 3 12 7 3 13 11 3 14 14 3 15 14 3 16 11 3 17 12 3 18 8 3 19 11
87 312 6 3 3 2 10 10 4 10 9 4 12 12 7 12 8 2 19 13 7 19 11
88 313 20 2 10 4 10 13 6 10 9 4 11 7 6 11 9 4 12 9 6 12 10 4 13 9 6 13 12 4 14 12 6 14 12 4 15 10 6 15 9 4 16 12 6 16 12 4 17 9 6 17 10 4 18 11 6 18 8 4 19 10 6 19 10
89 314 3 3 1 6 13 9 7 13 6 8 13 10
90 319 2 2 1 0 16 11 2 16 12
91 325 12 6 4 8 10 13 9 10 12 0 11 13 2 11 10 6 11 13 9 11 12 0 17 12 4 17 11 6 17 10 8 17 13 2 19 8 4 19 9
92 334 3 3 2 6 11 11 1 16 12 8 16 11
93 337 4 4 1 0 10 10 2 10 9 7 10 11 8 10 10
94 342 1 1 1 9 13 7
95 343 1 1 1 4 14 12
96 344 2 2 1 0 15 7 1 15 8
97 354 60 6 10 0 10 11 2 10 9 3 10 11 7 10 12 8 10 14 9 10 9 0 11 10 2 11 10 3 11 9 7 11 9 8 11 12 9 11 10 0 12 10 2 12 11 3 12 10 7 12 14 8 12 10 9 12 12 0 13 12 2 13 10 3 13 7 7 13 11 8 13 13 9 13 8 0 14 11 2 14 9 3 14 11 7 14 9 8 14 15 9 14 10 0 15 9 2 15 12 3 15 11 7 15 12 8 15 10 9 15 13 0 16 8 2 16 8 3 16 8 7 16 11 8 16 14 9 16 9 0 17 13 2 17 9 3 17 11 7 17 13 8 17 11 9 17 12 0 18 9 2 18 10 3 18 11 7 18 10 8 18 10 9 18 9 0 19 9 2 19 12 3 19 12 7 19 9 8 19 8 9 19 9
98 356 3 3 1 1 10 13 5 10 11 6 10 7
99 359 24 6 7 0 10 11 1 10 10 2 10 11 0 11 9 1 11 8 8 11 11 9 11 8 1 12 9 2 15 11 4 15 8 8 15 12 0 16 11 2 16 10 4 16 14 8 16 14 9 16 12 0 17 6 1 17 10 4 17 9 9 17 14 2 19 12 4 19 5 8 19 12 9 19 13
