20 100
0 0 3 3 1 0 11 9 3 11 12 8 11 9
1 2 6 6 1 0 16 9 1 16 10 4 16 11 5 16 12 6 16 11 8 16 14
2 4 1 1 1 1 12 14
3 8 24 6 6 2 10 8 5 10 12 0 11 11 3 11 13 8 11 8 0 13 12 1 13 13 2 13 13 3 13 12 5 13 11 8 13 15 0 14 6 1 14 12 2 14 9 5 14 7 8 14 11 1 15 7 2 15 12 3 15 12 5 15 10 8 15 11 0 19 9 1 19 11 3 19 13
4 10 1 1 1 7 14 8
5 11 12 6 4 0 10 6 1 10 12 2 10 12 4 10 8 2 12 12 4 12 14 8 12 12 9 14 12 0 15 10 1 15 9 8 15 7 9 15 11
6 13 6 3 3 9 11 11 2 12 12 4 12 10 2 18 14 4 18 9 9 18 10
7 14 20 2 10 6 10 10 9 10 10 6 11 10 9 11 12 6 12 11 9 12 8 6 13 10 9 13 13 6 14 9 9 14 10 6 15 9 9 15 14 6 16 8 9 16 10 6 17 11 9 17 12 6 18 11 9 18 11 6 19 10 9 19 8
8 17 2 2 1 3 16 12 6 16 10
9 20 4 4 1 0 19 13 2 19 12 5 19 7 7 19 11
10 24 1 1 1 3 19 11
11 27 18 6 5 0 10 6 3 10 12 5 10 11 4 11 7 9 11 12 0 12 9 5 12 13 7 12 12 9 12 13 3 15 12 4 15 8 5 15 12 7 15 12 9 15 9 0 18 11 3 18 9 4 18 14 7 18 9
12 28 6 6 1 0 17 10 1 17 11 2 17 10 7 17 10 8 17 11 9 17 15
13 42 18 6 5 0 10 14 4 10 11 5 10 8 6 10 14 8 10 11 0 12 14 1 12 7 0 14 9 1 14 7 8 14 8 1 17 12 4 17 10 5 17 11 6 17 7 8 17 8 4 19 11 5 19 10 6 19 13
14 43 3 3 2 3 11 9 6 11 11 4 13 11
15 45 2 2 1 2 14 9 4 14 11
16 46 2 2 1 4 14 13 9 14 10
17 47 60 6 10 0 10 9 1 10 12 2 10 7 3 10 12 4 10 11 6 10 11 0 11 12 1 11 8 2 11 9 3 11 10 4 11 13 6 11 9 0 12 11 1 12 6 2 12 11 3 12 10 4 12 12 6 12 12 0 13 12 1 13 9 2 13 11 3 13 11 4 13 9 6 13 12 0 14 12 1 14 9 2 14 11 3 14 8 4 14 10 6 14 11 0 15 14 1 15 11 2 15 9 3 15 12 4 15 7 6 15 11 0 16 8 1 16 9 2 16 8 3 16 10 4 16 9 6 16 8 0 17 11 1 17 8 2 17 12 3 17 9 4 17 12 6 17 10 0 18 10 1 18 7 2 18 12 3 18 8 4 18 9 6 18 9 0 19 9 1 19 13 2 19 10 3 19 13 4 19 11 6 19 10
18 52 12 6 4 0 13 12 1 13 14 3 13 9 4 13 9 0 15 12 1 15 9 5 15 7 9 15 9 4 17 11 3 19 11 5 19 12 9 19 7
19 57 6 6 2 2 11 10 4 11 12 6 11 11 8 11 13 1 16 12 5 16 16
20 59 18 6 6 2 10 10 3 10 13 8 10 11 2 13 10 7 13 10 9 13 10 9 15 9 2 16 9 3 16 13 6 16 11 7 16 11 9 16 12 3 17 9 6 17 11 7 17 7 8 17 8 6 19 10 8 19 11
21 67 3 3 1 5 12 10 8 12 7 9 12 9
22 68 2 2 1 3 10 6 6 10 7
23 71 3 3 2 0 10 7 5 10 9 7 14 12
24 80 3 3 1 3 14 17 6 14 6 7 14 13
25 86 12 6 4 5 13 9 7 13 10 9 13 9 0 14 10 4 14 10 6 14 10 7 14 6 0 18 10 4 18 8 6 18 8 9 18 13 5 19 12
26 89 1 1 1 7 14 12
27 90 1 1 1 5 12 13
28 91 10 1 10 8 10 10 8 11 13 8 12 8 8 13 9 8 14 7 8 15 11 8 16 10 8 17 10 8 18 12 8 19 12
29 95 3 3 1 3 16 10 7 16 13 8 16 8
30 101 6 6 1 0 17 11 1 17 7 2 17 13 5 17 8 6 17 10 7 17 9
31 107 2 2 1 4 18 9 5 18 12
32 114 30 3 10 1 10 10 7 10 14 9 10 14 1 11 10 7 11 14 9 11 11 1 12 10 7 12 15 9 12 13 1 13 9 7 13 11 9 13 8 1 14 7 7 14 8 9 14 7 1 15 15 7 15 8 9 15 12 1 16 10 7 16 11 9 16 11 1 17 12 7 17 11 9 17 8 1 18 13 7 18 9 9 18 12 1 19 8 7 19 9 9 19 10
33 120 1 1 1 4 19 11
34 125 18 6 6 2 12 8 5 12 8 6 12 12 7 12 6 0 15 9 6 15 12 0 16 10 3 16 10 5 16 9 2 17 10 7 17 10 2 18 13 3 18 11 6 18 7 0 19 11 3 19 11 5 19 12 7 19 9
35 127 60 6 10 0 10 10 2 10 12 3 10 9 7 10 10 8 10 13 9 10 8 0 11 8 2 11 13 3 11 9 7 11 9 8 11 8 9 11 9 0 12 12 2 12 9 3 12 11 7 12 8 8 12 11 9 12 9 0 13 9 2 13 9 3 13 7 7 13 10 8 13 9 9 13 13 0 14 11 2 14 6 3 14 10 7 14 10 8 14 12 9 14 7 0 15 9 2 15 6 3 15 7 7 15 8 8 15 9 9 15 7 0 16 10 2 16 12 3 16 10 7 16 9 8 16 10 9 16 15 0 17 15 2 17 11 3 17 13 7 17 12 8 17 13 9 17 7 0 18 11 2 18 11 3 18 12 7 18 9 8 18 11 9 18 9 0 19 11 2 19 14 3 19 8 7 19 11 8 19 14 9 19 11
36 132 4 4 2 2 10 9 6 10 9 9 10 10 3 15 10
37 135 60 6 10 1 10 14 2 10 10 4 10 9 5 10 11 7 10 11 8 10 9 1 11 9 2 11 10 4 11 14 5 11 12 7 11 13 8 11 10 1 12 5 2 12 11 4 12 11 5 12 11 7 12 12 8 12 12 1 13 9 2 13 9 4 13 10 5 13 14 7 13 12 8 13 15 1 14 11 2 14 14 4 14 14 5 14 11 7 14 13 8 14 10 1 15 9 2 15 10 4 15 13 5 15 8 7 15 12 8 15 11 1 16 10 2 16 10 4 16 13 5 16 8 7 16 8 8 16 12 1 17 10 2 17 14 4 17 7 5 17 10 7 17 5 8 17 10 1 18 8 2 18 14 4 18 14 5 18 12 7 18 10 8 18 12 1 19 9 2 19 11 4 19 11 5 19 13 7 19 14 8 19 8
38 137 6 3 3 2 16 12 5 16 10 9 16 10 2 18 6 5 18 9 9 19 13
39 140 6 6 3 3 12 9 9 12 11 0 14 9 2 14 8 1 19 10 4 19 9
40 146 3 3 1 0 19 9 5 19 11 8 19 11
41 149 12 6 4 3 10 12 4 10 7 8 10 10 0 12 11 7 12 13 9 12 10 3 14 7 4 14 13 7 14 9 9 14 11 0 18 7 8 18 13
42 155 6 6 2 2 18 11 6 18 12 8 18 15 0 19 8 3 19 12 5 19 11
43 156 5 5 1 1 10 13 2 10 9 3 10 10 5 10 7 9 10 9
44 159 6 6 2 2 15 12 3 15 11 6 15 7 8 15 13 9 15 10 5 18 12
45 160 2 2 1 1 12 11 4 12 8
46 161 24 6 7 0 10 12 4 10 6 6 10 7 9 10 8 3 13 13 9 13 11 4 14 7 6 14 6 7 14 12 9 14 9 0 15 13 3 15 9 4 15 8 6 15 9 7 15 11 3 17 11 6 17 7 7 17 10 0 18 11 0 19 11 3 19 9 4 19 12 7 19 12 9 19 13
47 163 6 6 1 0 18 14 1 18 9 2 18 11 6 18 10 8 18 10 9 18 11
48 166 12 4 5 2 13 10 5 13 9 9 13 11 2 14 11 4 14 9 4 16 14 9 16 12 5 17 12 9 17 8 2 18 9 4 18 10 5 18 11
49 167 6 6 2 0 10 11 4 10 7 6 10 9 9 10 13 1 19 9 3 19 11
50 169 1 1 1 7 12 11
51 170 4 4 1 3 10 11 4 10 11 5 10 11 8 10 10
52 176 12 6 3 4 10 10 6 10 12 8 10 10 0 11 8 3 11 11 4 11 11 5 11 6 0 13 11 3 13 8 5 13 9 6 13 10 8 13 9
53 177 8 4 3 0 11 9 4 11 11 0 16 14 2 16 9 3 16 10 4 16 11 2 18 14 3 18 7
54 184 5 5 2 1 13 11 2 13 10 3 19 10 5 19 9 7 19 16
55 188 1 1 1 5 10 13
56 189 24 6 7 5 10 9 7 10 11 8 10 10 7 11 11 1 12 9 3 12 10 4 12 12 1 13 12 3 13 11 4 13 7 5 13 9 8 13 9 3 16 10 5 16 10 7 16 12 8 16 13 1 17 8 4 17 9 5 17 11 7 17 13 1 19 13 3 19 10 4 19 13 8 19 10
57 193 30 3 10 1 10 14 3 10 12 7 10 10 1 11 11 3 11 12 7 11 14 1 12 11 3 12 12 7 12 8 1 13 13 3 13 9 7 13 13 1 14 12 3 14 11 7 14 14 1 15 7 3 15 7 7 15 14 1 16 15 3 16 13 7 16 11 1 17 9 3 17 10 7 17 11 1 18 10 3 18 12 7 18 10 1 19 11 3 19 10 7 19 8
58 198 2 2 1 3 12 14 8 12 12
59 204 2 2 1 3 19 14 8 19 12
60 206 2 2 1 0 13 12 6 13 12
61 208 12 6 3 0 12 9 4 12 13 6 12 13 7 12 8 0 13 10 1 13 12 5 13 12 6 13 8 7 13 14 1 16 10 4 16 10 5 16 12
62 219 12 6 3 0 14 9 1 14 10 4 14 8 0 15 10 5 15 11 7 15 10 9 15 10 1 18 12 4 18 9 5 18 8 7 18 13 9 18 14
63 225 6 6 1 0 11 12 3 11 7 4 11 12 6 11 12 7 11 14 8 11 13
64 229 60 6 10 0 10 13 1 10 10 4 10 9 6 10 10 7 10 10 8 10 6 0 11 14 1 11 13 4 11 7 6 11 10 7 11 14 8 11 9 0 12 12 1 12 10 4 12 9 6 12 9 7 12 12 8 12 13 0 13 10 1 13 13 4 13 9 6 13 12 7 13 7 8 13 10 0 14 8 1 14 8 4 14 10 6 14 11 7 14 10 8 14 7 0 15 10 1 15 9 4 15 12 6 15 12 7 15 7 8 15 10 0 16 13 1 16 11 4 16 11 6 16 9 7 16 12 8 16 13 0 17 13 1 17 10 4 17 13 6 17 7 7 17 9 8 17 10 0 18 9 1 18 10 4 18 8 6 18 10 7 18 12 8 18 14 0 19 13 1 19 8 4 19 13 6 19 13 7 19 9 8 19 6
65 231 3 3 1 2 17 11 4 17 6 9 17 10
66 232 12 6 3 1 12 12 4 12 8 8 12 7 0 15 10 1 15 11 3 15 12 6 15 11 0 16 10 3 16 10 4 16 8 6 16 12 8 16 11
67 235 1 1 1 2 18 13
68 236 12 6 3 2 17 8 3 17 9 4 17 10 9 17 8 0 18 9 1 18 9 2 18 16 3 18 11 4 18 9 9 18 9 0 19 12 1 19 9
69 238 3 3 1 2 12 11 3 12 10 4 12 12
70 245 20 2 10 0 10 10 1 10 9 0 11 14 1 11 10 0 12 9 1 12 7 0 13 8 1 13 10 0 14 10 1 14 13 0 15 12 1 15 10 0 16 7 1 16 11 0 17 13 1 17 11 0 18 7 1 18 10 0 19 11 1 19 8
71 247 1 1 1 0 18 9
72 253 1 1 1 3 13 13
73 257 60 6 10 0 10 8 3 10 11 4 10 10 5 10 7 8 10 10 9 10 10 0 11 9 3 11 6 4 11 10 5 11 6 8 11 9 9 11 11 0 12 11 3 12 12 4 12 9 5 12 11 8 12 11 9 12 5 0 13 9 3 13 9 4 13 8 5 13 10 8 13 10 9 13 11 0 14 11 3 14 11 4 14 11 5 14 8 8 14 11 9 14 10 0 15 13 3 15 9 4 15 11 5 15 9 8 15 13 9 15 9 0 16 10 3 16 10 4 16 12 5 16 14 8 16 14 9 16 10 0 17 8 3 17 13 4 17 10 5 17 12 8 17 17 9 17 11 0 18 11 3 18 9 4 18 10 5 18 9 8 18 11 9 18 9 0 19 10 3 19 11 4 19 12 5 19 11 8 19 7 9 19 14
74 258 6 6 1 0 13 7 2 13 13 3 13 9 4 13 9 6 13 11 8 13 8
75 264 18 6 6 0 10 7 3 10 10 0 11 11 2 11 8 6 11 11 2 12 10 3 12 11 8 12 15 6 13 14 7 13 11 0 14 6 3 14 13 6 14 15 7 14 10 8 14 12 2 19 10 7 19 11 8 19 9
76 270 1 1 1 8 18 7
77 275 12 6 4 4 13 11 6 13 10 7 13 13 5 16 9 9 16 10 3 18 6 5 18 10 9 18 10 3 19 12 4 19 8 6 19 14 7 19 8
78 276 6 6 1 0 17 10 2 17 11 3 17 12 6 17 11 8 17 12 9 17 9
79 277 10 5 3 1 11 10 2 11 9 5 11 8 6 11 7 0 16 11 2 16 13 5 16 13 0 19 12 1 19 14 6 19 10
80 282 30 3 10 2 10 6 3 10 11 4 10 13 2 11 11 3 11 12 4 11 10 2 12 12 3 12 5 4 12 11 2 13 11 3 13 12 4 13 9 2 14 10 3 14 13 4 14 10 2 15 8 3 15 14 4 15 11 2 16 11 3 16 7 4 16 10 2 17 15 3 17 11 4 17 8 2 18 11 3 18 10 4 18 13 2 19 9 3 19 9 4 19 9
81 288 6 6 2 5 12 10 8 12 10 0 13 11 2 13 13 4 13 15 9 13 10
82 291 6 6 1 0 18 11 2 18 9 3 18 9 5 18 12 7 18 13 9 18 10
83 298 2 2 1 5 11 11 8 11 11
84 299 12 6 4 4 10 11 5 10 11 8 10 10 2 12 11 5 12 10 7 12 11 2 13 12 4 13 10 6 13 10 7 13 12 8 13 16 6 15 13
85 305 12 6 4 0 10 11 2 10 10 4 10 11 3 14 6 5 14 8 7 14 13 0 16 13 3 16 14 7 16 13 2 18 10 4 18 9 5 18 10
86 306 1 1 1 2 13 10
87 312 60 6 10 1 10 10 2 10 8 3 10 8 4 10 10 5 10 9 6 10 7 1 11 12 2 11 10 3 11 13 4 11 12 5 11 14 6 11 8 1 12 12 2 12 9 3 12 9 4 12 6 5 12 9 6 12 10 1 13 13 2 13 9 3 13 8 4 13 14 5 13 12 6 13 9 1 14 10 2 14 9 3 14 12 4 14 11 5 14 15 6 14 9 1 15 13 2 15 10 3 15 12 4 15 10 5 15 9 6 15 10 1 16 10 2 16 13 3 16 11 4 16 9 5 16 10 6 16 11 1 17 14 2 17 9 3 17 7 4 17 12 5 17 8 6 17 9 1 18 11 2 18 10 3 18 8 4 18 8 5 18 10 6 18 11 1 19 10 2 19 9 3 19 12 4 19 11 5 19 9 6 19 11
88 313 30 3 10 1 10 11 5 10 11 9 10 12 1 11 10 5 11 12 9 11 11 1 12 8 5 12 12 9 12 10 1 13 9 5 13 11 9 13 9 1 14 10 5 14 16 9 14 8 1 15 10 5 15 11 9 15 8 1 16 10 5 16 12 9 16 10 1 17 11 5 17 9 9 17 7 1 18 13 5 18 9 9 18 7 1 19 12 5 19 10 9 19 10
89 314 2 2 1 0 18 10 5 18 13
90 319 6 6 1 0 15 13 1 15 10 2 15 5 3 15 10 5 15 11 8 15 11
91 325 1 1 1 3 17 12
92 334 60 6 10 1 10 10 3 10 12 4 10 12 5 10 12 8 10 9 9 10 12 1 11 11 3 11 11 4 11 12 5 11 8 8 11 12 9 11 13 1 12 11 3 12 11 4 12 9 5 12 12 8 12 11 9 12 10 1 13 10 3 13 12 4 13 9 5 13 13 8 13 11 9 13 9 1 14 11 3 14 10 4 14 7 5 14 13 8 14 16 9 14 13 1 15 9 3 15 8 4 15 13 5 15 11 8 15 10 9 15 11 1 16 12 3 16 10 4 16 12 5 16 13 8 16 9 9 16 13 1 17 8 3 17 7 4 17 14 5 17 14 8 17 12 9 17 10 1 18 11 3 18 10 4 18 11 5 18 15 8 18 11 9 18 11 1 19 15 3 19 9 4 19 10 5 19 11 8 19 12 9 19 10
93 337 4 4 2 0 14 9 7 14 14 1 15 9 8 15 10
94 342 2 2 1 1 12 9 9 12 10
95 343 6 6 1 3 10 9 4 10 5 5 10 10 6 10 7 8 10 15 9 10 12
96 344 20 2 10 0 10 12 2 10 9 0 11 12 2 11 11 0 12 13 2 12 11 0 13 8 2 13 15 0 14 8 2 14 13 0 15 9 2 15 12 0 16 10 2 16 9 0 17 8 2 17 11 0 18 9 2 18 12 0 19 8 2 19 9
97 354 60 6 10 1 10 11 3 10 12 5 10 9 7 10 12 8 10 11 9 10 9 1 11 10 3 11 6 5 11 11 7 11 8 8 11 8 9 11 10 1 12 11 3 12 8 5 12 10 7 12 13 8 12 12 9 12 9 1 13 10 3 13 8 5 13 11 7 13 10 8 13 10 9 13 12 1 14 8 3 14 10 5 14 12 7 14 9 8 14 9 9 14 12 1 15 6 3 15 10 5 15 13 7 15 12 8 15 11 9 15 13 1 16 13 3 16 9 5 16 13 7 16 12 8 16 11 9 16 8 1 17 11 3 17 8 5 17 10 7 17 14 8 17 11 9 17 11 1 18 8 3 18 11 5 18 11 7 18 12 8 18 11 9 18 8 1 19 9 3 19 10 5 19 15 7 19 7 8 19 9 9 19 12
98 356 8 4 3 8 11 10 3 15 7 4 15 13 6 15 13 3 19 13 4 19 11 6 19 10 8 19 14
99 359 2 2 1 4 13 9 5 13 10
