20 100
0 0 18 6 6 7 11 9 9 11 9 2 12 10 5 12 10 7 12 10 9 12 10 2 13 11 3 13 13 5 13 9 8 13 13 2 16 9 8 16 9 3 17 17 3 18 9 5 18 10 7 18 5 8 18 14 9 18 14
1 2 3 3 1 2 14 13 4 14 11 8 14 12
2 4 5 5 1 0 19 10 1 19 12 6 19 8 8 19 11 9 19 12
3 8 6 6 3 1 13 9 7 13 13 9 13 11 0 16 7 3 18 10 5 18 9
4 10 60 6 10 0 10 10 2 10 8 4 10 10 6 10 14 7 10 12 8 10 9 0 11 10 2 11 10 4 11 9 6 11 9 7 11 10 8 11 11 0 12 10 2 12 7 4 12 11 6 12 11 7 12 8 8 12 9 0 13 10 2 13 10 4 13 13 6 13 12 7 13 9 8 13 6 0 14 12 2 14 12 4 14 8 6 14 11 7 14 10 8 14 14 0 15 12 2 15 10 4 15 18 6 15 12 7 15 7 8 15 11 0 16 12 2 16 10 4 16 10 6 16 12 7 16 13 8 16 12 0 17 13 2 17 11 4 17 15 6 17 13 7 17 7 8 17 10 0 18 10 2 18 10 4 18 13 6 18 8 7 18 11 8 18 9 0 19 11 2 19 12 4 19 9 6 19 12 7 19 11 8 19 13
5 11 1 1 1 7 11 10
6 13 24 6 7 0 10 12 6 10 14 7 10 11 0 11 12 1 11 13 7 11 9 8 11 9 1 12 12 2 12 9 8 12 12 0 15 9 2 15 9 6 15 9 7 15 12 1 17 11 2 17 13 7 17 11 8 17 11 1 18 11 2 18 4 6 18 11 0 19 10 6 19 10 8 19 9
7 14 15 5 5 0 11 13 3 11 12 1 13 7 2 13 10 3 13 10 1 15 10 2 15 7 3 15 9 9 15 12 0 17 11 1 17 11 9 17 10 0 18 13 2 18 12 9 18 9
8 17 8 4 3 1 10 11 6 10 8 8 10 11 1 16 8 3 16 12 6 16 9 3 18 14 8 18 14
9 20 2 2 1 0 11 9 7 11 15
10 24 3 3 2 7 16 10 5 19 16 9 19 12
11 27 24 6 6 1 10 12 2 10 13 3 10 12 0 11 9 1 11 10 7 11 11 9 11 8 0 12 10 2 12 12 3 12 10 7 12 12 9 12 12 2 13 7 9 13 8 0 17 10 1 17 14 3 17 7 7 17 4 9 17 15 0 19 11 1 19 7 2 19 10 3 19 12 7 19 10
12 28 2 2 1 0 17 9 9 17 10
13 42 12 4 5 6 12 11 7 12 8 8 12 9 9 12 9 7 13 10 8 13 7 9 13 9 6 14 12 7 14 7 9 14 8 6 16 10 8 17 9
14 43 4 4 1 2 15 14 3 15 12 4 15 9 6 15 10
15 45 1 1 1 5 17 8
16 46 3 3 1 1 12 13 4 12 13 9 12 13
17 47 1 1 1 0 19 11
18 52 24 6 7 1 10 9 3 10 10 5 10 7 7 10 16 2 13 11 3 13 11 8 13 8 1 14 10 2 14 10 3 14 11 5 14 10 8 14 9 3 16 10 5 16 14 7 16 11 8 16 11 2 17 10 5 17 9 7 17 9 1 18 8 2 18 10 8 18 12 1 19 11 7 19 10
19 57 6 3 3 1 10 11 1 13 11 3 13 13 8 13 9 3 16 7 8 16 8
20 59 12 6 4 4 10 9 2 12 8 5 12 10 7 12 12 8 12 12 2 15 10 3 15 9 8 15 11 3 17 14 4 17 11 5 17 9 7 17 9
21 67 60 6 10 1 10 9 2 10 10 5 10 10 6 10 10 7 10 9 9 10 7 1 11 10 2 11 10 5 11 11 6 11 12 7 11 11 9 11 11 1 12 13 2 12 13 5 12 7 6 12 12 7 12 10 9 12 8 1 13 6 2 13 10 5 13 10 6 13 11 7 13 12 9 13 12 1 14 12 2 14 12 5 14 9 6 14 8 7 14 11 9 14 10 1 15 11 2 15 9 5 15 8 6 15 12 7 15 7 9 15 12 1 16 9 2 16 9 5 16 10 6 16 11 7 16 10 9 16 8 1 17 10 2 17 10 5 17 12 6 17 12 7 17 11 9 17 7 1 18 12 2 18 13 5 18 9 6 18 6 7 18 9 9 18 11 1 19 8 2 19 9 5 19 11 6 19 9 7 19 11 9 19 11
22 68 18 6 6 2 11 11 3 11 10 8 11 13 9 11 10 2 13 8 3 13 9 4 13 10 6 13 10 9 13 8 4 14 7 6 14 9 8 14 8 6 16 11 9 16 11 2 17 12 3 18 12 4 18 11 8 18 9
23 71 12 6 3 2 11 13 0 14 13 1 14 12 3 14 11 6 14 11 7 14 12 0 16 8 1 16 8 2 16 9 3 16 7 6 16 10 7 16 10
24 80 3 3 1 6 18 10 7 18 9 8 18 11
25 86 1 1 1 8 15 9
26 89 20 2 10 1 10 11 6 10 9 1 11 12 6 11 11 1 12 12 6 12 12 1 13 11 6 13 8 1 14 12 6 14 10 1 15 9 6 15 12 1 16 10 6 16 11 1 17 10 6 17 5 1 18 10 6 18 10 1 19 9 6 19 12
27 90 60 6 10 1 10 10 3 10 11 4 10 14 6 10 12 7 10 14 9 10 16 1 11 11 3 11 12 4 11 12 6 11 12 7 11 11 9 11 12 1 12 11 3 12 10 4 12 9 6 12 12 7 12 11 9 12 11 1 13 8 3 13 12 4 13 15 6 13 9 7 13 10 9 13 8 1 14 13 3 14 13 4 14 11 6 14 15 7 14 12 9 14 9 1 15 10 3 15 8 4 15 14 6 15 13 7 15 11 9 15 8 1 16 4 3 16 12 4 16 12 6 16 11 7 16 11 9 16 10 1 17 15 3 17 12 4 17 7 6 17 10 7 17 11 9 17 11 1 18 8 3 18 9 4 18 10 6 18 9 7 18 10 9 18 6 1 19 11 3 19 10 4 19 12 6 19 9 7 19 11 9 19 15
28 91 10 1 10 1 10 9 1 11 9 1 12 11 1 13 9 1 14 10 1 15 8 1 16 11 1 17 8 1 18 12 1 19 9
29 95 6 6 1 2 18 8 3 18 8 4 18 9 5 18 11 6 18 12 7 18 8
30 101 30 3 10 1 10 11 4 10 13 5 10 15 1 11 12 4 11 11 5 11 12 1 12 10 4 12 8 5 12 14 1 13 11 4 13 9 5 13 11 1 14 11 4 14 12 5 14 6 1 15 12 4 15 11 5 15 11 1 16 13 4 16 6 5 16 9 1 17 11 4 17 13 5 17 8 1 18 8 4 18 11 5 18 11 1 19 10 4 19 9 5 19 11
31 107 6 6 2 3 11 9 4 11 14 5 11 15 8 11 11 0 18 14 6 18 9
32 114 3 3 1 1 11 12 4 11 9 6 11 8
33 120 1 1 1 4 14 12
34 125 3 3 1 3 10 9 6 10 9 9 10 12
35 127 30 3 10 0 10 13 3 10 10 6 10 6 0 11 9 3 11 12 6 11 9 0 12 9 3 12 9 6 12 6 0 13 9 3 13 11 6 13 12 0 14 12 3 14 9 6 14 11 0 15 12 3 15 8 6 15 7 0 16 10 3 16 8 6 16 13 0 17 12 3 17 9 6 17 11 0 18 12 3 18 9 6 18 13 0 19 13 3 19 12 6 19 12
36 132 18 6 6 0 11 12 1 11 12 3 11 14 6 11 9 8 11 14 0 13 11 3 13 9 6 13 8 8 13 8 9 14 12 8 15 13 1 16 12 3 16 11 6 16 12 9 16 11 0 19 12 1 19 13 9 19 16
37 135 6 6 2 2 15 9 5 15 11 7 15 9 9 15 11 1 16 11 4 16 16
38 137 60 6 10 0 10 12 2 10 10 4 10 10 5 10 12 8 10 6 9 10 13 0 11 10 2 11 8 4 11 9 5 11 11 8 11 10 9 11 12 0 12 10 2 12 10 4 12 13 5 12 9 8 12 12 9 12 10 0 13 11 2 13 12 4 13 9 5 13 11 8 13 10 9 13 15 0 14 12 2 14 6 4 14 7 5 14 5 8 14 13 9 14 12 0 15 9 2 15 6 4 15 13 5 15 13 8 15 12 9 15 11 0 16 12 2 16 7 4 16 14 5 16 11 8 16 10 9 16 9 0 17 9 2 17 11 4 17 15 5 17 11 8 17 10 9 17 10 0 18 12 2 18 6 4 18 10 5 18 12 8 18 10 9 18 12 0 19 12 2 19 13 4 19 11 5 19 9 8 19 10 9 19 9
39 140 6 3 4 1 12 8 9 12 9 6 15 13 1 17 7 6 17 14 9 18 10
40 146 2 2 2 6 13 9 4 19 14
41 149 2 2 1 0 15 10 7 15 8
42 155 20 2 10 8 10 10 9 10 10 8 11 13 9 11 9 8 12 7 9 12 13 8 13 11 9 13 15 8 14 10 9 14 11 8 15 12 9 15 12 8 16 9 9 16 9 8 17 9 9 17 11 8 18 14 9 18 11 8 19 7 9 19 9
43 156 12 6 4 2 10 10 7 10 9 3 14 12 4 14 14 5 14 12 8 14 10 2 18 8 3 18 11 4 18 9 8 18 12 5 19 9 7 19 10
44 159 2 2 1 3 16 16 8 16 9
45 160 50 5 10 0 10 11 2 10 11 4 10 12 7 10 12 8 10 17 0 11 11 2 11 11 4 11 12 7 11 10 8 11 10 0 12 10 2 12 11 4 12 9 7 12 8 8 12 7 0 13 9 2 13 8 4 13 14 7 13 11 8 13 12 0 14 8 2 14 11 4 14 12 7 14 10 8 14 10 0 15 11 2 15 11 4 15 13 7 15 9 8 15 11 0 16 10 2 16 9 4 16 11 7 16 12 8 16 11 0 17 12 2 17 9 4 17 9 7 17 12 8 17 7 0 18 7 2 18 9 4 18 13 7 18 12 8 18 14 0 19 12 2 19 11 4 19 9 7 19 9 8 19 10
46 161 12 4 4 2 12 11 3 12 9 4 12 10 8 12 10 2 16 11 3 16 11 4 17 11 8 17 11 2 18 14 3 18 14 4 18 10 8 18 8
47 163 2 2 1 2 12 5 3 12 11
48 166 2 2 1 6 16 7 9 16 13
49 167 3 3 1 3 18 13 6 18 12 7 18 9
50 169 12 6 4 0 10 10 9 10 10 0 13 13 3 13 7 9 13 8 1 14 11 7 14 9 8 14 9 1 18 13 3 18 12 7 18 12 8 18 11
51 170 1 1 1 9 17 11
52 176 8 4 4 3 11 13 5 11 9 1 12 11 3 12 12 4 12 13 4 13 15 1 17 10 5 17 9
53 177 30 3 10 0 10 11 4 10 7 7 10 9 0 11 13 4 11 10 7 11 9 0 12 12 4 12 10 7 12 10 0 13 11 4 13 10 7 13 11 0 14 9 4 14 9 7 14 7 0 15 8 4 15 12 7 15 12 0 16 12 4 16 10 7 16 11 0 17 12 4 17 11 7 17 12 0 18 10 4 18 12 7 18 8 0 19 11 4 19 10 7 19 8
54 184 6 3 3 6 12 11 8 12 8 0 15 12 8 15 10 0 18 7 6 18 10
55 188 10 5 4 2 10 12 3 10 11 9 10 11 7 12 12 8 12 10 9 12 13 8 13 14 2 14 8 3 14 14 7 14 12
56 189 50 5 10 0 10 11 3 10 10 5 10 9 6 10 6 8 10 10 0 11 10 3 11 11 5 11 8 6 11 10 8 11 10 0 12 14 3 12 12 5 12 8 6 12 9 8 12 14 0 13 6 3 13 11 5 13 10 6 13 12 8 13 13 0 14 9 3 14 7 5 14 13 6 14 11 8 14 14 0 15 12 3 15 10 5 15 10 6 15 6 8 15 9 0 16 7 3 16 11 5 16 11 6 16 13 8 16 7 0 17 14 3 17 12 5 17 15 6 17 8 8 17 13 0 18 9 3 18 12 5 18 11 6 18 13 8 18 12 0 19 13 3 19 12 5 19 7 6 19 15 8 19 7
57 193 10 5 4 0 10 12 3 10 12 9 10 6 3 12 12 9 12 11 1 13 11 8 13 12 0 14 8 1 14 9 8 14 12
58 198 50 5 10 1 10 8 2 10 9 6 10 10 7 10 17 9 10 12 1 11 10 2 11 9 6 11 7 7 11 11 9 11 11 1 12 11 2 12 10 6 12 13 7 12 12 9 12 12 1 13 10 2 13 10 6 13 5 7 13 13 9 13 10 1 14 12 2 14 13 6 14 12 7 14 9 9 14 11 1 15 12 2 15 13 6 15 9 7 15 11 9 15 14 1 16 10 2 16 12 6 16 12 7 16 9 9 16 13 1 17 11 2 17 15 6 17 11 7 17 9 9 17 12 1 18 8 2 18 14 6 18 9 7 18 9 9 18 11 1 19 9 2 19 10 6 19 8 7 19 9 9 19 12
59 204 6 6 2 2 13 13 4 13 9 6 13 12 9 13 12 3 17 10 8 17 10
60 206 60 6 10 1 10 13 4 10 9 5 10 16 6 10 6 7 10 10 9 10 10 1 11 12 4 11 8 5 11 9 6 11 7 7 11 9 9 11 8 1 12 7 4 12 10 5 12 6 6 12 11 7 12 8 9 12 10 1 13 9 4 13 12 5 13 9 6 13 14 7 13 9 9 13 6 1 14 11 4 14 11 5 14 12 6 14 10 7 14 12 9 14 12 1 15 10 4 15 8 5 15 11 6 15 10 7 15 14 9 15 13 1 16 11 4 16 10 5 16 12 6 16 13 7 16 12 9 16 12 1 17 10 4 17 12 5 17 14 6 17 11 7 17 12 9 17 12 1 18 8 4 18 10 5 18 13 6 18 11 7 18 10 9 18 10 1 19 6 4 19 11 5 19 13 6 19 10 7 19 13 9 19 10
61 208 18 6 6 4 10 9 5 10 9 9 10 9 4 12 11 8 12 13 2 13 13 5 13 14 9 13 9 2 15 10 3 15 8 5 15 12 8 15 9 2 17 14 3 17 12 3 19 5 4 19 12 8 19 10 9 19 10
62 219 6 6 1 1 18 11 2 18 10 5 18 8 6 18 13 8 18 10 9 18 13
63 225 1 1 1 1 12 11
64 229 15 5 5 0 12 12 2 12 11 3 12 11 7 12 7 9 12 7 2 16 12 9 17 8 0 18 10 2 18 10 3 18 10 7 18 10 9 18 12 0 19 8 3 19 9 7 19 10
65 231 6 6 2 1 11 10 2 11 6 3 11 8 4 11 13 6 18 7 7 18 12
66 232 2 2 1 0 12 10 8 12 12
67 235 12 6 3 0 11 12 2 11 10 3 11 10 5 11 8 0 12 10 2 12 13 3 12 12 5 12 12 6 12 9 9 12 11 6 15 12 9 15 9
68 236 12 6 4 2 11 16 6 11 14 8 11 9 1 14 9 5 14 11 9 14 13 1 17 10 5 17 9 2 19 11 6 19 7 8 19 10 9 19 11
69 238 1 1 1 2 11 10
70 245 3 3 1 1 17 9 4 17 13 6 17 7
71 247 10 1 10 6 10 11 6 11 11 6 12 9 6 13 13 6 14 10 6 15 14 6 16 12 6 17 13 6 18 15 6 19 14
72 253 1 1 1 1 11 14
73 257 12 6 3 0 10 12 4 10 12 6 10 10 7 10 9 9 10 11 0 12 10 2 12 12 4 12 10 6 12 8 2 15 9 7 15 9 9 15 9
74 258 15 5 5 1 11 10 7 11 14 9 11 11 3 12 12 8 12 11 1 16 11 3 16 8 7 17 13 8 17 10 9 17 11 1 18 8 3 18 12 7 18 4 8 18 9 9 18 11
75 264 1 1 1 7 15 9
76 270 6 6 1 0 13 11 2 13 9 4 13 10 7 13 12 8 13 9 9 13 12
77 275 2 2 1 4 14 14 9 14 12
78 276 6 6 1 1 15 7 3 15 12 4 15 9 6 15 9 7 15 8 9 15 9
79 277 18 6 5 2 10 11 4 10 11 6 10 6 7 10 11 8 10 12 2 13 12 5 13 11 6 13 10 8 13 8 2 14 11 4 14 10 5 14 8 6 14 11 8 14 13 4 16 16 5 16 9 7 16 9 7 18 12
80 282 6 6 2 2 11 10 9 11 9 1 18 9 4 18 11 5 18 10 7 18 12
81 288 2 2 1 4 14 14 8 14 14
82 291 24 6 7 4 10 11 5 10 14 9 10 11 4 11 9 8 11 13 9 11 14 2 12 16 5 12 11 6 12 10 8 12 11 5 15 13 6 15 8 8 15 9 9 15 11 2 16 10 4 16 9 2 17 9 5 17 9 6 17 11 2 19 11 4 19 10 6 19 7 8 19 10 9 19 12
83 298 24 6 8 2 10 11 4 10 11 5 10 8 2 11 7 3 11 10 5 11 10 7 11 14 3 13 11 4 13 10 7 13 13 2 14 13 5 14 12 9 14 10 4 15 9 7 15 9 9 15 10 3 16 10 9 16 12 2 17 10 3 17 8 7 17 16 4 18 9 5 18 12 9 18 8
84 299 60 6 10 1 10 10 2 10 10 6 10 11 7 10 12 8 10 11 9 10 11 1 11 11 2 11 10 6 11 8 7 11 9 8 11 13 9 11 12 1 12 10 2 12 15 6 12 7 7 12 8 8 12 11 9 12 11 1 13 12 2 13 11 6 13 11 7 13 9 8 13 15 9 13 10 1 14 9 2 14 11 6 14 6 7 14 13 8 14 10 9 14 11 1 15 16 2 15 12 6 15 11 7 15 10 8 15 8 9 15 8 1 16 8 2 16 12 6 16 13 7 16 8 8 16 7 9 16 11 1 17 9 2 17 11 6 17 13 7 17 12 8 17 11 9 17 9 1 18 11 2 18 9 6 18 8 7 18 11 8 18 11 9 18 11 1 19 12 2 19 8 6 19 11 7 19 10 8 19 10 9 19 12
85 305 1 1 1 8 16 8
86 306 6 6 2 8 10 7 0 15 10 2 15 12 3 15 12 4 15 10 6 15 10
87 312 20 2 10 0 10 11 9 10 8 0 11 10 9 11 10 0 12 9 9 12 8 0 13 13 9 13 7 0 14 11 9 14 9 0 15 9 9 15 10 0 16 7 9 16 9 0 17 12 9 17 8 0 18 10 9 18 11 0 19 9 9 19 10
88 313 6 6 1 0 16 13 2 16 11 4 16 6 5 16 9 7 16 8 9 16 13
89 314 1 1 1 8 15 10
90 319 2 2 1 7 17 8 8 17 10
91 325 3 3 1 0 19 11 4 19 10 6 19 10
92 334 2 2 1 5 18 7 6 18 14
93 337 3 3 2 0 17 7 7 17 9 5 18 13
94 342 4 4 1 0 13 9 1 13 9 2 13 13 9 13 10
95 343 6 6 1 1 18 11 2 18 9 3 18 10 7 18 8 8 18 8 9 18 9
96 344 30 3 10 3 10 5 5 10 10 7 10 7 3 11 12 5 11 12 7 11 11 3 12 8 5 12 10 7 12 12 3 13 10 5 13 11 7 13 13 3 14 11 5 14 12 7 14 8 3 15 8 5 15 9 7 15 13 3 16 10 5 16 9 7 16 8 3 17 13 5 17 10 7 17 12 3 18 13 5 18 9 7 18 9 3 19 12 5 19 9 7 19 10
97 354 24 6 7 3 10 10 5 10 10 1 11 8 2 11 12 4 11 12 5 11 10 1 13 9 3 13 7 4 13 14 5 13 9 9 13 9 2 15 12 3 15 9 4 15 11 9 15 8 2 16 10 5 16 15 9 16 10 1 17 10 2 17 11 9 17 13 1 19 13 3 19 10 4 19 12
98 356 2 2 1 1 13 9 4 13 11
99 359 1 1 1 0 15 10
