0	-1.000	453.040	-1.000	-1.000	-1.000	-1.000	104350032903.715	558.572
1	-1.000	392.990	-1.000	-1.000	-1.000	-1.000	104350032987.393	294.846
2	-1.000	430.160	-1.000	-1.000	-1.000	-1.000	104350032688.900	423.138
3	-1.000	537.250	-1.000	-1.000	-1.000	-1.000	104350033267.181	909.326
4	-1.000	477.820	-1.000	-1.000	-1.000	-1.000	104350031303.645	719.062
5	-1.000	405.290	-1.000	-1.000	-1.000	-1.000	104350030580.311	371.514
6	-1.000	366.430	-1.000	-1.000	-1.000	-1.000	104350030205.973	222.668
7	-1.000	451.410	-1.000	-1.000	-1.000	-1.000	104350029979.306	590.477
8	-1.000	469.960	-1.000	-1.000	-1.000	-1.000	104350029385.069	388.247
9	-1.000	482.490	-1.000	-1.000	-1.000	-1.000	104350028992.524	523.610
10	-1.000	447.610	-1.000	-1.000	-1.000	-1.000	104350028464.958	627.589
11	-1.000	472.580	-1.000	-1.000	-1.000	-1.000	104350029062.791	765.840
12	-1.000	470.260	-1.000	-1.000	-1.000	-1.000	104350028292.733	571.853
13	-1.000	448.130	-1.000	-1.000	-1.000	-1.000	104350027716.912	487.351
14	-1.000	408.720	-1.000	-1.000	-1.000	-1.000	104350027226.176	333.464
15	-1.000	420.800	-1.000	-1.000	-1.000	-1.000	104350027290.347	400.424
16	-1.000	456.100	-1.000	-1.000	-1.000	-1.000	104350025597.854	545.503
17	-1.000	454.170	-1.000	-1.000	-1.000	-1.000	104350026220.898	411.269
18	-1.000	502.420	-1.000	-1.000	-1.000	-1.000	104350025809.050	583.292
19	-1.000	508.050	-1.000	-1.000	-1.000	-1.000	104350024020.962	514.324
20	-1.000	456.620	-1.000	-1.000	-1.000	-1.000	104350023502.005	682.376
21	-1.000	427.470	-1.000	-1.000	-1.000	-1.000	104350023806.154	552.102
22	-1.000	500.790	-1.000	-1.000	-1.000	-1.000	104350023547.999	533.765
23	-1.000	412.120	-1.000	-1.000	-1.000	-1.000	104350022173.602	452.310
24	-1.000	394.120	-1.000	-1.000	-1.000	-1.000	104350021717.478	291.031
25	-1.000	396.060	-1.000	-1.000	-1.000	-1.000	104350021837.822	313.937
26	-1.000	400.950	-1.000	-1.000	-1.000	-1.000	104350021104.935	460.094
27	-1.000	401.800	-1.000	-1.000	-1.000	-1.000	104350020641.180	374.543
28	-1.000	544.930	-1.000	-1.000	-1.000	-1.000	104350020262.220	988.355
29	-1.000	469.890	-1.000	-1.000	-1.000	-1.000	104350019268.705	568.763
30	-1.000	410.290	-1.000	-1.000	-1.000	-1.000	104350018696.267	475.992
31	-1.000	425.200	-1.000	-1.000	-1.000	-1.000	104350018216.482	527.300
32	-1.000	392.370	-1.000	-1.000	-1.000	-1.000	104350017585.086	467.539
33	-1.000	361.240	-1.000	-1.000	-1.000	-1.000	104350017214.164	225.989
34	-1.000	419.440	-1.000	-1.000	-1.000	-1.000	104350016985.149	357.456
35	-1.000	410.170	-1.000	-1.000	-1.000	-1.000	104350017698.097	444.127
36	-1.000	474.370	-1.000	-1.000	-1.000	-1.000	104350017018.956	512.377
37	-1.000	471.000	-1.000	-1.000	-1.000	-1.000	104350016775.871	661.217
38	-1.000	504.660	-1.000	-1.000	-1.000	-1.000	104350016432.463	552.254
39	-1.000	537.420	-1.000	-1.000	-1.000	-1.000	104350015925.742	824.549
40	-1.000	454.900	-1.000	-1.000	-1.000	-1.000	104350013547.467	697.326
41	-1.000	508.230	-1.000	-1.000	-1.000	-1.000	104350015661.840	932.662
42	-1.000	399.480	-1.000	-1.000	-1.000	-1.000	104350014724.870	592.414
43	-1.000	429.260	-1.000	-1.000	-1.000	-1.000	104350014128.746	498.751
44	-1.000	466.470	-1.000	-1.000	-1.000	-1.000	104350013623.887	731.266
45	-1.000	395.050	-1.000	-1.000	-1.000	-1.000	104350011644.132	458.659
46	-1.000	541.420	-1.000	-1.000	-1.000	-1.000	104350011812.654	782.175
47	-1.000	507.950	-1.000	-1.000	-1.000	-1.000	104350010855.393	702.855
48	-1.000	437.030	-1.000	-1.000	-1.000	-1.000	104350009745.168	290.693
49	-1.000	420.840	-1.000	-1.000	-1.000	-1.000	104350010060.295	461.764
50	-1.000	461.050	-1.000	-1.000	-1.000	-1.000	104350008041.598	600.257
51	-1.000	433.360	-1.000	-1.000	-1.000	-1.000	104350009542.323	494.921
52	-1.000	418.320	-1.000	-1.000	-1.000	-1.000	104350008508.038	314.045
53	-1.000	513.940	-1.000	-1.000	-1.000	-1.000	104350008042.034	891.294
54	-1.000	478.090	-1.000	-1.000	-1.000	-1.000	104350007815.792	468.929
55	-1.000	456.960	-1.000	-1.000	-1.000	-1.000	104350005885.582	411.493
56	-1.000	413.390	-1.000	-1.000	-1.000	-1.000	104350006359.003	466.668
57	-1.000	428.640	-1.000	-1.000	-1.000	-1.000	104350005010.455	580.750
58	-1.000	483.930	-1.000	-1.000	-1.000	-1.000	104350004424.732	737.034
59	-1.000	405.990	-1.000	-1.000	-1.000	-1.000	104350003683.682	411.781
60	-1.000	485.980	-1.000	-1.000	-1.000	-1.000	104350003267.758	756.402
61	-1.000	405.510	-1.000	-1.000	-1.000	-1.000	104350002507.183	366.265
62	-1.000	351.270	-1.000	-1.000	-1.000	-1.000	104350002137.189	421.795
63	-1.000	378.000	-1.000	-1.000	-1.000	-1.000	104350001711.797	452.692
64	-1.000	454.130	-1.000	-1.000	-1.000	-1.000	104350001255.465	473.874
65	-1.000	489.610	-1.000	-1.000	-1.000	-1.000	104350000777.141	690.071
66	-1.000	453.320	-1.000	-1.000	-1.000	-1.000	104350001177.548	599.960
67	-1.000	378.170	-1.000	-1.000	-1.000	-1.000	104350000573.853	191.810
68	-1.000	437.580	-1.000	-1.000	-1.000	-1.000	104349999282.982	410.117
69	-1.000	424.420	-1.000	-1.000	-1.000	-1.000	104349998869.122	309.332
70	-1.000	361.650	-1.000	-1.000	-1.000	-1.000	104349998556.544	361.457
71	-1.000	424.260	-1.000	-1.000	-1.000	-1.000	104349998191.557	483.376
72	-1.000	372.900	-1.000	-1.000	-1.000	-1.000	104349997704.414	333.013
73	-1.000	429.780	-1.000	-1.000	-1.000	-1.000	104349997368.007	439.663
74	-1.000	416.020	-1.000	-1.000	-1.000	-1.000	104349996924.521	384.237
75	-1.000	436.160	-1.000	-1.000	-1.000	-1.000	104349996535.393	575.182
76	-1.000	372.960	-1.000	-1.000	-1.000	-1.000	104349995956.555	293.249
77	-1.000	408.990	-1.000	-1.000	-1.000	-1.000	104349995660.095	340.658
78	-1.000	381.750	-1.000	-1.000	-1.000	-1.000	104349996916.045	340.048
79	-1.000	404.380	-1.000	-1.000	-1.000	-1.000	104349996571.891	391.149
80	-1.000	550.520	-1.000	-1.000	-1.000	-1.000	104349998163.913	1124.684
81	-1.000	438.700	-1.000	-1.000	-1.000	-1.000	104349995046.102	499.705
82	-1.000	469.930	-1.000	-1.000	-1.000	-1.000	104349994541.730	767.520
83	-1.000	509.540	-1.000	-1.000	-1.000	-1.000	104349993769.370	1005.334
84	-1.000	366.830	-1.000	-1.000	-1.000	-1.000	104349992760.087	253.230
85	-1.000	414.220	-1.000	-1.000	-1.000	-1.000	104349992503.270	630.041
86	-1.000	386.780	-1.000	-1.000	-1.000	-1.000	104349991869.145	271.722
87	-1.000	553.500	-1.000	-1.000	-1.000	-1.000	104349991593.140	1066.363
88	-1.000	351.380	-1.000	-1.000	-1.000	-1.000	104349990522.671	295.014
89	-1.000	426.650	-1.000	-1.000	-1.000	-1.000	104349990223.399	608.891
90	-1.000	499.300	-1.000	-1.000	-1.000	-1.000	104349989609.810	783.599
91	-1.000	386.750	-1.000	-1.000	-1.000	-1.000	104349990438.697	460.147
92	-1.000	472.250	-1.000	-1.000	-1.000	-1.000	104349988357.624	656.811
93	-1.000	507.550	-1.000	-1.000	-1.000	-1.000	104349987696.372	602.097
94	-1.000	423.460	-1.000	-1.000	-1.000	-1.000	104349987089.992	546.564
95	-1.000	429.520	-1.000	-1.000	-1.000	-1.000	104349986539.228	437.185
96	-1.000	499.060	-1.000	-1.000	-1.000	-1.000	104349987555.804	432.410
97	-1.000	584.000	-1.000	-1.000	-1.000	-1.000	104349987408.426	1324.631
98	-1.000	523.510	-1.000	-1.000	-1.000	-1.000	104349986079.096	667.177
99	-1.000	478.750	-1.000	-1.000	-1.000	-1.000	104349986543.776	747.902
