0	0.000	289.840	289.840	289.840	289.840	0.000	0.000	2887.670	0.472
0	0.100	304.632	285.940	323.620	305.760	7.772	0.000	1784588.866	548.382
0	0.200	307.351	283.240	327.640	307.590	7.040	0.000	1262841.759	490.158
0	0.300	307.558	281.340	327.980	307.960	5.745	0.000	777805.231	476.561
0	0.400	310.104	276.660	346.300	309.600	7.973	0.000	299780.272	475.134
0	0.500	314.025	282.920	391.720	311.350	12.075	0.000	-176763.843	472.913
0	0.600	327.095	283.700	398.160	323.800	19.931	0.000	-652365.759	476.076
0	0.700	342.311	298.000	407.700	339.370	22.817	0.000	-1137168.898	490.508
0	0.800	354.625	299.840	426.460	353.960	23.164	0.000	-1630969.921	492.739
0	0.990	365.318	303.620	453.520	365.270	23.628	0.000	-2127401.343	495.083
1	0.000	362.880	362.880	362.880	362.880	0.000	0.000	-1548.078	0.700
1	0.100	381.903	349.340	417.220	385.380	12.798	0.000	-2837245.732	919.908
1	0.200	377.561	349.540	410.460	378.640	9.161	0.000	-3691636.698	782.971
1	0.300	371.000	339.400	399.340	371.180	8.151	0.000	-4474044.033	777.029
1	0.400	367.413	341.820	400.500	368.200	8.785	0.000	-5250336.282	770.405
1	0.500	366.891	331.740	405.540	367.680	10.862	0.000	-6017198.888	758.420
1	0.600	370.179	339.660	443.280	369.120	13.929	0.000	-6773442.763	749.054
1	0.700	379.678	339.940	459.100	373.800	21.871	0.000	-7524448.402	748.335
1	0.800	393.503	347.920	475.400	385.780	27.670	0.000	-8279323.483	756.663
1	0.990	419.135	359.220	485.940	424.580	25.766	0.000	-9075143.418	828.980
2	0.000	294.260	294.260	294.260	294.260	0.000	0.000	-8663.215	0.441
2	0.100	306.313	283.640	334.560	304.340	7.411	0.000	-9738606.833	492.757
2	0.200	308.986	280.020	346.960	308.520	11.392	0.000	-10257833.622	541.130
2	0.300	316.221	283.460	347.500	317.470	9.981	0.000	-10793381.564	526.045
2	0.400	316.720	283.980	347.720	318.830	10.483	0.000	-11319018.169	521.086
2	0.500	314.263	284.500	359.700	312.880	11.557	0.000	-11839019.340	514.440
2	0.600	321.007	281.280	378.620	319.220	15.025	0.000	-12354233.216	512.677
2	0.700	332.110	282.560	399.640	328.300	19.998	0.000	-12870675.916	515.667
2	0.800	347.922	287.820	416.520	347.890	22.455	0.000	-13390808.640	520.309
2	0.990	368.495	305.680	436.760	368.470	22.204	0.000	-13926601.604	547.428
3	0.000	228.400	228.400	228.400	228.400	0.000	0.000	-16238.466	0.169
3	0.100	230.884	220.540	236.600	231.760	3.173	0.000	-14234174.263	162.409
3	0.200	236.433	223.780	255.160	233.420	6.891	0.000	-14411479.402	190.390
3	0.300	243.764	224.820	265.580	244.600	8.491	0.000	-14607417.843	198.915
3	0.400	250.891	224.820	274.540	251.370	8.635	0.000	-14805657.745	195.696
3	0.500	253.479	229.900	280.380	253.030	8.535	0.000	-15002052.098	194.864
3	0.600	259.248	235.300	293.940	258.920	9.849	0.000	-15197220.090	193.367
3	0.700	265.841	241.140	305.680	265.410	10.882	0.000	-15391220.443	192.393
3	0.800	271.940	241.160	323.180	271.340	12.799	0.000	-15584834.006	192.788
3	0.990	283.081	249.520	387.000	280.840	18.246	0.000	-15782078.663	199.491
4	0.000	332.440	332.440	332.440	332.440	0.000	0.000	-13700.131	0.479
4	0.100	309.912	304.540	324.160	309.480	3.274	0.000	-16054008.946	422.230
4	0.200	316.665	301.900	341.340	316.430	5.438	0.000	-16475938.373	417.575
4	0.300	325.786	309.480	350.220	326.280	6.535	0.000	-16893442.985	413.796
4	0.400	338.641	317.280	382.200	335.830	9.698	0.000	-17309288.740	414.236
4	0.500	344.697	321.780	400.780	343.030	11.524	0.000	-17726027.042	415.993
4	0.600	356.228	324.340	446.660	351.040	18.832	0.000	-18147016.790	422.177
4	0.700	371.141	329.440	453.980	366.090	23.944	0.000	-18575409.902	430.529
4	0.800	384.165	332.580	477.260	383.310	26.251	0.000	-19008348.417	432.415
4	0.990	404.998	337.660	485.360	407.780	25.610	0.000	-19453359.668	453.626
5	0.000	265.840	265.840	265.840	265.840	0.000	0.000	-17540.020	0.416
5	0.100	268.360	259.100	280.240	267.320	3.634	0.000	-19885800.821	406.307
5	0.200	280.114	257.720	306.560	279.990	11.004	0.000	-20277660.770	373.748
5	0.300	288.109	261.980	316.740	290.210	9.633	0.000	-20645758.031	358.891
5	0.400	296.132	268.780	331.620	295.660	8.476	0.000	-21002823.945	351.880
5	0.500	302.763	278.160	332.980	301.960	8.899	0.000	-21355018.359	349.183
5	0.600	309.817	285.680	349.360	309.660	9.873	0.000	-21709040.486	354.994
5	0.700	316.401	285.800	368.400	315.670	11.910	0.000	-22069998.333	364.011
5	0.800	322.326	286.220	377.040	320.330	14.084	0.000	-22437947.781	368.291
5	0.990	333.751	301.140	404.540	331.500	16.078	0.000	-22818491.152	389.915
6	0.000	268.520	268.520	268.520	268.520	0.000	0.000	-20873.323	0.341
6	0.100	284.245	263.520	321.860	290.950	12.923	0.000	-23188098.815	344.380
6	0.200	300.817	268.180	348.740	299.410	21.270	0.000	-23527917.643	331.972
6	0.300	312.911	271.860	352.780	314.000	15.391	0.000	-23858170.861	325.940
6	0.400	320.574	281.460	373.000	320.990	12.096	0.000	-24183941.247	322.508
6	0.500	326.653	295.040	366.700	326.510	10.990	0.000	-24504952.553	316.305
6	0.600	335.547	299.700	403.900	333.660	14.800	0.000	-24818004.370	306.308
6	0.700	343.484	304.220	412.780	340.160	17.963	0.000	-25123251.422	301.068
6	0.800	351.904	302.900	425.460	350.620	19.966	0.000	-25426418.470	301.866
6	0.990	368.256	314.320	431.980	367.560	20.414	0.000	-25737899.810	318.145
7	0.000	277.600	277.600	277.600	277.600	0.000	0.000	-23755.978	0.387
7	0.100	285.484	268.020	302.600	284.610	6.763	0.000	-26125255.963	453.622
7	0.200	291.191	269.180	318.400	290.430	7.956	0.000	-26573256.093	437.435
7	0.300	295.011	269.580	325.940	294.380	9.100	0.000	-27016385.548	446.789
7	0.400	299.310	272.980	342.320	298.090	11.570	0.000	-27462951.862	442.945
7	0.500	305.470	278.780	349.540	303.200	12.920	0.000	-27906171.922	439.162
7	0.600	314.771	283.360	368.280	313.470	14.531	0.000	-28341549.681	428.170
7	0.700	325.435	287.320	373.140	324.990	14.883	0.000	-28765882.223	416.401
7	0.800	333.596	295.580	387.220	333.040	15.421	0.000	-29180129.800	408.169
7	0.990	348.638	307.180	432.680	348.030	16.101	0.000	-29592508.719	413.947
8	0.000	270.960	270.960	270.960	270.960	0.000	0.000	-27659.007	0.318
8	0.100	274.609	265.040	286.460	274.200	3.778	0.000	-29975497.935	347.957
8	0.200	280.128	265.480	298.020	279.000	5.334	0.000	-30305642.586	309.066
8	0.300	280.576	261.560	300.980	280.170	6.748	0.000	-30625752.388	328.233
8	0.400	283.426	266.500	306.600	283.090	7.216	0.000	-30956899.758	331.142
8	0.500	286.477	266.520	317.780	286.560	7.747	0.000	-31288979.294	329.915
8	0.600	294.429	270.080	339.780	293.700	10.729	0.000	-31618901.432	326.801
8	0.700	303.867	277.100	358.320	302.800	12.267	0.000	-31950076.745	332.305
8	0.800	311.536	270.700	392.020	309.590	16.106	0.000	-32292448.191	349.357
8	0.990	323.935	279.660	414.680	319.090	22.523	0.000	-32655885.478	374.648
9	0.000	279.400	279.400	279.400	279.400	0.000	0.000	-30702.701	0.420
9	0.100	288.163	281.720	300.780	288.180	1.399	0.000	-33061002.235	431.296
9	0.200	304.037	275.800	335.200	304.380	9.837	0.000	-33480953.442	404.546
9	0.300	293.338	267.220	329.820	292.200	10.769	0.000	-33884018.470	398.553
9	0.400	292.617	270.940	321.520	292.550	8.077	0.000	-34284935.711	400.463
9	0.500	294.132	273.500	336.220	293.730	8.477	0.000	-34686348.977	398.950
9	0.600	302.198	275.840	381.380	299.190	15.421	0.000	-35087884.612	400.488
9	0.700	316.598	279.460	397.780	309.710	23.394	0.000	-35498372.731	415.740
9	0.800	332.494	288.020	424.440	327.450	27.319	0.000	-35923862.153	432.314
9	0.990	351.482	302.420	434.600	350.870	27.022	0.000	-36366632.360	450.229
10	0.000	256.360	256.360	256.360	256.360	0.000	0.000	-34450.989	0.310
10	0.100	284.123	259.760	306.120	285.380	8.925	0.000	-36755304.435	323.794
10	0.200	279.574	258.220	308.120	279.100	7.306	0.000	-37102661.914	365.117
10	0.300	282.462	261.760	325.480	282.180	7.786	0.000	-37500281.745	430.568
10	0.400	287.347	265.940	324.000	286.910	8.549	0.000	-37942654.426	450.166
10	0.500	292.910	267.640	347.500	292.450	9.996	0.000	-38391507.230	444.646
10	0.600	302.148	271.520	346.820	301.480	11.315	0.000	-38832136.194	432.640
10	0.700	310.397	276.540	362.480	310.100	12.421	0.000	-39260015.932	420.133
10	0.800	319.653	281.740	393.340	318.240	14.681	0.000	-39675572.461	408.302
10	0.990	331.834	296.360	403.860	329.420	16.492	0.000	-40074101.775	385.408
11	0.000	244.480	244.480	244.480	244.480	0.000	0.000	4291.812	0.259
11	0.100	241.972	231.420	268.680	241.070	5.362	0.000	1995295.953	308.471
11	0.200	253.312	224.760	277.460	254.670	9.081	0.000	1689460.445	300.244
11	0.300	256.340	225.620	290.240	257.660	9.671	0.000	1385354.146	304.829
11	0.400	260.934	229.740	297.520	262.960	11.130	0.000	1080305.531	303.455
11	0.500	264.753	230.680	308.960	265.420	12.199	0.000	779399.469	294.725
11	0.600	273.022	236.380	341.440	270.880	15.377	0.000	487234.361	286.580
11	0.700	282.732	246.100	341.360	276.830	20.623	0.000	200416.057	283.907
11	0.800	294.574	252.120	347.720	291.190	23.473	0.000	-84334.114	282.929
11	0.990	310.192	259.880	361.960	316.130	21.796	0.000	-372314.265	289.305
12	0.000	240.620	240.620	240.620	240.620	0.000	0.000	1624.073	0.317
12	0.100	239.075	227.560	258.920	238.530	5.072	0.000	-694248.854	351.892
12	0.200	240.899	231.140	270.540	239.340	6.019	0.000	-1051004.001	358.102
12	0.300	247.699	231.320	281.420	247.110	8.835	0.000	-1408367.892	353.259
12	0.400	258.835	236.520	293.360	257.800	10.038	0.000	-1760046.930	347.248
12	0.500	263.592	239.780	301.960	263.310	10.400	0.000	-2107651.722	345.036
12	0.600	268.773	245.440	314.120	268.330	11.913	0.000	-2456441.971	349.172
12	0.700	276.395	245.180	321.140	274.370	13.481	0.000	-2810211.268	355.268
12	0.800	284.135	254.200	340.620	283.300	15.139	0.000	-3168727.324	358.565
12	0.990	297.845	269.320	349.340	297.310	14.713	0.000	-3537229.940	375.033
13	0.000	293.760	293.760	293.760	293.760	0.000	0.000	-1584.008	0.447
13	0.100	293.941	284.780	313.500	293.280	4.335	0.000	-4011145.101	568.701
13	0.200	303.845	276.500	336.280	302.820	9.201	0.000	-4566554.320	539.350
13	0.300	317.730	290.480	353.120	316.910	9.815	0.000	-5071800.412	467.335
13	0.400	320.772	292.920	353.100	320.510	10.266	0.000	-5527622.458	440.107
13	0.500	323.219	291.860	365.300	322.950	11.134	0.000	-5965319.295	431.200
13	0.600	324.941	291.940	367.420	324.860	12.445	0.000	-6399034.165	432.439
13	0.700	329.064	290.620	387.420	328.040	14.349	0.000	-6836017.481	437.311
13	0.800	334.212	298.560	417.880	332.840	16.338	0.000	-7278180.630	443.710
13	0.990	347.309	308.580	442.360	340.730	24.797	0.000	-7735799.011	469.952
14	0.000	227.940	227.940	227.940	227.940	0.000	0.000	-5831.307	0.334
14	0.100	230.327	218.920	237.560	231.240	3.231	0.000	-8139783.533	332.081
14	0.200	245.303	224.860	270.300	245.970	8.401	0.000	-8467881.894	320.759
14	0.300	247.683	223.220	273.880	247.850	9.808	0.000	-8792245.990	325.107
14	0.400	252.310	215.000	298.160	252.580	11.506	0.000	-9120805.547	329.637
14	0.500	253.695	220.140	295.660	253.440	11.359	0.000	-9457321.603	340.528
14	0.600	257.766	229.120	307.600	255.350	11.860	0.000	-9801983.860	345.060
14	0.700	262.799	237.740	308.040	259.130	12.886	0.000	-10149019.654	346.016
14	0.800	267.654	240.980	332.320	266.040	14.284	0.000	-10496214.711	345.402
14	0.990	279.292	251.280	360.060	274.210	23.350	0.000	-10842366.062	343.760
15	0.000	313.320	313.320	313.320	313.320	0.000	0.000	-10277.605	0.730
15	0.100	364.382	340.880	392.840	366.330	11.590	0.000	-11462950.577	711.788
15	0.200	378.039	348.380	398.800	377.590	8.072	0.000	-12171919.668	702.043
15	0.300	381.125	351.340	410.020	381.570	8.401	0.000	-12864398.189	677.300
15	0.400	382.307	354.140	408.040	382.690	7.086	0.000	-13546260.676	682.154
15	0.500	380.172	348.920	408.240	379.530	8.254	0.000	-14230708.635	682.100
15	0.600	382.623	348.640	461.940	379.730	15.224	0.000	-14910033.214	672.062
15	0.700	392.634	352.920	483.640	383.630	25.480	0.000	-15581669.503	666.267
15	0.800	410.848	352.380	488.240	403.600	30.563	0.000	-16256183.997	677.059
15	0.990	431.601	352.440	513.620	434.320	24.836	0.000	-16971593.838	747.749
16	0.000	321.960	321.960	321.960	321.960	0.000	0.000	-16518.034	0.554
16	0.100	349.667	315.240	359.960	350.280	3.205	0.000	-17636898.113	579.290
16	0.200	356.342	316.160	391.560	354.800	8.754	0.000	-18200218.220	542.661
16	0.300	361.909	324.280	397.280	361.840	9.960	0.000	-18747400.123	548.049
16	0.400	365.234	327.080	414.740	363.880	10.528	0.000	-19315463.473	583.490
16	0.500	373.148	338.340	438.300	372.320	13.403	0.000	-19900277.871	581.441
16	0.600	382.760	343.900	470.420	380.020	18.453	0.000	-20476526.690	567.054
16	0.700	392.691	343.680	484.640	386.750	23.255	0.000	-21040805.836	556.756
16	0.800	404.793	346.320	494.620	399.250	28.894	0.000	-21596345.371	550.446
16	0.990	424.034	354.640	491.680	426.900	28.204	0.000	-22147067.538	546.426
17	0.000	261.460	261.460	261.460	261.460	0.000	0.000	-24458.106	0.185
17	0.100	278.808	256.220	299.640	279.610	8.321	0.000	-22459658.279	174.086
17	0.200	288.901	266.000	308.480	291.260	7.293	0.000	-22643252.063	190.554
17	0.300	286.480	263.520	320.980	286.380	8.439	0.000	-22836679.359	194.224
17	0.400	288.782	265.460	321.520	288.070	8.817	0.000	-23037104.097	204.992
17	0.500	295.816	269.140	326.680	295.300	9.497	0.000	-23244332.310	206.879
17	0.600	303.207	277.580	342.980	302.020	11.187	0.000	-23449449.020	201.174
17	0.700	312.037	282.700	365.160	310.690	13.052	0.000	-23648997.312	195.717
17	0.800	319.278	286.860	372.160	318.480	14.466	0.000	-23843538.956	191.279
17	0.990	334.040	293.040	386.520	333.100	16.264	0.000	-24032584.435	184.803
18	0.000	305.820	305.820	305.820	305.820	0.000	0.000	-21943.359	0.437
18	0.100	309.821	291.900	343.300	309.290	9.018	0.000	-24291671.003	411.426
18	0.200	324.461	300.100	352.540	324.620	9.923	0.000	-24708075.532	418.084
18	0.300	335.977	297.140	367.260	336.240	10.404	0.000	-25133330.905	429.224
18	0.400	333.600	306.320	377.700	332.770	9.003	0.000	-25578132.643	455.844
18	0.500	335.356	309.260	373.340	334.360	9.606	0.000	-26034903.689	453.753
18	0.600	343.973	309.420	403.820	342.620	13.902	0.000	-26485929.120	445.087
18	0.700	353.899	314.320	412.880	351.620	17.620	0.000	-26928894.476	436.501
18	0.800	365.706	321.680	430.480	364.660	19.861	0.000	-27365010.267	433.102
18	0.990	377.110	323.340	454.720	376.810	20.006	0.000	-27802827.723	439.267
19	0.000	234.160	234.160	234.160	234.160	0.000	0.000	-25882.304	0.355
19	0.100	241.756	230.860	282.480	239.460	8.767	0.000	-28194514.286	339.075
19	0.200	258.235	232.720	289.260	262.490	12.907	0.000	-28525279.077	319.985
19	0.300	267.638	239.480	295.140	267.850	9.989	0.000	-28851287.114	328.179
19	0.400	272.912	248.120	302.080	273.120	8.830	0.000	-29188450.610	342.997
19	0.500	278.643	252.960	318.100	277.510	10.468	0.000	-29533507.672	344.236
19	0.600	288.117	256.820	359.800	285.860	14.428	0.000	-29878047.745	341.644
19	0.700	297.634	261.740	354.140	296.090	15.589	0.000	-30220472.052	338.874
19	0.800	306.104	266.440	369.120	304.180	18.297	0.000	-30559653.652	337.262
19	0.990	318.266	269.200	415.540	316.390	19.824	0.000	-30903539.540	349.039
20	0.000	349.280	349.280	349.280	349.280	0.000	0.000	-30342.083	0.641
20	0.100	364.433	339.260	401.280	364.010	10.645	0.000	-31466479.038	591.200
20	0.200	371.797	340.120	397.460	371.890	11.638	0.000	-32046228.994	563.719
20	0.300	373.571	335.320	403.200	373.520	13.343	0.000	-32606743.348	552.869
20	0.400	371.993	339.880	408.420	371.200	11.526	0.000	-33160908.435	551.027
20	0.500	370.265	331.060	406.100	369.640	10.610	0.000	-33713114.739	549.280
20	0.600	375.411	342.500	428.040	374.670	12.383	0.000	-34257248.300	534.913
20	0.700	382.242	348.380	436.580	381.390	13.934	0.000	-34791405.760	529.456
20	0.800	389.530	348.420	455.920	389.020	16.437	0.000	-35327270.986	538.254
20	0.990	401.396	352.700	512.780	398.820	20.589	0.000	-35887683.092	578.959
21	0.000	320.900	320.900	320.900	320.900	0.000	0.000	4291.812	0.454
21	0.100	318.413	309.260	337.980	317.390	4.034	0.000	1939289.904	419.525
21	0.200	321.161	311.340	350.160	320.800	6.054	0.000	1509129.190	437.429
21	0.300	331.996	311.500	355.100	331.220	7.843	0.000	1080170.704	416.563
21	0.400	341.421	317.120	377.320	341.170	9.926	0.000	668442.590	402.492
21	0.500	347.222	318.560	386.260	346.730	10.965	0.000	254276.031	422.153
21	0.600	353.198	322.340	393.460	352.550	12.469	0.000	-181872.998	447.490
21	0.700	358.240	322.340	402.760	358.150	13.784	0.000	-637715.205	460.400
21	0.800	364.055	326.620	456.720	363.070	15.193	0.000	-1101332.277	462.504
21	0.990	373.170	330.080	448.440	370.490	18.789	0.000	-1569016.697	468.628
22	0.000	281.440	281.440	281.440	281.440	0.000	0.000	337.585	0.399
22	0.100	302.172	271.160	355.100	301.260	17.169	0.000	-2028764.344	447.665
22	0.200	320.529	274.920	350.260	322.180	11.160	0.000	-2464273.997	418.883
22	0.300	320.410	280.160	345.420	321.250	9.897	0.000	-2886644.028	423.471
22	0.400	320.416	288.920	351.420	320.840	8.234	0.000	-3318098.713	434.758
22	0.500	323.241	295.440	372.540	322.620	8.408	0.000	-3753426.822	433.187
22	0.600	327.294	301.780	373.340	325.550	10.640	0.000	-4184306.007	423.930
22	0.700	334.783	303.480	393.660	331.570	15.177	0.000	-4606162.319	417.051
22	0.800	343.486	308.260	413.980	338.520	19.385	0.000	-5023637.046	413.683
22	0.990	361.798	315.260	436.100	360.070	23.102	0.000	-5446775.868	426.564
23	0.000	311.500	311.500	311.500	311.500	0.000	0.000	-3518.586	0.479
23	0.100	317.236	305.500	357.020	316.460	7.493	0.000	-5901613.393	479.904
23	0.200	327.692	306.720	363.920	324.760	10.751	0.000	-6371684.808	456.848
23	0.300	329.950	296.420	366.880	328.930	10.995	0.000	-6836144.043	469.217
23	0.400	335.280	302.520	369.200	334.720	10.691	0.000	-7309064.176	472.079
23	0.500	337.219	307.660	372.360	336.840	10.352	0.000	-7783778.818	474.690
23	0.600	338.776	309.480	369.660	338.340	10.206	0.000	-8261646.227	477.170
23	0.700	343.011	316.520	384.140	342.670	10.336	0.000	-8745507.488	483.735
23	0.800	345.321	316.280	402.140	343.880	12.058	0.000	-9236163.067	496.164
23	0.990	355.523	321.920	464.560	351.980	17.511	0.000	-9739582.337	507.156
24	0.000	258.880	258.880	258.880	258.880	0.000	0.000	-7852.907	0.314
24	0.100	252.690	241.660	277.060	250.860	6.532	0.000	-10144034.050	297.017
24	0.200	274.770	247.380	308.400	273.570	11.622	0.000	-10450071.085	311.770
24	0.300	277.510	247.240	323.000	277.020	13.032	0.000	-10790533.903	366.967
24	0.400	288.751	252.660	326.640	288.730	12.184	0.000	-11175053.359	397.898
24	0.500	296.168	255.880	330.980	296.110	12.220	0.000	-11574855.584	399.238
24	0.600	303.021	263.360	338.980	303.070	12.323	0.000	-11973154.481	394.177
24	0.700	304.641	267.760	370.900	304.700	12.490	0.000	-12363841.741	383.326
24	0.800	309.816	272.560	387.560	308.330	14.793	0.000	-12744545.924	374.794
24	0.990	318.312	279.360	413.720	313.830	21.877	0.000	-13116709.862	366.811
25	0.000	277.220	277.220	277.220	277.220	0.000	0.000	-11159.759	0.287
25	0.100	280.911	264.300	309.340	282.610	7.827	0.000	-13443935.979	283.688
25	0.200	274.587	261.320	293.660	274.520	4.689	0.000	-13720181.203	265.513
25	0.300	273.624	254.460	293.300	273.000	5.033	0.000	-13983900.092	259.184
25	0.400	278.047	254.760	315.040	277.240	7.613	0.000	-14252072.911	274.857
25	0.500	283.106	258.980	319.120	281.830	9.470	0.000	-14530526.528	277.850
25	0.600	291.674	267.700	337.360	290.330	12.047	0.000	-14807499.802	273.238
25	0.700	301.998	270.340	347.280	300.480	13.641	0.000	-15082212.410	273.492
25	0.800	310.749	272.180	369.060	309.530	15.450	0.000	-15360245.317	280.336
25	0.990	325.856	280.280	385.620	325.410	16.159	0.000	-15649898.696	294.903
26	0.000	271.400	271.400	271.400	271.400	0.000	0.000	-13656.372	0.308
26	0.100	282.019	264.380	305.600	280.070	7.407	0.000	-15984397.564	371.048
26	0.200	290.287	268.740	312.020	290.680	7.496	0.000	-16351526.855	359.707
26	0.300	293.638	272.920	319.540	294.310	7.218	0.000	-16709102.184	351.762
26	0.400	296.223	274.100	320.820	296.570	7.180	0.000	-17058230.511	342.937
26	0.500	300.659	280.400	339.940	300.310	7.760	0.000	-17399937.132	337.585
26	0.600	306.272	284.280	348.000	304.770	9.841	0.000	-17736923.026	333.043
26	0.700	313.304	284.620	366.840	312.660	12.256	0.000	-18072135.678	333.645
26	0.800	321.138	290.840	373.400	319.710	14.410	0.000	-18408947.199	336.297
26	0.990	336.158	301.920	396.960	334.660	16.091	0.000	-18752160.226	347.122
27	0.000	267.500	267.500	267.500	267.500	0.000	0.000	-16784.964	0.265
27	0.100	278.025	267.040	305.180	277.200	4.633	0.000	-19062227.644	269.521
27	0.200	280.021	267.180	303.680	279.610	4.505	0.000	-19336503.338	276.379
27	0.300	282.423	267.820	312.000	281.830	5.527	0.000	-19611359.947	270.222
27	0.400	287.418	270.220	321.820	286.450	7.428	0.000	-19880813.389	266.202
27	0.500	295.744	268.720	343.380	293.470	11.436	0.000	-20148709.561	266.338
27	0.600	308.840	277.500	373.220	308.380	14.157	0.000	-20417871.754	269.481
27	0.700	321.267	284.160	372.240	319.870	15.521	0.000	-20692993.680	278.202
27	0.800	328.814	289.100	380.100	327.270	16.070	0.000	-20977039.523	286.489
27	0.990	340.627	302.240	420.420	338.940	19.303	0.000	-21266596.003	289.683
28	0.000	288.140	288.140	288.140	288.140	0.000	0.000	-19270.771	0.346
28	0.100	278.550	258.980	295.520	279.840	5.972	0.000	-21581782.217	337.072
28	0.200	287.541	262.060	316.420	287.710	11.179	0.000	-21915486.055	326.854
28	0.300	297.999	269.980	332.220	297.710	10.081	0.000	-22242549.954	324.286
28	0.400	307.208	274.180	345.220	306.130	11.248	0.000	-22579718.478	347.179
28	0.500	312.001	265.180	353.840	311.720	12.030	0.000	-22932869.262	356.358
28	0.600	318.325	280.460	364.040	318.250	13.212	0.000	-23291476.311	357.779
28	0.700	320.848	281.980	362.820	320.830	13.125	0.000	-23651128.738	358.183
28	0.800	324.319	291.260	365.580	324.380	13.297	0.000	-24012223.558	359.685
28	0.990	328.345	293.520	387.640	327.620	13.129	0.000	-24375532.412	364.427
29	0.000	229.080	229.080	229.080	229.080	0.000	0.000	-26685.892	0.170
29	0.100	253.793	239.940	261.360	253.800	3.181	0.000	-24683953.190	167.207
29	0.200	259.991	245.300	275.300	259.750	4.544	0.000	-24861504.595	186.586
29	0.300	262.180	246.560	278.200	262.290	4.664	0.000	-25060265.589	207.936
29	0.400	264.485	248.440	306.780	264.320	4.994	0.000	-25267456.270	204.150
29	0.500	266.616	249.380	309.840	266.010	6.071	0.000	-25470794.818	200.362
29	0.600	270.729	248.380	324.420	268.470	10.380	0.000	-25671571.832	198.963
29	0.700	274.867	245.860	338.160	271.030	14.351	0.000	-25871735.720	199.168
29	0.800	279.289	248.480	357.100	276.720	16.658	0.000	-26072880.382	200.759
29	0.990	290.816	257.200	382.160	287.370	22.711	0.000	-26275361.629	202.287
30	0.000	300.500	300.500	300.500	300.500	0.000	0.000	-24194.754	0.346
30	0.100	321.230	299.000	341.100	321.730	5.644	0.000	-26531439.430	388.689
30	0.200	321.257	296.440	343.580	321.440	7.683	0.000	-26917455.132	379.766
30	0.300	319.103	292.760	349.960	319.190	8.065	0.000	-27303062.987	387.736
30	0.400	319.376	293.340	355.380	318.790	9.603	0.000	-27692135.945	387.674
30	0.500	320.884	294.200	370.680	320.290	9.993	0.000	-28078892.529	382.313
30	0.600	325.456	298.540	362.540	324.490	10.669	0.000	-28455920.280	368.421
30	0.700	331.321	302.440	376.200	330.540	11.472	0.000	-28821712.941	359.878
30	0.800	338.120	304.500	411.300	337.070	13.944	0.000	-29182454.343	358.048
30	0.990	353.542	317.240	418.580	351.780	16.050	0.000	-29555326.776	384.117
31	0.000	224.320	224.320	224.320	224.320	0.000	0.000	23.249	0.119
31	0.100	226.246	216.420	263.000	221.910	8.763	0.000	2047663.519	122.545
31	0.200	249.380	218.060	280.840	250.270	10.312	0.000	1924859.102	121.420
31	0.300	254.197	226.440	282.980	254.620	9.821	0.000	1802720.774	121.111
31	0.400	255.550	228.620	291.320	255.920	8.719	0.000	1677937.597	126.725
31	0.500	256.047	231.960	288.120	255.980	8.700	0.000	1547384.781	132.692
31	0.600	260.686	235.360	305.060	260.150	9.725	0.000	1412251.489	135.992
31	0.700	264.699	239.780	315.920	263.450	10.948	0.000	1274096.354	138.242
31	0.800	270.820	242.400	320.040	269.430	12.681	0.000	1134697.796	138.847
31	0.990	282.304	245.860	346.600	280.450	15.873	0.000	997282.200	134.305
32	0.000	218.940	218.940	218.940	218.940	0.000	0.000	3112.017	0.217
32	0.100	225.918	204.520	247.780	225.370	6.814	0.000	863130.056	213.351
32	0.200	230.685	208.140	259.800	230.360	5.567	0.000	650472.040	209.273
32	0.300	239.567	218.260	260.560	239.800	5.930	0.000	442549.395	203.628
32	0.400	243.295	224.840	271.080	243.240	6.943	0.000	239386.601	200.496
32	0.500	248.162	224.680	283.860	247.330	8.629	0.000	38022.029	199.723
32	0.600	256.001	229.520	308.560	255.300	9.978	0.000	-163108.615	199.874
32	0.700	263.043	235.960	339.060	260.930	13.990	0.000	-365312.139	202.147
32	0.800	273.065	237.200	359.560	266.530	19.723	0.000	-571969.548	208.550
32	0.990	290.792	244.400	367.380	290.410	23.850	0.000	-789286.914	223.953
33	0.000	299.480	299.480	299.480	299.480	0.000	0.000	1239.298	0.478
33	0.100	303.565	285.920	327.880	303.720	5.496	0.000	-1111670.573	416.336
33	0.200	312.112	289.640	342.520	311.730	7.874	0.000	-1524897.483	406.677
33	0.300	320.020	289.140	358.900	320.170	9.360	0.000	-1930169.466	400.354
33	0.400	330.813	298.400	371.660	330.540	10.760	0.000	-2330565.243	396.426
33	0.500	338.064	300.320	390.000	337.420	11.947	0.000	-2728837.014	395.928
33	0.600	347.190	310.120	395.560	346.850	14.003	0.000	-3127843.867	398.702
33	0.700	353.801	310.520	406.120	353.540	15.035	0.000	-3525925.388	394.105
33	0.800	361.108	319.520	411.080	360.610	15.773	0.000	-3921438.225	393.195
33	0.990	369.654	314.680	464.640	368.270	17.632	0.000	-4331317.167	421.970
34	0.000	291.120	291.120	291.120	291.120	0.000	0.000	-2401.135	0.381
34	0.100	295.561	281.020	317.040	293.680	5.650	0.000	-4759394.835	430.935
34	0.200	295.044	272.820	322.540	295.420	6.603	0.000	-5185898.591	419.052
34	0.300	296.983	276.780	322.840	297.340	7.360	0.000	-5606159.916	417.457
34	0.400	303.003	275.320	343.920	301.310	11.287	0.000	-6024795.151	415.776
34	0.500	310.462	280.120	361.540	308.510	12.762	0.000	-6442599.706	416.462
34	0.600	322.297	286.680	374.320	322.240	14.683	0.000	-6860025.949	415.380
34	0.700	331.151	294.140	385.300	331.590	15.287	0.000	-7282519.034	425.949
34	0.800	339.848	303.000	390.000	340.230	14.833	0.000	-7709761.637	425.152
34	0.990	351.281	313.960	422.860	350.450	15.386	0.000	-8136185.938	424.265
35	0.000	323.040	323.040	323.040	323.040	0.000	0.000	-6208.308	0.448
35	0.100	307.641	296.400	340.540	305.570	6.878	0.000	-8600317.451	498.460
35	0.200	317.637	294.820	364.380	316.330	11.983	0.000	-9094857.874	487.248
35	0.300	334.281	295.000	383.440	334.150	15.027	0.000	-9576413.340	472.119
35	0.400	344.809	298.220	385.460	345.190	14.119	0.000	-10054097.576	478.972
35	0.500	348.122	310.520	401.420	348.020	13.840	0.000	-10536379.194	482.112
35	0.600	355.641	306.440	413.020	355.160	13.744	0.000	-11020579.435	483.202
35	0.700	361.361	322.220	411.980	360.480	14.310	0.000	-11516481.609	502.539
35	0.800	369.499	330.540	468.560	368.000	18.406	0.000	-12033694.469	528.454
35	0.990	387.531	334.100	492.980	381.670	27.829	0.000	-12567080.921	534.790
36	0.000	356.140	356.140	356.140	356.140	0.000	0.000	-12097.940	0.534
36	0.100	361.893	332.780	374.620	365.360	8.791	0.000	-13190473.409	526.258
36	0.200	361.459	335.520	389.800	361.840	7.933	0.000	-13728150.276	545.719
36	0.300	367.400	325.040	407.900	367.480	10.877	0.000	-14277648.233	548.463
36	0.400	367.751	330.520	414.360	367.450	15.191	0.000	-14844370.847	581.783
36	0.500	366.350	331.780	411.560	365.810	13.779	0.000	-15441280.220	606.221
36	0.600	372.597	335.880	418.880	372.130	12.991	0.000	-16042351.491	592.385
36	0.700	380.564	343.360	432.140	380.780	12.223	0.000	-16631727.501	582.076
36	0.800	387.217	350.280	454.280	385.870	15.954	0.000	-17212351.938	574.599
36	0.990	402.900	355.580	486.200	396.410	23.685	0.000	-17794526.092	583.658
37	0.000	234.440	234.440	234.440	234.440	0.000	0.000	-20124.081	0.201
37	0.100	252.186	235.340	275.240	250.330	5.704	0.000	-18145682.108	214.051
37	0.200	270.359	246.020	296.520	269.920	9.174	0.000	-18355138.850	203.458
37	0.300	275.243	249.420	310.340	274.660	10.289	0.000	-18560935.226	205.508
37	0.400	279.930	254.280	322.840	280.150	10.216	0.000	-18764952.432	200.112
37	0.500	287.515	262.320	338.120	286.690	10.176	0.000	-18963347.774	194.651
37	0.600	293.838	262.800	352.700	291.460	13.050	0.000	-19157170.338	190.685
37	0.700	301.681	267.240	358.540	300.450	14.575	0.000	-19348377.866	190.040
37	0.800	308.487	266.660	366.120	306.950	15.821	0.000	-19540159.542	191.258
37	0.990	323.430	282.340	377.980	322.910	17.641	0.000	-19733545.586	193.477
38	0.000	392.380	392.380	392.380	392.380	0.000	0.000	-21813.117	0.989
38	0.100	405.498	387.620	441.640	404.940	7.028	0.000	-20246897.847	994.119
38	0.200	422.154	398.880	460.460	420.200	10.131	0.000	-21224959.077	957.393
38	0.300	429.296	397.540	481.340	428.960	13.945	0.000	-22170495.751	927.028
38	0.400	428.836	400.800	478.240	428.690	14.251	0.000	-23116521.223	959.263
38	0.500	434.223	405.000	502.760	433.800	16.446	0.000	-24118678.570	1040.430
38	0.600	444.227	413.160	512.020	442.510	16.396	0.000	-25152005.862	1019.037
38	0.700	451.910	415.080	531.160	449.840	16.197	0.000	-26163842.283	1000.700
38	0.800	462.579	418.420	558.500	459.140	20.981	0.000	-27167011.315	998.449
38	0.990	485.724	432.680	599.520	477.750	32.109	0.000	-28166713.815	994.338
39	0.000	275.620	275.620	275.620	275.620	0.000	0.000	-30836.029	0.199
39	0.100	275.272	256.320	295.540	275.600	5.600	0.000	-28846270.314	191.358
39	0.200	272.285	255.040	294.820	272.050	6.302	0.000	-29039115.485	192.083
39	0.300	277.268	255.660	307.980	276.780	9.122	0.000	-29233387.354	193.603
39	0.400	284.794	257.380	321.660	284.790	10.384	0.000	-29434778.822	206.624
39	0.500	289.252	258.480	333.840	289.170	11.877	0.000	-29650362.557	222.447
39	0.600	300.277	263.160	361.240	298.600	16.149	0.000	-29871878.616	218.499
39	0.700	309.185	267.280	360.020	307.030	17.639	0.000	-30089184.609	212.951
39	0.800	320.546	270.540	378.400	321.290	19.693	0.000	-30300696.407	207.641
39	0.990	332.942	276.720	400.840	332.920	18.686	0.000	-30506467.306	201.286
40	0.000	307.820	307.820	307.820	307.820	0.000	0.000	-29829.451	0.440
40	0.100	313.969	299.900	327.080	314.440	4.560	0.000	-30926499.266	536.173
40	0.200	319.065	302.780	342.320	318.760	6.101	0.000	-31457871.774	522.736
40	0.300	324.642	294.260	349.160	325.480	9.646	0.000	-31968151.517	493.508
40	0.400	320.241	291.780	362.580	319.390	13.566	0.000	-32450381.608	467.287
40	0.500	319.437	292.160	363.380	316.670	12.924	0.000	-32914144.754	456.193
40	0.600	321.004	295.680	376.040	318.300	12.239	0.000	-33367245.997	446.574
40	0.700	324.119	299.980	384.620	321.950	12.705	0.000	-33815078.019	444.870
40	0.800	330.039	302.520	430.240	327.970	15.667	0.000	-34263103.117	447.528
40	0.990	342.891	308.440	436.340	337.220	22.343	0.000	-34722737.435	468.542
41	0.000	280.920	280.920	280.920	280.920	0.000	0.000	4291.813	0.286
41	0.100	279.606	271.020	289.600	278.470	4.028	0.000	2006548.622	285.699
41	0.200	279.902	270.420	290.700	279.450	3.369	0.000	1718997.641	286.657
41	0.300	284.320	271.100	302.960	284.360	4.917	0.000	1430846.245	286.273
41	0.400	289.653	273.640	327.780	289.880	6.631	0.000	1117419.471	339.236
41	0.500	295.507	275.160	338.180	294.010	8.873	0.000	766497.320	359.810
41	0.600	305.952	277.400	380.700	302.540	14.224	0.000	408565.289	352.694
41	0.700	321.112	283.200	408.200	317.780	20.847	0.000	59200.689	343.000
41	0.800	336.742	291.220	424.900	332.000	26.099	0.000	-280450.513	333.207
41	0.990	362.192	296.660	471.260	364.470	27.504	0.000	-606235.467	315.588
42	0.000	296.080	296.080	296.080	296.080	0.000	0.000	-27.581	0.482
42	0.100	317.703	304.260	326.840	317.080	3.405	0.000	-1126085.365	538.472
42	0.200	314.163	288.940	348.420	314.590	7.242	0.000	-1657619.769	521.065
42	0.300	311.659	287.580	341.980	311.040	8.658	0.000	-2170209.047	499.334
42	0.400	313.732	290.020	353.220	313.010	10.536	0.000	-2663580.361	484.427
42	0.500	318.820	294.140	361.280	317.870	10.996	0.000	-3147369.960	478.914
42	0.600	328.750	294.660	373.780	326.240	14.033	0.000	-3623914.334	470.478
42	0.700	338.907	302.260	392.760	337.280	15.062	0.000	-4096559.361	470.993
42	0.800	346.809	310.300	408.040	346.410	17.121	0.000	-4575680.879	483.470
42	0.990	359.627	318.820	434.140	357.880	18.798	0.000	-5077578.951	514.558
43	0.000	260.420	260.420	260.420	260.420	0.000	0.000	-3103.444	0.427
43	0.100	268.490	250.940	284.660	269.840	6.805	0.000	-5433115.802	373.395
43	0.200	272.082	252.600	294.920	271.820	7.343	0.000	-5806184.497	369.796
43	0.300	280.277	253.500	316.040	280.220	11.155	0.000	-6181886.087	377.846
43	0.400	288.954	258.520	326.980	288.450	11.478	0.000	-6574018.909	404.836
43	0.500	293.030	267.340	326.600	292.340	10.475	0.000	-6994110.450	431.499
43	0.600	294.344	267.740	350.860	293.380	12.017	0.000	-7437275.230	450.930
43	0.700	297.208	273.120	350.840	296.710	13.176	0.000	-7890773.449	452.867
43	0.800	302.297	272.440	364.820	301.150	16.251	0.000	-8341599.047	446.127
43	0.990	319.241	281.540	388.060	313.950	22.421	0.000	-8779890.253	426.578
44	0.000	236.820	236.820	236.820	236.820	0.000	0.000	-11120.826	0.204
44	0.100	257.311	244.000	275.440	257.270	5.153	0.000	-9139095.853	207.427
44	0.200	261.276	242.440	283.080	261.130	6.867	0.000	-9350438.075	212.495
44	0.300	262.708	238.460	282.880	262.250	6.335	0.000	-9576372.820	237.603
44	0.400	263.015	240.180	285.460	262.750	6.268	0.000	-9813265.270	233.660
44	0.500	265.363	245.340	297.180	264.850	7.225	0.000	-10045476.539	228.285
44	0.600	269.928	246.280	306.700	269.020	9.019	0.000	-10272201.071	222.780
44	0.700	274.562	250.500	332.540	273.460	10.934	0.000	-10494093.744	218.664
44	0.800	279.460	253.480	332.540	277.780	12.642	0.000	-10712388.171	215.510
44	0.990	290.230	257.920	353.480	289.050	15.093	0.000	-10928978.848	215.189
45	0.000	298.700	298.700	298.700	298.700	0.000	0.000	-10258.949	0.389
45	0.100	294.529	285.220	323.820	293.320	4.069	0.000	-11332798.270	490.638
45	0.200	303.555	278.520	332.660	302.870	8.550	0.000	-11818515.731	476.396
45	0.300	307.267	281.740	346.060	305.940	11.629	0.000	-12291958.913	467.563
45	0.400	316.209	285.440	360.720	315.490	13.652	0.000	-12759965.325	463.923
45	0.500	320.182	286.980	369.560	319.160	14.582	0.000	-13224025.224	460.244
45	0.600	328.547	293.300	393.720	327.530	15.596	0.000	-13684357.859	456.992
45	0.700	340.339	297.280	388.320	339.740	15.799	0.000	-14141736.589	453.934
45	0.800	349.889	300.000	402.100	349.590	15.761	0.000	-14597514.643	454.124
45	0.990	359.596	317.740	417.380	359.290	14.998	0.000	-15059619.136	466.903
46	0.000	250.020	250.020	250.020	250.020	0.000	0.000	-13062.765	0.260
46	0.100	262.317	251.640	274.580	261.540	4.233	0.000	-15329964.550	249.579
46	0.200	266.949	255.960	288.780	265.160	5.957	0.000	-15579637.452	247.026
46	0.300	267.906	256.380	300.180	265.910	6.417	0.000	-15834222.335	258.301
46	0.400	275.830	258.540	308.240	274.880	9.004	0.000	-16116528.105	302.782
46	0.500	282.000	261.380	320.300	281.260	10.155	0.000	-16429530.535	322.594
46	0.600	289.579	263.940	322.480	288.930	11.791	0.000	-16757202.131	330.157
46	0.700	294.927	262.140	347.960	294.110	11.964	0.000	-17085847.703	323.183
46	0.800	298.764	261.380	362.960	298.000	13.911	0.000	-17404306.717	310.788
46	0.990	307.019	266.400	397.300	302.830	18.853	0.000	-17708519.481	294.365
47	0.000	335.180	335.180	335.180	335.180	0.000	0.000	-17119.021	0.806
47	0.100	343.254	321.240	371.820	339.970	11.420	0.000	-18342503.443	787.207
47	0.200	352.765	324.880	390.380	351.970	11.131	0.000	-19081148.449	684.622
47	0.300	356.696	325.880	396.820	355.670	11.821	0.000	-19727861.002	606.628
47	0.400	357.049	323.900	384.000	357.110	10.649	0.000	-20327226.812	587.698
47	0.500	357.911	329.680	415.100	356.820	11.675	0.000	-20913892.662	580.891
47	0.600	361.214	331.340	433.940	359.540	13.927	0.000	-21498321.923	585.015
47	0.700	369.277	334.480	458.740	365.650	19.499	0.000	-22104682.381	622.698
47	0.800	382.572	337.560	496.560	376.410	26.415	0.000	-22755777.460	676.249
47	0.990	410.004	341.820	512.880	411.190	29.825	0.000	-23454035.906	714.645
48	0.000	305.940	305.940	305.940	305.940	0.000	0.000	-21580.905	0.423
48	0.100	308.207	294.000	326.960	308.940	4.496	0.000	-23959981.822	472.552
48	0.200	305.137	289.120	329.160	304.670	5.740	0.000	-24429315.167	462.442
48	0.300	307.094	290.340	330.540	306.070	7.351	0.000	-24900268.067	476.302
48	0.400	311.474	291.740	348.020	310.540	8.481	0.000	-25390390.998	500.956
48	0.500	320.072	294.820	368.180	316.960	11.614	0.000	-25891142.391	495.847
48	0.600	331.746	301.100	381.780	331.840	14.294	0.000	-26386040.010	490.076
48	0.700	343.796	306.580	425.000	342.260	17.004	0.000	-26875340.003	484.574
48	0.800	356.111	313.460	429.920	353.470	19.938	0.000	-27358851.770	478.230
48	0.990	377.407	320.480	454.000	375.200	25.417	0.000	-27847141.694	495.432
49	0.000	295.400	295.400	295.400	295.400	0.000	0.000	-25954.573	0.336
49	0.100	308.168	285.900	330.040	308.040	7.277	0.000	-28261349.487	328.619
49	0.200	311.023	287.580	338.440	311.030	7.859	0.000	-28582387.905	310.099
49	0.300	313.378	289.180	334.740	313.280	6.855	0.000	-28892755.310	307.927
49	0.400	317.294	296.380	356.320	316.110	8.689	0.000	-29205292.841	313.804
49	0.500	323.515	291.700	372.300	322.660	11.860	0.000	-29521914.322	316.313
49	0.600	335.177	297.100	392.620	335.310	12.944	0.000	-29837826.231	313.273
49	0.700	341.619	302.640	396.480	341.310	12.588	0.000	-30150815.639	308.789
49	0.800	349.194	312.840	404.760	347.920	13.220	0.000	-30459686.335	306.522
49	0.990	359.450	317.600	422.200	357.760	17.082	0.000	-30774444.733	319.122
50	0.000	248.120	248.120	248.120	248.120	0.000	0.000	-28793.364	0.402
50	0.100	266.117	250.000	287.740	265.600	5.374	0.000	-31143713.526	415.228
50	0.200	273.345	253.660	310.200	273.250	7.902	0.000	-31576951.806	447.266
50	0.300	282.669	256.720	317.180	282.350	7.716	0.000	-32010779.213	418.217
50	0.400	293.025	266.020	332.060	292.420	10.194	0.000	-32438210.428	433.001
50	0.500	299.327	271.780	336.780	299.040	11.142	0.000	-32876581.323	439.984
50	0.600	307.030	277.660	342.920	307.250	12.305	0.000	-33321451.691	446.942
50	0.700	314.120	279.900	370.900	313.110	12.767	0.000	-33772105.429	450.110
50	0.800	323.320	283.260	394.120	322.350	14.883	0.000	-34229015.276	461.679
50	0.990	332.353	288.580	404.260	331.800	16.404	0.000	-34706024.893	487.675
51	0.000	273.380	273.380	273.380	273.380	0.000	0.000	4291.808	0.299
51	0.100	276.934	259.160	297.480	277.940	5.655	0.000	2008450.313	281.746
51	0.200	286.007	255.320	307.520	289.090	9.516	0.000	1730189.746	271.728
51	0.300	293.432	264.380	313.900	294.710	8.476	0.000	1454821.456	276.444
51	0.400	297.625	266.200	318.620	298.290	7.699	0.000	1177031.735	275.370
51	0.500	299.564	264.260	332.920	299.860	9.029	0.000	903945.016	268.721
51	0.600	305.211	274.520	348.080	304.060	10.995	0.000	636601.834	262.620
51	0.700	311.617	281.100	357.060	310.930	13.074	0.000	374078.038	259.684
51	0.800	320.392	285.900	368.340	320.090	14.788	0.000	110465.345	265.014
51	0.990	333.682	286.600	401.760	332.430	17.587	0.000	-170462.643	294.598
52	0.000	358.960	358.960	358.960	358.960	0.000	0.000	418.209	0.510
52	0.100	360.783	348.140	383.000	360.620	4.390	0.000	-768017.685	713.939
52	0.200	362.786	334.940	394.760	360.950	10.105	0.000	-1444193.508	633.853
52	0.300	370.768	339.120	418.300	369.410	13.048	0.000	-2049110.713	572.304
52	0.400	379.305	344.460	423.680	379.820	12.232	0.000	-2613235.187	551.761
52	0.500	383.013	348.720	417.200	383.280	11.994	0.000	-3162965.436	542.982
52	0.600	387.737	352.580	437.860	387.070	12.418	0.000	-3707669.566	542.064
52	0.700	393.435	357.300	444.620	392.610	12.883	0.000	-4250368.028	539.073
52	0.800	400.371	361.340	455.940	399.340	14.919	0.000	-4788180.855	532.545
52	0.990	412.188	369.060	492.760	410.740	18.977	0.000	-5342206.578	568.417
53	0.000	298.480	298.480	298.480	298.480	0.000	0.000	-3394.184	0.458
53	0.100	307.476	288.840	350.080	304.540	10.311	0.000	-5753017.101	432.040
53	0.200	315.230	289.820	342.820	316.000	8.286	0.000	-6180931.559	420.305
53	0.300	320.190	296.500	352.080	319.890	7.594	0.000	-6598601.015	411.493
53	0.400	325.320	298.560	359.900	324.590	8.485	0.000	-7014037.667	415.753
53	0.500	331.449	310.760	369.800	330.600	9.492	0.000	-7430754.654	414.015
53	0.600	339.662	311.620	383.680	337.880	12.283	0.000	-7839631.337	400.157
53	0.700	349.111	318.600	395.720	347.870	13.254	0.000	-8238588.841	393.951
53	0.800	354.011	321.640	398.940	352.380	13.643	0.000	-8632808.165	392.078
53	0.990	361.895	324.440	435.400	360.250	15.286	0.000	-9040739.571	419.277
54	0.000	251.780	251.780	251.780	251.780	0.000	0.000	-7109.899	0.308
54	0.100	280.851	263.120	299.880	277.200	8.209	0.000	-9415031.689	325.436
54	0.200	285.034	261.560	328.660	283.440	7.009	0.000	-9739051.609	319.669
54	0.300	290.005	264.180	332.980	288.760	8.627	0.000	-10068219.472	334.387
54	0.400	290.014	261.480	333.780	289.060	9.440	0.000	-10424164.569	375.343
54	0.500	289.888	265.480	336.520	287.180	10.440	0.000	-10807648.829	388.128
54	0.600	296.516	269.200	354.800	293.860	13.582	0.000	-11196350.887	386.686
54	0.700	308.600	279.320	372.720	306.580	17.116	0.000	-11582814.804	382.418
54	0.800	320.339	281.520	391.460	318.880	20.294	0.000	-11964065.677	376.950
54	0.990	342.072	291.440	433.440	339.330	24.454	0.000	-12336877.834	365.408
55	0.000	297.700	297.700	297.700	297.700	0.000	0.000	-11783.079	0.424
55	0.100	295.259	284.840	332.540	293.000	8.448	0.000	-12865546.053	507.038
55	0.200	321.358	280.180	353.740	324.270	12.920	0.000	-13369124.579	496.259
55	0.300	326.703	286.840	359.900	326.380	10.465	0.000	-13858466.576	478.812
55	0.400	324.118	292.500	356.100	323.700	10.103	0.000	-14335848.641	472.073
55	0.500	324.691	298.200	356.440	325.160	9.646	0.000	-14805945.161	464.712
55	0.600	327.982	296.020	385.880	327.820	11.915	0.000	-15267402.416	454.276
55	0.700	331.983	293.360	377.620	331.120	13.544	0.000	-15719281.828	445.117
55	0.800	335.085	296.460	407.400	333.570	15.715	0.000	-16162685.163	438.364
55	0.990	341.809	305.680	424.820	340.450	17.477	0.000	-16611694.610	456.227
56	0.000	329.400	329.400	329.400	329.400	0.000	0.000	-16013.376	0.730
56	0.100	325.024	316.420	345.080	323.400	5.762	0.000	-17198031.124	710.848
56	0.200	330.093	317.160	367.780	330.120	7.877	0.000	-17904329.353	696.885
56	0.300	343.221	319.200	388.120	342.440	10.994	0.000	-18584984.473	660.074
56	0.400	354.692	325.440	397.820	353.880	11.400	0.000	-19241766.740	648.157
56	0.500	361.993	326.900	403.240	361.000	12.079	0.000	-19894311.382	653.742
56	0.600	369.915	335.980	424.800	369.480	12.799	0.000	-20551793.444	656.888
56	0.700	372.838	327.140	426.960	373.320	14.702	0.000	-21216622.996	668.122
56	0.800	372.925	327.880	432.980	372.190	17.083	0.000	-21898165.124	690.098
56	0.990	377.727	331.420	468.180	376.530	18.090	0.000	-22606637.442	722.839
57	0.000	275.120	275.120	275.120	275.120	0.000	0.000	-20737.906	0.434
57	0.100	271.421	260.060	290.600	270.480	4.903	0.000	-23105609.749	449.397
57	0.200	278.633	261.800	297.340	280.770	6.431	0.000	-23552158.187	440.366
57	0.300	286.366	262.700	311.200	284.640	7.601	0.000	-23991124.031	433.644
57	0.400	293.355	268.360	330.940	293.710	8.329	0.000	-24426412.021	433.232
57	0.500	298.613	273.840	343.300	297.940	9.552	0.000	-24863628.392	437.480
57	0.600	305.828	273.380	354.760	303.150	12.924	0.000	-25299527.878	430.928
57	0.700	315.033	276.280	382.620	312.810	15.454	0.000	-25729129.322	424.130
57	0.800	323.677	279.180	379.040	322.780	16.474	0.000	-26152919.050	420.489
57	0.990	335.614	283.560	403.340	335.220	16.922	0.000	-26583665.490	437.117
58	0.000	342.640	342.640	342.640	342.640	0.000	0.000	-26065.832	0.724
58	0.100	335.518	313.100	362.800	336.950	9.102	0.000	-27295665.438	801.379
58	0.200	336.992	317.380	369.840	336.070	7.866	0.000	-28066130.579	734.857
58	0.300	334.635	319.340	364.400	333.180	7.618	0.000	-28781640.106	691.623
58	0.400	336.002	320.700	386.920	333.890	8.715	0.000	-29478098.625	697.016
58	0.500	341.840	315.460	388.400	339.820	10.929	0.000	-30172827.745	688.893
58	0.600	346.042	312.380	409.480	343.100	15.727	0.000	-30855713.105	672.526
58	0.700	355.665	317.440	427.960	352.330	19.349	0.000	-31529876.344	671.705
58	0.800	366.838	325.120	433.940	363.340	22.889	0.000	-32207760.605	678.845
58	0.990	390.942	338.000	512.320	390.610	24.840	0.000	-32906201.650	710.823
59	0.000	309.180	309.180	309.180	309.180	0.000	0.000	-31029.582	0.343
59	0.100	309.429	300.400	330.620	308.860	5.816	0.000	-33331327.328	318.419
59	0.200	316.083	299.180	347.440	314.400	8.894	0.000	-33650805.144	317.360
59	0.300	328.787	301.480	364.020	329.130	11.084	0.000	-33968547.299	314.958
59	0.400	336.880	305.000	368.180	337.790	9.995	0.000	-34283291.230	311.088
59	0.500	342.013	303.300	381.620	342.140	10.650	0.000	-34598157.497	316.051
59	0.600	350.531	311.980	422.380	348.540	14.932	0.000	-34918836.381	321.685
59	0.700	357.951	311.440	446.820	356.320	17.901	0.000	-35243596.779	324.099
59	0.800	366.117	319.280	460.420	364.280	21.633	0.000	-35569693.433	325.176
59	0.990	381.796	323.140	477.640	378.840	26.257	0.000	-35898006.901	329.179
60	0.000	325.500	325.500	325.500	325.500	0.000	0.000	-35326.330	0.509
60	0.100	319.072	303.760	337.500	319.020	7.129	0.000	-36457667.417	604.068
60	0.200	326.340	302.720	355.840	325.370	10.592	0.000	-37050343.374	576.986
60	0.300	333.893	306.460	365.480	333.760	9.399	0.000	-37621094.524	560.936
60	0.400	338.248	311.420	366.960	337.670	9.044	0.000	-38178681.501	549.821
60	0.500	340.146	311.240	368.940	340.220	10.240	0.000	-38726517.256	541.166
60	0.600	345.583	310.900	382.680	345.440	11.280	0.000	-39266245.923	533.535
60	0.700	350.613	314.980	400.280	350.450	12.354	0.000	-39801188.914	533.196
60	0.800	356.070	320.820	403.800	355.440	13.093	0.000	-40340393.538	540.396
60	0.990	363.766	322.700	449.020	361.540	17.316	0.000	-40899001.282	572.771
61	0.000	230.940	230.940	230.940	230.940	0.000	0.000	23.248	0.195
61	0.100	252.481	219.480	267.100	252.570	7.278	0.000	2014126.886	189.268
61	0.200	248.177	231.020	279.500	246.490	8.986	0.000	1823791.451	189.189
61	0.300	250.235	229.060	281.060	252.200	8.301	0.000	1626755.822	202.804
61	0.400	255.244	234.780	286.860	255.230	7.997	0.000	1424351.871	199.481
61	0.500	260.727	235.900	291.820	259.810	9.284	0.000	1223932.848	198.599
61	0.600	267.152	235.040	326.480	265.890	11.344	0.000	1024219.778	198.550
61	0.700	270.460	239.360	317.380	270.110	12.559	0.000	822182.146	203.843
61	0.800	272.749	239.800	324.260	272.410	13.823	0.000	614426.975	209.125
61	0.990	283.066	250.120	378.820	279.600	18.198	0.000	401967.740	213.492
62	0.000	247.300	247.300	247.300	247.300	0.000	0.000	2476.788	0.287
62	0.100	265.705	248.600	279.760	265.640	3.724	0.000	205549.249	257.556
62	0.200	268.623	247.260	286.660	268.820	5.344	0.000	-52331.242	255.426
62	0.300	274.243	247.260	300.960	274.040	7.388	0.000	-305734.025	248.292
62	0.400	274.343	254.700	308.080	273.480	7.712	0.000	-559002.600	254.566
62	0.500	277.259	256.880	321.780	275.250	10.136	0.000	-827919.742	281.481
62	0.600	283.264	258.080	327.360	282.440	12.552	0.000	-1123252.356	305.934
62	0.700	290.167	256.800	339.180	290.020	14.323	0.000	-1430567.378	305.967
62	0.800	296.852	262.240	352.560	295.910	15.315	0.000	-1735583.206	301.332
62	0.990	308.736	274.860	390.460	307.430	16.768	0.000	-2034428.302	293.179
63	0.000	289.340	289.340	289.340	289.340	0.000	0.000	-40.212	0.264
63	0.100	304.186	280.480	313.900	305.360	4.312	0.000	-2314308.053	263.177
63	0.200	301.946	276.120	324.280	302.110	7.901	0.000	-2577315.054	260.110
63	0.300	303.066	277.340	332.200	303.340	8.192	0.000	-2852850.862	288.633
63	0.400	303.501	279.600	329.160	302.980	8.403	0.000	-3147150.982	296.732
63	0.500	304.591	283.000	349.940	303.560	9.445	0.000	-3440260.200	286.261
63	0.600	306.416	277.660	358.500	304.750	11.596	0.000	-3722834.119	276.641
63	0.700	312.412	282.920	360.820	309.920	14.070	0.000	-3998075.174	270.798
63	0.800	318.345	280.920	387.980	316.980	16.093	0.000	-4268226.671	266.528
63	0.990	330.751	286.720	404.880	329.190	17.863	0.000	-4534415.246	262.919
64	0.000	276.320	276.320	276.320	276.320	0.000	0.000	-2525.224	0.327
64	0.100	287.300	271.400	307.800	287.110	6.113	0.000	-4826085.892	316.332
64	0.200	292.769	272.860	322.580	291.660	8.454	0.000	-5146181.348	321.034
64	0.300	298.346	273.500	334.060	298.070	9.446	0.000	-5474439.580	331.427
64	0.400	306.219	279.600	345.320	305.140	10.622	0.000	-5819438.748	355.955
64	0.500	312.646	282.580	350.540	311.780	10.852	0.000	-6170196.539	341.863
64	0.600	321.628	285.300	366.660	321.000	12.554	0.000	-6506935.082	328.403
64	0.700	328.892	288.660	379.860	328.060	13.258	0.000	-6832296.373	319.652
64	0.800	334.325	293.300	399.900	333.680	13.552	0.000	-7154198.961	320.618
64	0.990	343.136	302.500	430.320	342.640	14.958	0.000	-7487094.681	342.537
65	0.000	244.640	244.640	244.640	244.640	0.000	0.000	-5517.889	0.248
65	0.100	261.528	240.780	280.320	261.900	8.126	0.000	-7793750.235	267.134
65	0.200	255.538	230.900	297.060	251.760	11.580	0.000	-8065627.139	273.516
65	0.300	260.184	237.200	301.080	257.890	12.833	0.000	-8340038.169	272.751
65	0.400	269.480	241.460	312.000	269.730	12.776	0.000	-8610303.917	265.055
65	0.500	273.880	246.420	312.960	273.090	12.231	0.000	-8874423.036	260.105
65	0.600	279.835	244.080	326.540	281.180	12.480	0.000	-9135647.833	259.157
65	0.700	284.819	252.700	330.000	285.310	12.079	0.000	-9397912.693	262.516
65	0.800	290.040	249.100	335.120	289.500	12.885	0.000	-9663194.546	265.042
65	0.990	299.027	263.620	395.980	297.030	17.614	0.000	-9935494.709	276.694
66	0.000	232.900	232.900	232.900	232.900	0.000	0.000	-7932.754	0.263
66	0.100	241.700	230.220	248.580	243.760	4.271	0.000	-10216605.144	283.015
66	0.200	247.142	231.680	262.580	247.330	4.883	0.000	-10498938.567	278.565
66	0.300	256.735	233.220	283.120	256.470	9.130	0.000	-10781995.825	285.538
66	0.400	263.724	237.720	286.280	265.350	7.444	0.000	-11065541.992	277.525
66	0.500	265.957	245.300	287.040	266.570	6.954	0.000	-11340048.070	269.011
66	0.600	266.516	246.800	325.780	264.820	11.420	0.000	-11617517.179	283.390
66	0.700	272.428	242.620	345.700	267.110	18.008	0.000	-11910531.806	300.236
66	0.800	283.255	251.420	347.800	272.610	23.483	0.000	-12212844.845	301.256
66	0.990	303.711	261.200	372.340	310.240	24.395	0.000	-12512174.834	294.525
67	0.000	406.460	406.460	406.460	406.460	0.000	0.000	-14683.038	0.716
67	0.100	411.002	397.600	445.220	408.870	7.545	0.000	-13026196.999	812.791
67	0.200	416.570	389.160	466.980	414.480	11.452	0.000	-13839926.930	810.141
67	0.300	424.495	392.480	465.420	424.020	12.396	0.000	-14652271.262	808.681
67	0.400	427.953	397.120	473.700	427.320	12.689	0.000	-15482295.475	846.430
67	0.500	433.067	397.880	503.120	431.200	14.275	0.000	-16332604.414	848.437
67	0.600	443.927	404.060	514.520	441.750	17.235	0.000	-17170145.519	821.222
67	0.700	453.558	407.220	520.120	452.440	18.619	0.000	-17981166.803	796.109
67	0.800	460.227	408.460	528.720	458.970	19.931	0.000	-18769855.186	775.962
67	0.990	471.437	414.560	567.720	469.750	22.124	0.000	-19546971.821	773.778
68	0.000	290.040	290.040	290.040	290.040	0.000	0.000	-17837.299	0.331
68	0.100	289.772	272.480	310.740	289.800	6.496	0.000	-20140985.534	322.325
68	0.200	292.382	275.360	319.860	291.540	7.035	0.000	-20459834.632	312.742
68	0.300	295.848	279.100	324.360	295.150	7.756	0.000	-20772935.910	310.062
68	0.400	305.352	283.660	346.920	305.040	9.558	0.000	-21089782.883	320.139
68	0.500	312.904	285.440	358.600	311.910	11.323	0.000	-21418620.489	334.903
68	0.600	324.017	288.140	371.560	323.410	14.492	0.000	-21757623.582	340.288
68	0.700	333.170	294.520	379.120	332.720	14.519	0.000	-22098854.342	339.003
68	0.800	338.477	298.140	385.160	337.950	15.304	0.000	-22439635.665	339.778
68	0.990	345.145	296.540	414.980	343.840	16.897	0.000	-22785919.356	350.010
69	0.000	225.660	225.660	225.660	225.660	0.000	0.000	-25089.441	0.190
69	0.100	234.828	229.720	243.240	234.840	2.706	0.000	-23089938.636	172.000
69	0.200	243.600	231.240	271.040	242.480	5.331	0.000	-23265811.717	177.236
69	0.300	252.235	233.680	293.660	251.500	5.735	0.000	-23468589.866	227.273
69	0.400	257.573	235.180	298.320	255.710	8.134	0.000	-23698198.321	228.677
69	0.500	266.355	244.900	303.960	264.830	10.336	0.000	-23924317.437	221.219
69	0.600	275.623	247.540	328.540	273.860	12.976	0.000	-24142355.082	212.555
69	0.700	282.369	248.740	353.280	280.580	14.888	0.000	-24354203.319	208.661
69	0.800	288.301	251.440	371.420	285.890	17.566	0.000	-24562967.924	206.536
69	0.990	302.519	262.640	411.600	297.780	22.060	0.000	-24768761.696	202.830
70	0.000	273.820	273.820	273.820	273.820	0.000	0.000	-22688.434	0.421
70	0.100	283.247	273.800	297.300	283.620	3.449	0.000	-25028069.650	393.871
70	0.200	294.063	274.080	318.840	293.010	8.684	0.000	-25415761.632	378.217
70	0.300	296.704	276.120	331.360	296.030	8.421	0.000	-25783288.405	353.733
70	0.400	298.834	273.180	340.960	297.500	9.746	0.000	-26138945.382	353.915
70	0.500	302.818	278.920	349.920	302.220	10.361	0.000	-26499925.525	365.208
70	0.600	308.743	284.020	365.280	307.310	12.307	0.000	-26875192.819	385.069
70	0.700	316.002	285.180	384.360	313.270	15.122	0.000	-27270274.879	398.914
70	0.800	323.643	289.320	390.560	319.920	17.315	0.000	-27673699.491	405.030
70	0.990	337.120	297.160	432.240	333.050	21.336	0.000	-28079530.383	403.183
71	0.000	214.720	214.720	214.720	214.720	0.000	0.000	23.249	0.187
71	0.100	236.289	213.180	247.740	237.260	7.012	0.000	2017725.161	181.836
71	0.200	247.246	226.620	274.320	247.590	6.812	0.000	1835339.302	180.552
71	0.300	254.135	227.120	287.580	252.800	9.702	0.000	1639891.496	208.321
71	0.400	259.781	233.780	290.400	259.530	9.715	0.000	1434319.679	200.579
71	0.500	263.856	238.080	300.500	263.600	10.450	0.000	1236865.319	192.245
71	0.600	269.425	236.660	311.080	269.790	10.653	0.000	1046770.700	185.833
71	0.700	275.185	248.060	315.120	275.480	10.616	0.000	861428.598	182.781
71	0.800	280.488	247.240	323.040	279.840	11.354	0.000	677650.108	182.635
71	0.990	288.573	257.660	364.700	286.910	13.403	0.000	492664.995	185.837
72	0.000	246.260	246.260	246.260	246.260	0.000	0.000	2581.027	0.226
72	0.100	255.821	241.280	268.480	257.420	3.478	0.000	326948.021	223.266
72	0.200	257.441	242.780	288.280	256.360	5.760	0.000	102425.246	222.865
72	0.300	264.025	242.860	301.520	262.280	11.056	0.000	-128173.856	236.313
72	0.400	275.130	243.100	309.020	274.940	12.979	0.000	-371059.021	246.311
72	0.500	281.450	246.680	324.700	281.210	11.126	0.000	-623679.938	256.395
72	0.600	286.530	250.400	330.140	286.080	10.631	0.000	-882126.705	257.503
72	0.700	293.051	255.640	339.740	291.430	12.541	0.000	-1140857.833	257.153
72	0.800	298.678	265.860	349.160	296.760	14.404	0.000	-1397381.133	253.516
72	0.990	309.399	275.060	386.460	308.330	16.772	0.000	-1647960.054	245.024
73	0.000	328.140	328.140	328.140	328.140	0.000	0.000	-1033.906	0.478
73	0.100	322.644	309.320	335.460	323.110	6.872	0.000	-2099114.529	472.194
73	0.200	327.059	308.820	342.380	327.250	5.954	0.000	-2578068.587	480.913
73	0.300	326.150	308.720	352.100	325.800	6.804	0.000	-3094649.191	547.971
73	0.400	333.073	311.960	371.740	331.450	9.397	0.000	-3653056.065	566.369
73	0.500	341.645	314.300	383.280	341.070	11.734	0.000	-4237436.247	596.205
73	0.600	351.809	320.240	399.540	351.800	13.842	0.000	-4832197.709	588.931
73	0.700	363.309	325.700	414.500	362.360	14.614	0.000	-5416615.083	575.003
73	0.800	372.430	336.840	424.840	372.120	15.347	0.000	-5988623.176	564.826
73	0.990	388.530	350.540	479.920	386.150	17.372	0.000	-6549608.965	552.760
74	0.000	307.340	307.340	307.340	307.340	0.000	0.000	-5999.430	0.482
74	0.100	311.888	290.340	343.360	307.100	13.138	0.000	-7098328.805	539.551
74	0.200	312.720	288.020	351.920	310.770	10.895	0.000	-7639900.770	539.128
74	0.300	319.169	296.520	361.200	318.030	10.898	0.000	-8176882.691	531.483
74	0.400	326.126	298.160	357.020	326.080	11.562	0.000	-8703886.391	519.255
74	0.500	329.223	297.880	365.400	330.630	12.565	0.000	-9222215.155	513.429
74	0.600	335.710	292.040	377.480	337.470	12.761	0.000	-9731529.772	501.215
74	0.700	340.353	302.040	390.620	341.510	12.418	0.000	-10229998.639	492.067
74	0.800	345.699	305.460	396.380	344.940	13.284	0.000	-10720688.927	486.308
74	0.990	353.453	317.640	450.660	350.050	16.825	0.000	-11215428.824	498.605
75	0.000	276.220	276.220	276.220	276.220	0.000	0.000	-9234.171	0.291
75	0.100	293.008	275.760	302.460	293.360	4.165	0.000	-11525163.479	296.944
75	0.200	302.888	284.680	334.180	302.760	7.006	0.000	-11829107.647	308.319
75	0.300	308.536	282.520	333.380	308.620	7.197	0.000	-12142694.032	316.181
75	0.400	313.980	286.740	343.460	313.050	8.390	0.000	-12457608.324	310.135
75	0.500	316.520	293.580	352.580	315.640	9.505	0.000	-12770388.868	313.158
75	0.600	319.515	289.440	366.020	318.650	11.270	0.000	-13088922.829	320.399
75	0.700	324.030	293.320	373.120	322.120	13.623	0.000	-13414328.554	327.486
75	0.800	330.451	293.820	419.460	327.270	17.011	0.000	-13744239.408	329.401
75	0.990	343.991	306.600	438.100	340.690	21.091	0.000	-14071367.635	322.053
76	0.000	288.600	288.600	288.600	288.600	0.000	0.000	-12091.727	0.344
76	0.100	283.802	264.840	295.400	284.930	6.003	0.000	-14403468.302	338.418
76	0.200	279.675	258.020	298.480	280.960	7.245	0.000	-14744894.786	341.172
76	0.300	280.497	257.120	300.540	281.040	6.514	0.000	-15093259.318	352.300
76	0.400	281.105	264.120	313.320	280.570	6.484	0.000	-15452672.514	363.572
76	0.500	285.470	268.680	316.600	284.220	7.586	0.000	-15819051.841	365.341
76	0.600	292.174	271.780	320.320	290.710	9.316	0.000	-16181051.917	355.214
76	0.700	300.543	277.960	342.920	299.870	10.498	0.000	-16534740.227	347.917
76	0.800	308.554	283.400	364.760	308.190	11.906	0.000	-16881819.303	344.479
76	0.990	321.819	289.840	398.940	320.640	14.190	0.000	-17232913.544	355.179
77	0.000	247.920	247.920	247.920	247.920	0.000	0.000	-15270.073	0.248
77	0.100	249.462	237.260	264.400	250.440	3.398	0.000	-17517997.515	211.252
77	0.200	249.299	230.780	272.360	249.190	6.749	0.000	-17737926.866	225.550
77	0.300	259.860	232.580	295.720	259.390	9.517	0.000	-17971083.289	238.195
77	0.400	269.085	236.200	301.180	268.410	10.556	0.000	-18207496.668	231.829
77	0.500	277.098	245.440	310.280	277.120	11.441	0.000	-18439802.323	230.088
77	0.600	283.835	253.200	337.440	283.280	12.558	0.000	-18674558.579	237.606
77	0.700	288.470	254.040	340.080	287.440	13.730	0.000	-18915009.043	240.779
77	0.800	294.437	257.140	361.080	292.550	15.951	0.000	-19156428.660	239.809
77	0.990	305.988	262.540	400.560	303.620	21.269	0.000	-19397331.535	239.807
78	0.000	271.880	271.880	271.880	271.880	0.000	0.000	-17376.761	0.309
78	0.100	275.162	265.080	291.320	274.580	2.867	0.000	-19676799.295	315.022
78	0.200	280.135	267.880	300.980	279.110	4.823	0.000	-19985306.543	298.774
78	0.300	291.272	268.520	325.580	290.050	9.313	0.000	-20290382.462	308.936
78	0.400	299.840	272.660	338.160	299.690	11.422	0.000	-20604104.552	315.441
78	0.500	304.691	274.540	354.960	303.590	11.270	0.000	-20922528.004	318.103
78	0.600	307.303	272.140	362.300	305.800	13.092	0.000	-21243332.746	320.288
78	0.700	310.926	277.420	392.500	307.690	16.745	0.000	-21568433.773	327.676
78	0.800	321.490	281.360	403.320	317.380	23.200	0.000	-21901059.714	333.946
78	0.990	345.004	288.380	427.620	344.550	27.456	0.000	-22232840.408	327.340
79	0.000	316.120	316.120	316.120	316.120	0.000	0.000	-21660.274	0.546
79	0.100	317.498	299.520	331.920	320.220	7.505	0.000	-22809303.149	640.344
79	0.200	320.247	302.360	354.180	320.520	9.596	0.000	-23430100.261	596.422
79	0.300	332.737	308.360	363.800	333.600	8.852	0.000	-24012414.931	564.448
79	0.400	338.570	312.900	378.620	338.070	10.599	0.000	-24575005.819	556.775
79	0.500	350.447	321.720	413.280	347.870	13.675	0.000	-25132552.472	554.268
79	0.600	365.828	330.840	424.040	362.850	17.513	0.000	-25680540.296	536.605
79	0.700	379.021	333.580	440.160	378.010	19.410	0.000	-26216817.180	533.025
79	0.800	385.980	337.520	441.160	385.490	19.107	0.000	-26752689.235	535.900
79	0.990	397.136	348.060	457.940	396.880	17.394	0.000	-27296663.137	549.659
80	0.000	266.320	266.320	266.320	266.320	0.000	0.000	-26746.317	0.525
80	0.100	270.277	258.320	293.840	269.630	5.987	0.000	-27833762.500	516.870
80	0.200	279.327	255.740	304.520	278.880	7.901	0.000	-28359204.921	530.163
80	0.300	284.398	255.300	309.520	284.880	7.691	0.000	-28888095.414	524.991
80	0.400	288.962	259.840	315.780	288.630	8.699	0.000	-29411263.487	517.473
80	0.500	293.482	262.540	344.140	293.600	9.775	0.000	-29928592.555	512.151
80	0.600	300.370	274.480	356.680	299.800	12.413	0.000	-30437666.774	503.045
80	0.700	308.708	272.220	368.300	306.770	14.742	0.000	-30937879.353	494.694
80	0.800	319.291	283.120	375.960	316.370	17.533	0.000	-31433525.487	491.122
80	0.990	333.081	294.280	399.280	330.250	20.022	0.000	-31930638.891	499.883
81	0.000	213.280	213.280	213.280	213.280	0.000	0.000	23.249	0.148
81	0.100	213.170	202.400	224.040	213.320	4.732	0.000	2039523.953	138.675
81	0.200	231.456	206.340	266.360	228.690	12.688	0.000	1902273.942	133.957
81	0.300	243.008	213.980	265.400	243.400	8.566	0.000	1764747.336	139.196
81	0.400	245.871	217.640	272.180	246.180	7.685	0.000	1619745.236	149.157
81	0.500	247.833	221.720	279.960	247.490	8.774	0.000	1469765.797	148.762
81	0.600	253.309	223.700	287.560	252.900	9.550	0.000	1320191.182	148.503
81	0.700	257.605	226.460	325.980	257.080	11.041	0.000	1170432.583	149.200
81	0.800	263.334	234.940	324.060	262.090	12.803	0.000	1019437.171	150.890
81	0.990	273.837	245.720	372.540	270.920	19.162	0.000	865415.136	155.787
82	0.000	248.340	248.340	248.340	248.340	0.000	0.000	-1299.417	0.151
82	0.100	261.565	236.840	274.580	262.060	4.697	0.000	714820.110	142.635
82	0.200	264.233	226.500	282.080	264.400	7.030	0.000	571746.180	141.547
82	0.300	265.147	230.160	288.660	265.880	7.344	0.000	420642.845	158.869
82	0.400	267.803	238.440	288.440	268.160	6.543	0.000	256225.273	167.792
82	0.500	271.188	239.720	300.060	270.800	8.119	0.000	88653.391	165.370
82	0.600	277.382	251.260	320.760	276.210	10.961	0.000	-77192.025	164.405
82	0.700	285.477	250.820	334.920	284.750	13.719	0.000	-243106.142	165.530
82	0.800	293.153	257.400	346.200	292.390	15.634	0.000	-410040.518	166.101
82	0.990	305.624	264.620	388.640	303.750	17.850	0.000	-577131.849	165.939
83	0.000	288.240	288.240	288.240	288.240	0.000	0.000	1521.701	0.367
83	0.100	293.246	271.940	304.560	295.060	5.067	0.000	-807021.559	372.329
83	0.200	296.944	270.380	324.940	296.370	6.939	0.000	-1177825.244	366.093
83	0.300	299.014	268.760	340.740	298.170	10.922	0.000	-1544502.280	363.110
83	0.400	305.457	275.760	338.780	305.610	11.514	0.000	-1905134.741	354.659
83	0.500	311.474	277.740	366.700	310.840	12.962	0.000	-2259239.959	350.076
83	0.600	325.279	280.900	380.740	323.230	17.437	0.000	-2623616.543	375.760
83	0.700	336.636	294.020	381.500	336.810	16.883	0.000	-3007038.536	387.694
83	0.800	344.161	299.000	399.940	343.940	16.111	0.000	-3396463.952	387.655
83	0.990	349.136	302.220	411.820	348.420	15.649	0.000	-3781655.444	379.331
84	0.000	336.500	336.500	336.500	336.500	0.000	0.000	-3234.762	0.557
84	0.100	353.387	316.960	378.580	355.510	11.415	0.000	-4369474.847	611.493
84	0.200	345.947	311.440	378.640	345.340	11.299	0.000	-4976901.393	598.752
84	0.300	347.037	316.840	381.100	346.300	10.199	0.000	-5565799.617	574.978
84	0.400	353.432	320.680	387.760	353.800	10.653	0.000	-6140309.259	569.724
84	0.500	357.995	325.700	407.200	357.370	12.069	0.000	-6708290.297	561.605
84	0.600	363.807	329.740	417.100	362.460	13.657	0.000	-7267331.734	552.526
84	0.700	369.204	336.500	429.120	367.660	14.419	0.000	-7820616.610	548.883
84	0.800	374.376	339.320	453.440	373.210	15.513	0.000	-8374009.050	553.889
84	0.990	385.374	347.380	475.660	381.910	19.916	0.000	-8948587.756	591.817
85	0.000	253.060	253.060	253.060	253.060	0.000	0.000	-7014.028	0.344
85	0.100	268.336	245.780	290.500	268.560	8.189	0.000	-9309253.016	305.188
85	0.200	267.949	246.560	298.440	268.720	8.381	0.000	-9621991.067	316.651
85	0.300	275.374	247.600	318.200	275.320	9.022	0.000	-9938889.685	314.497
85	0.400	284.300	258.900	321.840	284.530	8.721	0.000	-10251678.912	308.194
85	0.500	289.229	262.880	324.180	288.640	9.449	0.000	-10559970.966	305.429
85	0.600	295.460	267.300	344.900	294.300	10.955	0.000	-10864346.222	299.899
85	0.700	303.580	275.600	358.860	301.730	12.966	0.000	-11163420.988	295.554
85	0.800	313.473	282.120	392.440	312.700	16.278	0.000	-11462689.971	300.121
85	0.990	328.497	287.760	405.140	327.390	17.694	0.000	-11779910.502	331.240
86	0.000	374.240	374.240	374.240	374.240	0.000	0.000	-13969.613	0.825
86	0.100	380.637	368.580	412.100	378.590	6.234	0.000	-12323554.820	835.417
86	0.200	393.806	371.160	434.800	394.330	11.906	0.000	-13184789.264	880.493
86	0.300	403.000	366.040	452.020	401.170	14.207	0.000	-14054494.746	856.096
86	0.400	403.585	363.900	448.520	402.030	12.791	0.000	-14924792.622	876.815
86	0.500	406.016	376.580	446.920	405.360	11.633	0.000	-15815705.293	900.862
86	0.600	410.966	374.520	483.920	408.680	14.540	0.000	-16704993.336	872.158
86	0.700	418.756	380.460	498.260	414.940	20.022	0.000	-17574205.780	862.226
86	0.800	430.358	377.620	508.860	428.470	23.616	0.000	-18439185.542	862.066
86	0.990	448.195	387.880	536.200	447.890	23.004	0.000	-19314566.963	883.469
87	0.000	338.100	338.100	338.100	338.100	0.000	0.000	-19063.616	0.619
87	0.100	336.261	318.080	368.820	334.820	9.095	0.000	-20188975.450	592.467
87	0.200	335.882	314.140	369.640	335.290	7.614	0.000	-20776553.118	578.622
87	0.300	338.899	317.100	376.600	337.540	8.709	0.000	-21345805.234	555.000
87	0.400	344.293	312.820	384.060	343.100	11.532	0.000	-21907886.174	564.274
87	0.500	349.921	320.280	390.300	349.100	12.619	0.000	-22478895.636	573.316
87	0.600	359.569	325.140	410.300	358.980	12.935	0.000	-23049009.194	563.352
87	0.700	369.952	331.140	424.820	369.320	13.394	0.000	-23605641.496	545.913
87	0.800	377.562	339.860	427.420	377.120	13.859	0.000	-24148045.623	534.125
87	0.990	387.908	345.720	438.940	387.270	14.745	0.000	-24687513.322	540.581
88	0.000	310.100	310.100	310.100	310.100	0.000	0.000	-24131.332	0.710
88	0.100	301.280	293.040	330.860	298.680	7.840	0.000	-25282615.354	644.180
88	0.200	320.208	295.100	369.880	322.240	14.770	0.000	-25923114.455	633.066
88	0.300	339.065	300.380	377.480	339.770	13.878	0.000	-26540060.986	596.212
88	0.400	344.590	311.000	385.520	344.470	12.494	0.000	-27136712.243	592.754
88	0.500	349.764	310.380	391.800	349.330	11.974	0.000	-27741802.369	611.377
88	0.600	355.365	318.940	388.320	354.660	11.492	0.000	-28372030.345	644.411
88	0.700	358.183	327.660	395.280	358.030	11.159	0.000	-29033676.468	674.818
88	0.800	360.882	323.740	423.900	360.410	12.395	0.000	-29713972.013	682.020
88	0.990	364.475	326.240	442.700	362.640	15.149	0.000	-30398612.233	682.723
89	0.000	307.880	307.880	307.880	307.880	0.000	0.000	-28508.376	0.386
89	0.100	301.110	292.800	317.600	301.130	2.878	0.000	-30837436.557	372.809
89	0.200	302.287	288.900	320.080	301.850	4.432	0.000	-31211780.578	372.283
89	0.300	304.540	289.100	331.760	304.290	5.595	0.000	-31585357.983	371.457
89	0.400	314.027	293.860	355.400	311.610	10.519	0.000	-31957955.721	370.481
89	0.500	326.109	298.200	374.980	324.970	14.056	0.000	-32330234.037	371.234
89	0.600	340.283	301.960	400.700	341.030	16.415	0.000	-32706387.336	376.869
89	0.700	348.612	304.080	417.880	348.580	15.501	0.000	-33093371.351	392.374
89	0.800	354.073	306.080	419.240	352.640	17.873	0.000	-33488619.772	398.116
89	0.990	361.985	318.300	452.560	358.000	22.049	0.000	-33894805.442	408.710
90	0.000	272.180	272.180	272.180	272.180	0.000	0.000	-31958.654	0.313
90	0.100	291.918	281.380	321.360	290.300	6.554	0.000	-34240989.408	280.113
90	0.200	300.907	277.620	327.220	300.090	8.487	0.000	-34529828.377	294.440
90	0.300	296.128	277.980	320.960	296.090	7.860	0.000	-34854494.041	352.668
90	0.400	295.535	272.260	331.600	294.500	8.381	0.000	-35209071.999	352.834
90	0.500	297.674	274.960	333.020	296.820	9.265	0.000	-35557509.110	340.778
90	0.600	303.241	277.600	357.940	302.760	10.847	0.000	-35892610.341	326.097
90	0.700	308.390	277.460	374.900	306.860	13.321	0.000	-36213910.812	314.154
90	0.800	316.353	277.120	390.220	313.220	17.568	0.000	-36526747.280	308.787
90	0.990	331.585	287.240	426.760	328.850	23.475	0.000	-36835819.947	306.500
91	0.000	250.020	250.020	250.020	250.020	0.000	0.000	4291.813	0.340
91	0.100	254.315	238.320	270.520	254.620	4.060	0.000	1969701.157	358.875
91	0.200	264.980	243.260	293.520	264.560	8.001	0.000	1619542.628	338.721
91	0.300	274.989	249.340	308.860	274.840	10.322	0.000	1269374.402	357.883
91	0.400	280.082	256.200	315.820	279.850	9.714	0.000	882990.195	411.436
91	0.500	284.104	261.040	320.020	283.700	9.664	0.000	462188.405	427.241
91	0.600	291.539	264.080	332.880	291.080	10.940	0.000	29154.164	435.386
91	0.700	298.274	269.700	345.800	297.560	12.075	0.000	-410120.812	439.990
91	0.800	306.983	275.880	374.220	305.330	14.528	0.000	-853904.124	445.472
91	0.990	319.498	282.100	410.480	318.000	18.441	0.000	-1292696.256	428.724
92	0.000	383.840	383.840	383.840	383.840	0.000	0.000	-770.849	0.564
92	0.100	376.167	356.040	390.460	376.720	6.640	0.000	-1877267.575	554.211
92	0.200	372.408	347.520	406.260	371.510	8.503	0.000	-2441820.549	570.714
92	0.300	380.585	350.980	420.040	380.890	13.904	0.000	-3015866.704	572.217
92	0.400	388.897	346.560	439.340	388.010	14.350	0.000	-3594128.035	580.640
92	0.500	391.726	347.440	436.380	391.320	14.944	0.000	-4202501.086	630.154
92	0.600	398.431	348.460	455.480	398.730	17.177	0.000	-4832646.440	626.378
92	0.700	406.218	360.780	460.240	407.420	18.117	0.000	-5457551.843	619.478
92	0.800	412.910	362.840	466.360	414.230	18.250	0.000	-6077148.370	614.955
92	0.990	421.595	370.840	474.760	421.070	17.418	0.000	-6689585.722	605.766
93	0.000	284.440	284.440	284.440	284.440	0.000	0.000	-4762.111	0.365
93	0.100	298.397	280.540	318.720	296.630	6.584	0.000	-7119504.094	429.419
93	0.200	301.528	280.360	326.140	301.750	7.599	0.000	-7544149.694	417.255
93	0.300	303.835	280.240	333.600	303.680	8.953	0.000	-7970970.554	432.712
93	0.400	308.403	282.980	352.520	307.400	10.357	0.000	-8401920.343	425.237
93	0.500	313.199	285.160	355.220	311.890	12.215	0.000	-8818579.350	403.206
93	0.600	318.936	285.160	363.180	318.600	13.311	0.000	-9213707.722	384.255
93	0.700	326.120	287.860	381.940	325.810	13.354	0.000	-9595883.494	377.935
93	0.800	331.166	294.620	391.320	331.360	13.323	0.000	-9974679.017	375.887
93	0.990	340.221	303.820	407.120	339.980	13.674	0.000	-10365449.089	402.107
94	0.000	342.180	342.180	342.180	342.180	0.000	0.000	-9830.381	0.556
94	0.100	357.388	342.600	383.000	357.500	8.509	0.000	-10996922.053	674.007
94	0.200	365.436	339.880	404.520	365.040	10.449	0.000	-11676260.165	680.946
94	0.300	365.750	331.920	406.360	364.760	10.978	0.000	-12350282.788	662.534
94	0.400	367.088	330.780	428.600	366.390	12.337	0.000	-13014690.704	662.127
94	0.500	368.146	333.200	415.400	366.970	12.848	0.000	-13678866.356	660.594
94	0.600	372.112	338.580	432.900	370.710	13.248	0.000	-14340059.402	657.384
94	0.700	379.932	342.520	445.220	378.450	15.700	0.000	-15003071.352	664.057
94	0.800	390.738	352.100	459.960	387.600	19.480	0.000	-15672065.420	670.735
94	0.990	412.232	353.480	489.300	411.360	23.812	0.000	-16356393.381	691.384
95	0.000	292.340	292.340	292.340	292.340	0.000	0.000	-14471.196	0.332
95	0.100	291.276	279.980	306.060	293.100	3.857	0.000	-16800356.581	373.113
95	0.200	294.949	281.020	310.480	295.140	4.535	0.000	-17164243.805	351.681
95	0.300	297.136	281.820	331.280	297.040	6.157	0.000	-17511085.572	338.414
95	0.400	301.485	285.100	335.740	300.700	7.801	0.000	-17850437.472	337.353
95	0.500	307.500	287.160	348.060	306.280	8.865	0.000	-18193806.803	346.029
95	0.600	312.873	294.240	354.360	311.830	8.780	0.000	-18542984.893	350.126
95	0.700	316.810	294.760	350.320	315.630	9.095	0.000	-18898156.132	355.805
95	0.800	320.507	297.440	354.720	319.340	9.748	0.000	-19259728.427	365.359
95	0.990	329.010	300.900	377.580	327.730	11.809	0.000	-19627430.667	365.614
96	0.000	231.580	231.580	231.580	231.580	0.000	0.000	-17669.838	0.238
96	0.100	236.118	227.720	249.180	236.640	3.321	0.000	-19926448.342	228.454
96	0.200	239.465	219.260	272.440	238.470	4.484	0.000	-20158658.804	233.412
96	0.300	243.948	228.880	277.540	242.920	7.922	0.000	-20409797.091	266.686
96	0.400	252.011	229.920	292.660	250.270	11.010	0.000	-20689110.343	288.902
96	0.500	260.228	233.760	299.400	257.210	11.675	0.000	-20977289.698	284.877
96	0.600	270.609	243.920	313.340	269.960	12.185	0.000	-21258149.623	274.154
96	0.700	278.936	247.420	324.700	278.010	13.066	0.000	-21531026.107	269.003
96	0.800	285.105	249.480	335.100	283.970	13.477	0.000	-21799476.364	265.300
96	0.990	294.598	262.500	356.560	293.690	14.674	0.000	-22063922.697	261.003
97	0.000	252.240	252.240	252.240	252.240	0.000	0.000	-20053.731	0.352
97	0.100	279.861	248.400	304.840	274.160	15.044	0.000	-22405415.354	418.909
97	0.200	286.397	259.500	311.840	285.160	8.157	0.000	-22816862.423	399.808
97	0.300	281.529	253.520	313.120	280.770	10.329	0.000	-23215765.368	394.955
97	0.400	282.034	257.380	337.300	281.550	11.923	0.000	-23614185.467	398.518
97	0.500	287.727	257.220	342.840	285.820	15.457	0.000	-24012732.423	395.201
97	0.600	298.802	258.420	345.700	295.480	19.882	0.000	-24404087.649	384.264
97	0.700	305.361	265.200	357.300	309.780	20.429	0.000	-24786935.437	377.338
97	0.800	312.300	270.840	358.680	319.870	18.645	0.000	-25164852.710	375.586
97	0.990	321.156	285.840	380.460	323.240	12.611	0.000	-25551323.851	394.625
98	0.000	396.060	396.060	396.060	396.060	0.000	0.000	-25012.221	0.748
98	0.100	428.248	384.720	445.680	435.500	14.833	0.000	-26237771.880	791.476
98	0.200	399.054	372.680	454.380	398.380	12.484	0.000	-27048057.091	824.716
98	0.300	391.539	371.360	439.420	390.160	9.097	0.000	-27900589.113	874.619
98	0.400	394.228	374.120	438.720	392.680	9.707	0.000	-28777333.925	874.189
98	0.500	402.486	380.740	460.040	400.310	12.217	0.000	-29648396.330	861.993
98	0.600	413.475	376.920	480.680	410.320	17.100	0.000	-30498723.909	832.420
98	0.700	421.622	377.480	497.140	418.560	21.193	0.000	-31321443.051	808.941
98	0.800	431.273	377.160	504.000	429.800	25.278	0.000	-32128634.112	800.629
98	0.990	448.476	383.420	538.720	448.200	28.514	0.000	-32951728.462	839.950
99	0.000	244.120	244.120	244.120	244.120	0.000	0.000	-31141.167	0.210
99	0.100	242.278	233.980	259.040	241.610	3.130	0.000	-33397748.275	228.812
99	0.200	247.400	233.700	274.480	244.350	6.755	0.000	-33629760.932	231.838
99	0.300	264.850	239.100	318.580	263.190	13.271	0.000	-33880673.148	267.000
99	0.400	283.986	245.040	328.780	284.750	14.258	0.000	-34148990.848	267.930
99	0.500	290.601	248.160	321.160	291.510	12.199	0.000	-34417343.694	266.305
99	0.600	297.435	258.360	328.860	297.080	11.298	0.000	-34678941.302	254.279
99	0.700	301.415	271.700	341.000	300.690	11.636	0.000	-34930219.664	245.200
99	0.800	307.509	272.040	361.260	306.550	13.952	0.000	-35173317.753	238.797
99	0.990	314.717	277.760	378.420	313.660	15.814	0.000	-35412281.679	236.413
