0	0.000	710.300	710.300	710.300	710.300	0.000	0.000	2887.672	0.403
0	0.100	684.624	634.160	726.640	677.280	28.428	0.000	1827358.595	464.832
0	0.200	696.282	662.220	779.600	691.960	22.157	0.000	1385508.455	413.157
0	0.300	723.014	659.200	786.060	722.040	14.089	0.000	975239.351	404.060
0	0.400	761.142	672.080	831.880	761.600	19.998	0.000	570967.178	401.376
0	0.500	790.706	704.400	851.580	795.050	27.659	0.000	169175.573	398.769
0	0.600	806.552	721.360	883.760	802.900	30.659	0.000	-234628.360	405.762
0	0.700	820.762	745.480	920.680	816.240	27.682	0.000	-648370.662	420.400
0	0.800	844.542	767.260	949.920	841.900	25.445	0.000	-1073063.162	426.470
0	0.990	895.376	804.120	1005.640	897.620	27.525	0.000	-1503576.578	430.141
1	0.000	897.880	897.880	897.880	897.880	0.000	0.000	-892.188	0.612
1	0.100	886.964	800.940	978.540	886.330	26.540	0.000	-2119409.682	794.155
1	0.200	857.185	789.960	947.120	862.930	20.360	0.000	-2852548.939	675.407
1	0.300	873.644	830.440	932.980	877.590	24.749	0.000	-3532578.256	671.668
1	0.400	904.028	792.100	994.760	902.330	25.907	0.000	-4192834.476	646.461
1	0.500	931.378	837.580	1021.680	944.740	37.444	0.000	-4836028.371	638.335
1	0.600	954.309	875.980	1073.280	950.600	40.630	0.000	-5472845.122	631.557
1	0.700	988.778	917.540	1120.620	993.270	37.709	0.000	-6113860.858	647.462
1	0.800	1020.702	928.960	1148.080	1018.510	36.275	0.000	-6768775.903	657.211
1	0.990	1063.553	943.940	1209.460	1065.710	42.591	0.000	-7460726.264	718.911
2	0.000	725.660	725.660	725.660	725.660	0.000	0.000	-6992.326	0.383
2	0.100	742.082	645.680	757.560	747.700	18.129	0.000	-8036785.821	430.629
2	0.200	707.643	657.120	801.300	701.150	22.249	0.000	-8488921.079	470.222
2	0.300	735.453	671.560	831.380	732.040	21.946	0.000	-8951460.346	449.115
2	0.400	760.526	705.140	881.000	767.460	26.912	0.000	-9396010.449	440.730
2	0.500	779.448	698.800	853.200	770.620	25.032	0.000	-9835807.576	434.812
2	0.600	808.585	738.880	877.880	804.880	22.552	0.000	-10271015.276	432.796
2	0.700	843.630	767.040	935.380	845.670	23.734	0.000	-10706970.773	434.245
2	0.800	875.982	789.480	957.720	881.730	29.329	0.000	-11144499.569	438.729
2	0.990	923.618	823.900	1025.660	924.710	38.390	0.000	-11596353.666	461.454
3	0.000	519.160	519.160	519.160	519.160	0.000	0.000	-13864.960	0.143
3	0.100	536.481	523.560	553.160	535.460	8.595	0.000	-11848222.204	137.699
3	0.200	554.518	520.740	598.060	552.350	12.991	0.000	-11998326.661	161.086
3	0.300	570.841	545.980	629.840	569.430	13.668	0.000	-12164606.942	169.169
3	0.400	596.200	582.180	649.980	595.770	12.444	0.000	-12333018.372	165.806
3	0.500	629.184	591.460	682.280	621.830	11.388	0.000	-12499368.680	165.288
3	0.600	660.590	622.340	701.680	657.780	11.358	0.000	-12665639.709	165.183
3	0.700	689.024	647.560	738.700	692.960	13.147	0.000	-12830803.080	163.196
3	0.800	714.689	673.980	772.720	712.340	16.166	0.000	-12994673.098	163.005
3	0.990	761.224	699.440	833.540	759.150	19.014	0.000	-13162121.980	170.611
4	0.000	763.540	763.540	763.540	763.540	0.000	0.000	-11065.939	0.415
4	0.100	735.010	722.720	781.200	733.700	11.429	0.000	-13388862.959	359.169
4	0.200	782.255	745.540	834.080	780.440	10.943	0.000	-13747126.609	356.286
4	0.300	819.768	762.640	870.060	823.280	19.397	0.000	-14104819.883	355.749
4	0.400	844.417	770.400	910.100	841.430	23.553	0.000	-14462892.696	357.961
4	0.500	861.129	771.200	960.960	862.700	29.005	0.000	-14823594.050	361.208
4	0.600	875.897	805.420	962.760	876.000	30.445	0.000	-15189684.512	364.926
4	0.700	892.162	826.780	980.220	889.690	28.635	0.000	-15559769.715	374.456
4	0.800	914.990	852.420	1011.060	911.410	25.355	0.000	-15934970.248	374.307
4	0.990	958.924	874.460	1077.160	959.910	30.280	0.000	-16319788.574	390.419
5	0.000	643.360	643.360	643.360	643.360	0.000	0.000	-14374.606	0.359
5	0.100	681.414	635.700	711.460	680.240	7.719	0.000	-16692439.569	350.843
5	0.200	688.819	650.120	746.180	684.060	18.934	0.000	-17028813.954	319.444
5	0.300	712.180	679.860	767.600	711.230	13.521	0.000	-17346583.691	311.823
5	0.400	744.182	670.980	790.500	744.950	15.036	0.000	-17654052.374	300.254
5	0.500	776.520	700.660	831.360	778.630	20.746	0.000	-17953384.690	295.953
5	0.600	793.374	732.760	884.680	798.310	29.648	0.000	-18253329.431	301.132
5	0.700	808.707	713.980	904.960	803.100	27.955	0.000	-18558869.632	307.566
5	0.800	829.080	727.400	918.340	831.150	28.092	0.000	-18870170.889	312.830
5	0.990	863.772	784.320	954.480	858.380	35.793	0.000	-19194091.031	333.024
6	0.000	689.800	689.800	689.800	689.800	0.000	0.000	-17220.710	0.295
6	0.100	709.261	682.000	754.400	707.930	15.370	0.000	-19511460.480	295.008
6	0.200	759.092	709.700	818.640	755.840	17.322	0.000	-19797646.029	275.397
6	0.300	771.135	703.180	864.100	771.420	24.109	0.000	-20070145.830	268.342
6	0.400	786.838	714.080	879.840	788.060	28.098	0.000	-20338254.621	265.013
6	0.500	811.274	737.380	886.160	810.880	30.088	0.000	-20601196.634	258.564
6	0.600	840.614	761.760	925.340	841.220	31.614	0.000	-20857000.101	250.211
6	0.700	870.796	766.840	976.160	871.980	33.954	0.000	-21106872.735	247.371
6	0.800	891.674	766.380	1021.620	889.620	37.739	0.000	-21356154.796	248.118
6	0.990	920.234	803.200	1052.660	919.240	43.007	0.000	-21611514.728	260.853
7	0.000	733.840	733.840	733.840	733.840	0.000	0.000	-19601.181	0.321
7	0.100	723.461	657.320	787.680	727.020	21.383	0.000	-21936392.129	394.148
7	0.200	741.228	653.640	811.760	738.690	24.773	0.000	-22335072.467	389.450
7	0.300	749.755	679.420	832.740	752.130	27.895	0.000	-22727669.269	388.859
7	0.400	764.070	695.740	848.680	760.930	30.094	0.000	-23108058.824	375.420
7	0.500	779.505	715.480	875.440	775.840	25.183	0.000	-23482794.721	370.687
7	0.600	797.524	739.440	887.860	796.220	21.724	0.000	-23853068.744	366.389
7	0.700	823.425	757.940	911.840	823.220	20.243	0.000	-24213511.207	351.496
7	0.800	850.803	781.380	949.600	850.340	21.576	0.000	-24568714.720	356.929
7	0.990	898.909	812.800	983.200	900.090	27.514	0.000	-24934055.190	370.182
8	0.000	593.380	593.380	593.380	593.380	0.000	0.000	-22978.476	0.276
8	0.100	606.292	577.940	628.400	613.240	12.844	0.000	-25275806.468	310.212
8	0.200	640.080	601.680	677.140	640.380	10.957	0.000	-25569464.998	274.091
8	0.300	653.906	632.700	725.300	651.210	13.678	0.000	-25854002.667	292.031
8	0.400	686.253	672.480	748.120	685.120	8.302	0.000	-26147705.293	293.202
8	0.500	724.755	696.920	774.280	723.260	7.614	0.000	-26442892.682	296.439
8	0.600	760.829	708.860	809.480	762.310	11.575	0.000	-26740123.478	293.007
8	0.700	788.702	712.520	853.260	790.040	19.334	0.000	-27037764.674	300.393
8	0.800	808.081	729.200	888.720	811.420	26.557	0.000	-27349913.053	322.175
8	0.990	843.282	768.460	929.480	840.920	27.787	0.000	-27687852.256	351.766
9	0.000	701.840	701.840	701.840	701.840	0.000	0.000	-25723.748	0.381
9	0.100	684.362	632.140	707.000	692.160	12.295	0.000	-28066970.823	400.584
9	0.200	685.887	602.080	758.040	693.740	22.206	0.000	-28456562.581	376.216
9	0.300	675.927	630.160	758.580	670.640	25.613	0.000	-28831390.069	369.561
9	0.400	690.191	668.260	774.400	686.460	15.553	0.000	-29203866.686	376.333
9	0.500	725.862	699.280	809.180	725.480	13.435	0.000	-29583371.691	376.307
9	0.600	763.975	705.580	857.660	758.510	17.477	0.000	-29961822.660	382.278
9	0.700	798.188	714.100	888.300	797.510	23.992	0.000	-30356874.884	398.859
9	0.800	826.599	743.000	917.460	826.550	30.698	0.000	-30763510.125	410.808
9	0.990	879.049	800.960	1001.420	885.920	34.887	0.000	-31179249.464	419.254
10	0.000	603.400	603.400	603.400	603.400	0.000	0.000	-29247.317	0.279
10	0.100	659.724	572.060	733.500	667.300	22.406	0.000	-31538519.320	298.059
10	0.200	657.985	602.020	745.880	657.570	26.665	0.000	-31859324.099	338.544
10	0.300	668.396	625.140	769.080	662.550	22.364	0.000	-32233982.491	410.245
10	0.400	692.061	651.920	763.160	689.980	13.914	0.000	-32653826.289	426.083
10	0.500	725.154	680.980	777.900	724.790	13.992	0.000	-33080355.742	427.910
10	0.600	755.677	716.200	801.260	755.440	13.945	0.000	-33505764.823	414.349
10	0.700	786.368	740.100	840.800	787.100	15.765	0.000	-33913382.464	401.997
10	0.800	815.792	750.500	866.260	817.450	17.190	0.000	-34311307.821	388.854
10	0.990	868.052	811.920	950.200	868.080	19.531	0.000	-34681125.338	352.812
11	0.000	589.600	589.600	589.600	589.600	0.000	0.000	4291.814	0.230
11	0.100	566.986	546.120	605.200	557.400	15.825	0.000	2013244.496	272.832
11	0.200	599.535	551.880	646.900	599.250	11.584	0.000	1743233.988	263.567
11	0.300	613.907	564.640	687.200	613.710	21.754	0.000	1478121.919	266.395
11	0.400	633.147	586.480	733.760	631.680	16.920	0.000	1209122.656	269.146
11	0.500	659.894	624.120	718.340	656.760	15.376	0.000	939657.661	266.171
11	0.600	685.661	633.620	745.640	686.300	16.003	0.000	676246.680	256.925
11	0.700	712.023	661.120	787.820	710.860	16.282	0.000	421432.656	250.874
11	0.800	740.493	692.340	794.800	738.320	16.069	0.000	169621.250	250.715
11	0.990	795.583	726.420	861.980	797.550	20.081	0.000	-85658.567	256.438
12	0.000	530.900	530.900	530.900	530.900	0.000	0.000	1927.239	0.279
12	0.100	555.963	536.800	614.520	554.710	13.381	0.000	-370248.123	308.855
12	0.200	587.699	556.060	652.880	586.130	11.543	0.000	-681807.646	313.237
12	0.300	618.924	591.500	656.180	619.780	13.887	0.000	-994203.085	306.693
12	0.400	646.644	627.960	689.540	644.510	12.810	0.000	-1291238.764	286.373
12	0.500	679.454	625.900	734.060	677.290	12.445	0.000	-1575980.091	280.833
12	0.600	706.706	649.300	757.840	711.730	20.684	0.000	-1858946.634	282.940
12	0.700	730.258	678.960	791.620	742.500	25.482	0.000	-2145620.350	288.276
12	0.800	761.166	707.200	836.300	769.130	27.060	0.000	-2436800.805	291.031
12	0.990	817.124	759.140	874.360	809.640	26.958	0.000	-2735642.544	304.390
13	0.000	718.980	718.980	718.980	718.980	0.000	0.000	-747.025	0.362
13	0.100	744.269	705.720	810.500	743.520	10.473	0.000	-3119083.283	459.079
13	0.200	798.479	714.940	879.500	791.190	36.809	0.000	-3568526.176	436.806
13	0.300	779.819	700.400	926.160	777.880	34.592	0.000	-3978163.609	379.497
13	0.400	780.479	676.040	889.980	780.730	28.023	0.000	-4347576.427	357.061
13	0.500	797.537	702.300	931.740	795.980	30.585	0.000	-4703152.335	350.141
13	0.600	815.489	730.440	911.080	813.180	35.578	0.000	-5055597.567	351.668
13	0.700	840.620	764.520	943.860	846.310	39.593	0.000	-5410340.641	354.690
13	0.800	865.358	758.440	998.620	865.870	39.865	0.000	-5769469.423	360.467
13	0.990	905.836	816.080	1050.120	901.750	38.397	0.000	-6141039.001	381.521
14	0.000	543.880	543.880	543.880	543.880	0.000	0.000	-4191.737	0.270
14	0.100	585.575	571.060	592.960	584.950	5.128	0.000	-6468683.778	269.343
14	0.200	603.323	543.000	637.440	610.980	21.887	0.000	-6735362.205	261.099
14	0.300	601.959	537.300	675.180	598.110	15.417	0.000	-6998689.351	263.763
14	0.400	617.801	562.780	728.980	622.700	28.497	0.000	-7265557.350	267.527
14	0.500	629.748	594.080	753.680	615.920	27.245	0.000	-7538503.391	276.285
14	0.600	650.213	627.020	744.540	644.080	19.669	0.000	-7818530.172	280.526
14	0.700	679.443	660.860	750.000	674.150	16.210	0.000	-8100309.507	281.017
14	0.800	710.603	690.060	781.900	707.100	13.678	0.000	-8382762.369	280.880
14	0.990	771.884	733.080	845.040	771.260	12.632	0.000	-8663812.529	279.047
15	0.000	756.600	756.600	756.600	756.600	0.000	0.000	-8066.536	0.590
15	0.100	810.781	790.320	848.680	810.180	7.152	0.000	-9183295.981	575.389
15	0.200	866.760	804.120	927.520	871.300	13.033	0.000	-9756280.950	567.036
15	0.300	884.880	787.500	953.700	883.880	32.365	0.000	-10316041.634	548.393
15	0.400	886.132	810.760	978.400	885.340	29.545	0.000	-10867233.012	550.831
15	0.500	905.577	824.540	1003.960	902.250	28.421	0.000	-11420716.462	551.829
15	0.600	931.526	856.080	1025.220	927.460	25.036	0.000	-11969817.222	543.578
15	0.700	961.404	865.540	1062.160	959.310	26.034	0.000	-12513374.392	539.267
15	0.800	985.627	871.100	1095.320	991.550	34.806	0.000	-13058777.829	547.701
15	0.990	1012.289	919.060	1130.620	1006.180	37.768	0.000	-13637055.893	603.620
16	0.000	862.240	862.240	862.240	862.240	0.000	0.000	-13111.009	0.449
16	0.100	829.820	802.260	869.640	830.780	11.163	0.000	-14175033.809	469.859
16	0.200	860.185	755.820	965.380	857.470	34.384	0.000	-14636096.570	451.967
16	0.300	876.857	784.820	1026.440	894.900	47.089	0.000	-15096141.074	462.441
16	0.400	880.951	792.720	1068.540	870.770	35.012	0.000	-15574467.133	490.200
16	0.500	909.825	816.760	1025.640	909.510	22.514	0.000	-16066590.565	489.165
16	0.600	939.892	853.380	1034.040	941.640	25.178	0.000	-16551004.612	477.386
16	0.700	972.317	882.600	1067.660	973.670	27.372	0.000	-17026100.896	469.070
16	0.800	998.882	879.540	1108.940	1000.390	31.030	0.000	-17493505.903	463.288
16	0.990	1032.895	920.000	1155.720	1033.290	39.567	0.000	-17957668.331	460.967
17	0.000	631.540	631.540	631.540	631.540	0.000	0.000	-20225.950	0.157
17	0.100	649.411	607.420	701.080	640.850	19.631	0.000	-18214190.402	147.676
17	0.200	663.288	608.620	714.720	660.780	13.306	0.000	-18369870.362	161.410
17	0.300	687.212	630.040	750.300	690.240	21.912	0.000	-18533685.959	164.594
17	0.400	701.989	638.140	771.340	700.030	22.870	0.000	-18704023.434	174.511
17	0.500	718.995	652.560	791.980	719.690	22.052	0.000	-18880183.174	175.413
17	0.600	731.517	639.520	812.580	732.250	25.858	0.000	-19054252.313	171.120
17	0.700	746.341	673.900	842.700	745.520	27.453	0.000	-19224290.918	166.574
17	0.800	764.486	694.140	852.300	764.260	26.189	0.000	-19389628.933	162.420
17	0.990	803.786	726.520	906.040	801.240	26.145	0.000	-19550218.854	157.019
18	0.000	723.380	723.380	723.380	723.380	0.000	0.000	-17446.989	0.370
18	0.100	715.185	663.100	820.040	710.780	21.097	0.000	-19763372.246	348.207
18	0.200	754.923	670.640	826.780	750.490	25.977	0.000	-20115429.089	353.220
18	0.300	773.128	683.440	858.600	773.590	34.772	0.000	-20475038.496	362.381
18	0.400	769.860	710.440	893.020	766.180	28.452	0.000	-20849323.826	382.906
18	0.500	793.654	740.040	865.920	791.790	21.381	0.000	-21233645.603	382.134
18	0.600	820.296	718.240	897.700	820.810	23.412	0.000	-21612951.896	374.340
18	0.700	840.455	731.760	918.980	844.320	31.448	0.000	-21984969.632	365.656
18	0.800	854.496	755.100	955.600	859.250	38.532	0.000	-22352043.858	365.964
18	0.990	877.938	794.460	982.620	873.230	34.222	0.000	-22722838.247	372.579
19	0.000	615.100	615.100	615.100	615.100	0.000	0.000	-20768.422	0.300
19	0.100	631.356	605.280	672.940	631.400	10.405	0.000	-23054536.692	287.115
19	0.200	655.387	601.620	700.560	656.210	16.856	0.000	-23335452.234	271.059
19	0.300	668.107	599.300	733.800	669.150	24.254	0.000	-23609137.579	273.957
19	0.400	679.959	611.860	753.600	678.000	18.804	0.000	-23886965.144	279.721
19	0.500	705.497	619.440	771.060	706.060	18.586	0.000	-24168163.368	280.279
19	0.600	729.168	629.360	788.180	731.740	22.322	0.000	-24448735.025	278.335
19	0.700	752.666	664.220	816.180	755.590	26.346	0.000	-24727627.171	275.949
19	0.800	771.865	685.320	861.920	776.000	30.667	0.000	-25004080.987	275.077
19	0.990	808.490	740.960	908.520	803.710	34.095	0.000	-25285788.036	290.106
20	0.000	767.820	767.820	767.820	767.820	0.000	0.000	-24696.107	0.552
20	0.100	779.328	729.360	866.440	773.410	23.148	0.000	-25777581.185	508.585
20	0.200	793.221	740.660	866.640	794.580	20.975	0.000	-26296877.033	526.955
20	0.300	820.244	735.500	902.680	818.200	31.894	0.000	-26825972.543	521.786
20	0.400	839.747	773.820	951.840	840.150	29.612	0.000	-27348650.890	520.873
20	0.500	864.093	802.100	969.240	859.900	23.932	0.000	-27869946.482	517.732
20	0.600	893.201	774.320	1000.240	893.780	24.176	0.000	-28388200.483	516.263
20	0.700	918.402	804.900	1024.720	922.300	33.673	0.000	-28902399.280	510.306
20	0.800	941.179	820.580	1067.580	948.350	40.853	0.000	-29425126.226	530.747
20	0.990	978.927	876.440	1120.620	977.360	42.360	0.000	-29978840.620	573.880
21	0.000	716.440	716.440	716.440	716.440	0.000	0.000	4291.813	0.433
21	0.100	748.853	719.060	804.180	746.660	10.113	0.000	1947491.010	404.022
21	0.200	790.370	743.640	837.540	781.930	14.086	0.000	1533756.915	421.221
21	0.300	817.505	725.680	880.440	819.300	21.877	0.000	1122396.033	396.264
21	0.400	841.985	726.720	919.600	846.500	29.807	0.000	732987.852	376.336
21	0.500	846.480	731.480	962.680	843.870	39.971	0.000	347725.306	393.168
21	0.600	848.962	765.800	970.720	847.610	39.137	0.000	-55998.844	415.853
21	0.700	867.414	783.340	981.360	864.200	38.051	0.000	-481112.450	429.695
21	0.800	891.008	812.180	1016.240	888.480	37.215	0.000	-912592.927	427.729
21	0.990	932.520	848.200	1080.540	930.980	34.215	0.000	-1345824.231	437.730
22	0.000	752.280	752.280	752.280	752.280	0.000	0.000	575.861	0.377
22	0.100	725.319	680.440	823.900	726.440	16.417	0.000	-1779169.020	422.539
22	0.200	739.546	643.440	835.040	737.500	28.886	0.000	-2186262.244	394.289
22	0.300	750.468	682.720	852.460	748.990	36.205	0.000	-2588217.322	404.234
22	0.400	764.785	693.180	894.080	758.610	32.830	0.000	-3000947.055	416.987
22	0.500	790.382	733.760	928.800	783.130	29.038	0.000	-3417930.268	415.756
22	0.600	818.167	763.440	936.780	813.190	27.612	0.000	-3823768.648	388.824
22	0.700	849.485	777.020	961.800	843.830	28.608	0.000	-4215021.874	393.481
22	0.800	879.244	796.480	978.240	875.750	27.965	0.000	-4601580.420	374.105
22	0.990	925.300	824.860	1034.600	922.820	34.695	0.000	-4975078.398	371.446
23	0.000	715.200	715.200	715.200	715.200	0.000	0.000	-3019.453	0.419
23	0.100	770.299	688.560	807.840	772.000	16.195	0.000	-5370073.635	414.438
23	0.200	767.141	670.480	863.240	763.810	29.605	0.000	-5773839.874	392.065
23	0.300	777.145	676.380	872.620	780.030	33.583	0.000	-6174579.907	405.589
23	0.400	799.628	681.120	903.220	800.630	33.940	0.000	-6580406.538	401.539
23	0.500	813.498	708.420	930.200	813.130	33.307	0.000	-6980941.680	399.139
23	0.600	823.050	714.540	936.180	822.390	33.476	0.000	-7384046.992	403.184
23	0.700	838.887	737.900	975.540	840.850	35.053	0.000	-7792640.392	408.090
23	0.800	853.696	774.340	982.260	850.030	36.118	0.000	-8205075.014	416.507
23	0.990	892.693	832.020	1000.440	888.840	28.249	0.000	-8628358.968	426.720
24	0.000	588.020	588.020	588.020	588.020	0.000	0.000	-6700.996	0.267
24	0.100	623.193	615.240	671.920	622.960	6.310	0.000	-8969622.588	251.965
24	0.200	665.047	624.560	716.240	666.880	17.543	0.000	-9228250.420	263.067
24	0.300	675.745	615.140	744.400	670.760	18.934	0.000	-9515185.213	309.624
24	0.400	690.302	626.020	742.840	694.990	20.201	0.000	-9839134.324	334.284
24	0.500	708.526	646.740	773.080	704.540	24.360	0.000	-10175617.606	336.610
24	0.600	726.340	667.400	792.180	723.180	24.441	0.000	-10510653.907	331.585
24	0.700	747.728	696.140	826.620	746.000	23.057	0.000	-10839641.134	322.280
24	0.800	775.305	726.540	860.200	770.870	24.393	0.000	-11158990.343	314.678
24	0.990	829.746	756.740	941.280	826.610	24.492	0.000	-11472389.807	309.143
25	0.000	583.160	583.160	583.160	583.160	0.000	0.000	-9486.190	0.241
25	0.100	627.414	594.700	693.440	628.890	11.871	0.000	-11747618.512	239.266
25	0.200	647.782	607.780	691.520	647.520	12.427	0.000	-11981079.726	224.127
25	0.300	672.123	613.800	722.320	675.050	18.641	0.000	-12203430.217	218.424
25	0.400	688.379	624.920	750.560	685.400	19.612	0.000	-12429428.404	231.921
25	0.500	715.615	650.360	765.460	715.670	14.260	0.000	-12665024.559	235.221
25	0.600	745.481	669.900	791.960	746.780	18.230	0.000	-12898788.891	230.548
25	0.700	770.975	699.360	828.500	775.080	24.378	0.000	-13131496.054	232.060
25	0.800	792.411	709.280	858.560	800.980	30.850	0.000	-13366544.505	236.635
25	0.990	830.002	760.740	915.600	826.480	30.466	0.000	-13610811.116	248.509
26	0.000	648.100	648.100	648.100	648.100	0.000	0.000	-11593.901	0.260
26	0.100	669.511	623.500	760.840	665.080	15.896	0.000	-13892759.886	313.505
26	0.200	679.819	607.980	797.500	679.190	28.515	0.000	-14202883.209	303.358
26	0.300	701.777	643.960	826.120	699.250	24.984	0.000	-14505004.693	297.415
26	0.400	726.906	672.780	801.700	725.080	21.695	0.000	-14799486.336	288.982
26	0.500	757.234	686.320	836.100	753.840	22.068	0.000	-15087904.694	285.527
26	0.600	785.527	727.400	864.260	782.780	20.358	0.000	-15372647.314	281.479
26	0.700	814.370	741.920	904.520	814.010	19.339	0.000	-15656156.537	281.904
26	0.800	844.334	760.800	913.880	846.110	21.398	0.000	-15940241.446	283.355
26	0.990	888.947	800.420	1003.680	889.050	28.394	0.000	-16229474.185	293.273
27	0.000	673.600	673.600	673.600	673.600	0.000	0.000	-14235.512	0.220
27	0.100	682.880	642.600	740.340	682.980	20.232	0.000	-16491591.571	227.457
27	0.200	716.759	651.060	764.980	716.880	20.565	0.000	-16722904.072	233.422
27	0.300	735.991	667.260	806.700	738.820	22.780	0.000	-16955311.326	228.283
27	0.400	762.194	700.560	832.020	763.090	23.674	0.000	-17182607.961	224.638
27	0.500	787.332	726.860	864.160	787.180	24.250	0.000	-17409045.784	225.336
27	0.600	806.943	724.060	894.260	806.050	24.216	0.000	-17636456.895	227.383
27	0.700	815.534	727.540	917.020	816.540	30.764	0.000	-17868424.275	234.677
27	0.800	822.764	740.680	955.320	820.500	32.633	0.000	-18108550.802	242.638
27	0.990	853.721	758.460	961.260	850.540	29.066	0.000	-18353244.408	244.450
28	0.000	661.060	661.060	661.060	661.060	0.000	0.000	-16334.645	0.293
28	0.100	679.960	647.100	726.880	676.170	11.325	0.000	-18619779.207	285.415
28	0.200	694.979	643.420	751.160	697.810	19.384	0.000	-18902096.787	276.571
28	0.300	713.377	645.940	786.100	711.520	23.450	0.000	-19180584.372	279.875
28	0.400	721.567	621.200	813.280	721.230	28.299	0.000	-19476542.730	308.110
28	0.500	730.391	646.580	843.960	733.120	32.546	0.000	-19793074.035	320.197
28	0.600	740.679	666.000	834.440	742.060	33.138	0.000	-20115996.190	325.345
28	0.700	758.286	692.200	864.220	756.540	32.443	0.000	-20445139.740	328.564
28	0.800	777.010	723.560	891.520	769.940	31.614	0.000	-20776605.489	330.881
28	0.990	823.176	778.940	937.080	814.630	26.228	0.000	-21110024.148	334.101
29	0.000	561.560	561.560	561.560	561.560	0.000	0.000	-23405.229	0.154
29	0.100	577.198	554.520	598.700	575.110	7.956	0.000	-21395538.758	151.746
29	0.200	591.733	549.960	639.360	593.470	18.134	0.000	-21556756.950	169.443
29	0.300	598.335	571.220	646.720	595.930	14.661	0.000	-21737332.644	189.871
29	0.400	624.486	597.340	672.480	622.220	11.338	0.000	-21927696.577	188.291
29	0.500	656.276	625.760	705.300	652.660	10.642	0.000	-22114632.065	182.937
29	0.600	688.838	646.460	740.600	689.750	13.446	0.000	-22297087.484	180.336
29	0.700	717.276	669.280	765.720	722.090	17.572	0.000	-22479214.561	181.187
29	0.800	743.289	702.380	799.720	743.670	19.917	0.000	-22661356.572	182.169
29	0.990	796.263	753.200	867.180	790.940	19.056	0.000	-22845460.791	183.721
30	0.000	749.700	749.700	749.700	749.700	0.000	0.000	-20755.363	0.309
30	0.100	685.219	626.100	792.320	681.620	34.434	0.000	-23073857.218	354.178
30	0.200	711.513	638.320	792.560	712.060	24.842	0.000	-23426292.521	346.085
30	0.300	732.867	657.900	823.160	732.750	24.970	0.000	-23779012.516	356.093
30	0.400	750.366	685.780	835.380	748.770	22.237	0.000	-24136664.356	356.636
30	0.500	777.183	714.420	857.640	776.500	21.499	0.000	-24491737.148	350.968
30	0.600	803.885	751.760	882.080	802.360	19.429	0.000	-24836944.401	336.790
30	0.700	836.574	785.920	911.560	835.540	18.992	0.000	-25171813.981	329.193
30	0.800	869.925	785.840	938.280	868.400	19.899	0.000	-25502303.238	329.204
30	0.990	921.192	818.720	1000.200	923.330	27.983	0.000	-25845232.548	353.687
31	0.000	523.120	523.120	523.120	523.120	0.000	0.000	23.248	0.105
31	0.100	548.138	525.020	581.740	547.960	9.350	0.000	2053698.609	111.097
31	0.200	571.979	509.300	645.680	572.110	21.998	0.000	1941927.125	111.219
31	0.300	583.660	516.180	653.740	583.770	22.839	0.000	1829158.424	111.915
31	0.400	596.682	534.300	673.800	595.500	22.803	0.000	1714952.290	115.240
31	0.500	612.750	557.000	688.260	611.170	21.642	0.000	1596658.186	119.531
31	0.600	625.666	573.380	695.540	624.550	21.066	0.000	1474668.505	123.545
31	0.700	644.216	596.600	714.780	642.400	20.204	0.000	1349381.100	124.593
31	0.800	664.746	618.680	755.860	662.560	19.171	0.000	1224371.223	123.861
31	0.990	708.646	661.500	795.940	707.260	17.445	0.000	1102106.250	119.388
32	0.000	506.560	506.560	506.560	506.560	0.000	0.000	3224.455	0.194
32	0.100	548.631	530.840	580.920	551.970	6.958	0.000	987161.063	190.913
32	0.200	572.148	530.000	617.400	575.730	17.858	0.000	795601.115	189.440
32	0.300	590.516	562.220	652.340	581.930	21.487	0.000	607542.662	183.776
32	0.400	615.165	587.500	689.260	610.640	14.755	0.000	423646.626	182.017
32	0.500	644.587	591.540	725.020	647.040	12.907	0.000	241885.280	179.763
32	0.600	669.608	601.300	740.740	667.820	14.928	0.000	61871.123	177.659
32	0.700	695.857	618.000	741.600	697.010	18.878	0.000	-117743.610	180.176
32	0.800	717.775	635.840	767.460	723.830	27.248	0.000	-303532.030	188.461
32	0.990	749.566	676.580	831.320	750.550	31.300	0.000	-498519.553	200.198
33	0.000	743.560	743.560	743.560	743.560	0.000	0.000	1542.003	0.434
33	0.100	709.114	683.840	785.640	698.260	16.653	0.000	-791464.341	381.213
33	0.200	742.426	705.980	798.920	741.460	12.959	0.000	-1167837.097	369.127
33	0.300	778.254	684.060	827.080	778.320	17.172	0.000	-1536292.745	364.083
33	0.400	795.705	705.860	882.620	801.740	33.060	0.000	-1899272.866	358.896
33	0.500	806.680	728.840	909.400	807.890	31.074	0.000	-2263013.768	366.346
33	0.600	824.378	739.860	929.780	822.760	31.102	0.000	-2634818.133	372.447
33	0.700	839.461	735.360	952.860	837.670	32.473	0.000	-3004552.353	363.547
33	0.800	854.814	734.240	987.760	852.900	33.840	0.000	-3365921.544	357.122
33	0.990	880.779	781.000	1022.080	879.830	35.666	0.000	-3739589.431	387.300
34	0.000	701.920	701.920	701.920	701.920	0.000	0.000	-1792.412	0.344
34	0.100	692.383	636.280	730.480	687.800	18.020	0.000	-4134228.183	399.828
34	0.200	713.341	671.040	774.440	715.260	17.970	0.000	-4530036.939	388.765
34	0.300	747.150	677.780	813.720	747.010	19.592	0.000	-4921214.213	388.122
34	0.400	775.659	715.760	837.540	774.300	20.009	0.000	-5308063.848	383.399
34	0.500	807.108	725.020	885.820	806.940	20.102	0.000	-5696111.680	390.575
34	0.600	834.284	728.680	912.600	837.410	24.422	0.000	-6088593.824	391.186
34	0.700	851.221	758.420	946.000	850.730	30.058	0.000	-6484938.716	399.823
34	0.800	869.439	769.340	974.520	868.720	30.528	0.000	-6888767.163	405.013
34	0.990	905.733	806.480	993.720	905.240	33.644	0.000	-7295783.937	404.250
35	0.000	755.160	755.160	755.160	755.160	0.000	0.000	-5357.578	0.414
35	0.100	769.052	742.820	819.240	769.460	10.990	0.000	-7735858.088	471.578
35	0.200	799.839	731.920	844.860	803.890	20.280	0.000	-8203735.369	459.948
35	0.300	814.478	724.660	892.320	812.920	32.183	0.000	-8659148.087	449.954
35	0.400	824.708	739.900	946.200	824.000	26.817	0.000	-9117382.518	460.406
35	0.500	851.030	765.640	947.680	850.000	24.758	0.000	-9579786.410	460.657
35	0.600	875.852	797.240	964.100	880.340	28.185	0.000	-10040225.570	460.091
35	0.700	900.089	833.280	994.460	899.100	31.391	0.000	-10516143.842	485.219
35	0.800	922.565	842.240	1008.360	917.190	29.286	0.000	-11017399.063	515.553
35	0.990	970.079	863.280	1082.220	969.550	29.132	0.000	-11540124.189	525.739
36	0.000	870.780	870.780	870.780	870.780	0.000	0.000	-11065.984	0.497
36	0.100	871.864	777.240	910.320	864.550	22.834	0.000	-12141186.978	491.147
36	0.200	885.967	795.940	973.680	887.830	23.681	0.000	-12642001.477	509.711
36	0.300	899.438	760.260	986.380	908.560	44.459	0.000	-13156260.267	514.121
36	0.400	874.891	763.040	1033.160	869.270	48.084	0.000	-13692025.030	557.399
36	0.500	871.251	781.560	985.340	865.900	31.910	0.000	-14266153.323	586.013
36	0.600	890.588	820.980	1021.700	886.890	24.158	0.000	-14848989.794	576.845
36	0.700	919.191	835.340	1008.800	918.130	21.037	0.000	-15420340.060	560.633
36	0.800	948.549	872.660	1023.960	949.260	22.650	0.000	-15979401.471	554.578
36	0.990	994.929	890.600	1099.840	996.640	33.123	0.000	-16542027.536	562.138
37	0.000	628.940	628.940	628.940	628.940	0.000	0.000	-18860.100	0.186
37	0.100	637.810	611.040	685.000	637.620	13.888	0.000	-16875212.563	200.415
37	0.200	674.729	618.820	723.620	674.720	20.724	0.000	-17070031.570	189.647
37	0.300	697.838	623.820	756.920	699.060	21.711	0.000	-17262787.324	192.155
37	0.400	718.515	642.180	780.860	719.550	24.075	0.000	-17452094.519	185.294
37	0.500	731.069	650.600	822.000	730.400	27.419	0.000	-17636159.085	180.814
37	0.600	742.783	670.960	831.320	741.320	26.044	0.000	-17817254.493	179.687
37	0.700	763.145	695.620	855.240	762.560	26.406	0.000	-17997683.528	178.925
37	0.800	784.158	713.340	888.960	784.230	26.367	0.000	-18178021.469	179.720
37	0.990	825.672	752.760	922.220	825.130	26.369	0.000	-18359135.771	181.117
38	0.000	937.240	937.240	937.240	937.240	0.000	0.000	-20432.617	0.956
38	0.100	1061.067	959.760	1150.420	1079.690	37.961	0.000	-18857191.612	979.289
38	0.200	1090.079	937.720	1218.020	1084.720	60.076	0.000	-19819981.646	935.840
38	0.300	1123.106	990.340	1263.980	1121.250	63.488	0.000	-20746227.795	915.784
38	0.400	1122.038	984.120	1334.980	1108.530	68.789	0.000	-21681683.036	944.712
38	0.500	1117.095	981.100	1319.080	1092.340	55.983	0.000	-22670083.881	1031.715
38	0.600	1141.088	995.420	1289.440	1132.610	56.049	0.000	-23699461.940	1030.667
38	0.700	1160.645	1006.360	1355.320	1150.450	58.497	0.000	-24719303.088	995.961
38	0.800	1181.670	1036.200	1386.640	1176.170	54.937	0.000	-25722554.493	1003.363
38	0.990	1229.164	1089.300	1427.860	1229.060	51.483	0.000	-26716444.872	980.692
39	0.000	608.900	608.900	608.900	608.900	0.000	0.000	-29377.767	0.182
39	0.100	626.436	602.700	682.840	626.260	9.866	0.000	-27381277.853	178.406
39	0.200	659.455	611.600	711.880	659.030	14.720	0.000	-27561758.993	180.701
39	0.300	668.630	593.840	738.780	669.120	19.653	0.000	-27743880.715	180.789
39	0.400	676.029	585.040	770.920	675.710	29.011	0.000	-27933624.707	195.783
39	0.500	685.480	612.260	779.820	684.250	27.458	0.000	-28138172.306	211.680
39	0.600	697.262	622.420	806.400	696.790	26.777	0.000	-28348564.756	207.941
39	0.700	714.926	643.180	838.280	714.970	26.668	0.000	-28554009.834	199.842
39	0.800	733.186	668.280	838.620	731.630	27.625	0.000	-28751961.236	193.406
39	0.990	774.482	697.240	882.880	771.700	28.337	0.000	-28943932.736	188.556
40	0.000	751.860	751.860	751.860	751.860	0.000	0.000	-28260.470	0.411
40	0.100	738.290	720.340	771.760	734.180	7.961	0.000	-29353124.158	531.668
40	0.200	783.723	655.760	819.580	788.320	21.447	0.000	-29883149.267	522.013
40	0.300	731.993	647.940	864.220	726.260	49.959	0.000	-30390866.274	488.736
40	0.400	730.446	690.620	883.600	719.450	34.699	0.000	-30865319.217	456.926
40	0.500	759.308	707.480	849.340	744.130	29.225	0.000	-31318149.115	444.188
40	0.600	791.137	768.960	899.760	784.880	20.428	0.000	-31755388.260	427.151
40	0.700	828.500	782.540	943.740	822.460	16.318	0.000	-32182143.264	422.867
40	0.800	867.635	816.920	961.900	864.430	14.683	0.000	-32611190.385	433.242
40	0.990	932.742	837.540	1022.200	938.080	23.521	0.000	-33058581.424	454.695
41	0.000	638.460	638.460	638.460	638.460	0.000	0.000	4291.813	0.260
41	0.100	613.825	607.140	662.800	609.000	8.630	0.000	2016993.966	265.236
41	0.200	653.470	637.220	701.160	655.560	5.550	0.000	1747619.782	271.636
41	0.300	692.597	653.260	715.800	692.080	8.142	0.000	1477177.240	265.503
41	0.400	716.222	666.820	761.560	713.500	17.954	0.000	1183167.860	322.885
41	0.500	737.035	692.820	793.300	736.340	17.217	0.000	846523.225	347.509
41	0.600	761.689	710.780	824.220	762.230	17.892	0.000	498921.971	341.225
41	0.700	786.629	702.040	851.440	786.090	21.030	0.000	166528.089	323.571
41	0.800	808.984	717.320	890.340	811.500	24.180	0.000	-154859.221	314.793
41	0.990	842.521	764.420	938.660	842.530	31.602	0.000	-462751.244	297.859
42	0.000	712.000	712.000	712.000	712.000	0.000	0.000	125.480	0.449
42	0.100	722.011	685.340	809.640	715.100	18.026	0.000	-963312.353	519.353
42	0.200	737.006	673.920	827.500	736.650	22.386	0.000	-1475594.618	506.404
42	0.300	753.378	687.860	829.740	752.870	25.988	0.000	-1974510.396	483.875
42	0.400	766.085	714.400	840.980	760.550	21.627	0.000	-2450204.857	465.719
42	0.500	796.302	737.500	866.800	793.720	18.154	0.000	-2914082.175	456.456
42	0.600	823.924	740.300	896.420	827.190	22.365	0.000	-3369993.615	452.525
42	0.700	847.719	754.200	940.320	854.990	31.960	0.000	-3823652.062	451.948
42	0.800	866.857	770.480	975.420	862.960	38.588	0.000	-4283385.171	466.397
42	0.990	910.589	817.240	1040.100	903.040	38.396	0.000	-4773049.577	504.084
43	0.000	681.380	681.380	681.380	681.380	0.000	0.000	-2792.959	0.418
43	0.100	666.175	631.880	735.420	663.920	17.056	0.000	-5116180.024	359.470
43	0.200	703.583	632.480	773.240	707.400	16.806	0.000	-5469270.107	344.878
43	0.300	729.762	640.420	800.260	732.950	25.074	0.000	-5824406.807	362.621
43	0.400	729.050	645.900	820.760	729.330	28.482	0.000	-6206409.778	398.443
43	0.500	733.697	662.600	834.220	735.420	30.434	0.000	-6618357.339	422.458
43	0.600	740.314	690.840	830.240	734.110	27.283	0.000	-7052253.463	441.448
43	0.700	760.288	721.180	864.760	755.930	21.220	0.000	-7496556.757	445.661
43	0.800	786.553	745.660	892.920	784.070	18.970	0.000	-7942552.250	444.254
43	0.990	840.306	786.360	927.660	837.960	19.902	0.000	-8378621.701	421.278
44	0.000	539.020	539.020	539.020	539.020	0.000	0.000	-10715.392	0.196
44	0.100	572.187	547.760	624.520	573.850	10.714	0.000	-8728385.924	196.768
44	0.200	596.856	545.840	642.860	597.930	17.578	0.000	-8928534.990	201.400
44	0.300	602.545	567.060	666.520	600.440	16.112	0.000	-9144373.760	228.059
44	0.400	627.596	593.480	674.020	626.740	13.339	0.000	-9371996.969	225.888
44	0.500	652.022	611.980	700.600	651.830	14.422	0.000	-9595706.652	218.467
44	0.600	676.459	620.920	724.800	675.430	15.306	0.000	-9811958.488	212.072
44	0.700	702.144	642.080	764.920	701.180	16.309	0.000	-10022290.164	207.128
44	0.800	727.150	671.180	782.380	727.020	18.221	0.000	-10230807.595	207.111
44	0.990	771.873	700.240	842.720	771.800	21.521	0.000	-10437619.915	203.935
45	0.000	682.300	682.300	682.300	682.300	0.000	0.000	-9761.790	0.358
45	0.100	687.797	636.640	790.360	684.800	13.231	0.000	-10828556.008	479.134
45	0.200	710.555	651.400	775.940	713.010	24.797	0.000	-11305576.896	469.672
45	0.300	726.858	677.560	797.780	723.440	22.469	0.000	-11775840.401	466.268
45	0.400	761.954	667.600	825.460	754.190	22.767	0.000	-12240226.334	459.338
45	0.500	791.242	696.840	867.560	795.420	27.881	0.000	-12698464.950	451.872
45	0.600	812.368	713.460	896.780	826.640	37.125	0.000	-13148790.369	446.728
45	0.700	830.891	741.300	942.240	822.640	41.306	0.000	-13596570.581	447.736
45	0.800	854.384	772.380	990.900	845.080	40.310	0.000	-14049302.497	450.919
45	0.990	896.332	818.880	1017.880	889.560	34.793	0.000	-14502034.455	456.070
46	0.000	568.720	568.720	568.720	568.720	0.000	0.000	-12500.923	0.254
46	0.100	578.558	557.160	603.760	577.790	12.693	0.000	-14764254.832	242.075
46	0.200	614.322	538.800	650.940	614.900	12.205	0.000	-15004928.250	236.369
46	0.300	639.243	559.300	693.820	645.630	24.972	0.000	-15250062.870	250.961
46	0.400	642.548	589.320	720.940	644.400	25.676	0.000	-15527781.806	301.146
46	0.500	660.013	607.880	725.340	655.750	25.388	0.000	-15842233.634	325.477
46	0.600	677.465	637.520	758.680	670.800	21.946	0.000	-16169025.210	326.885
46	0.700	699.292	645.200	791.280	698.930	20.129	0.000	-16489968.359	313.549
46	0.800	722.269	678.720	813.780	719.400	20.655	0.000	-16800104.619	303.090
46	0.990	768.872	733.240	864.480	763.620	19.806	0.000	-17094468.150	282.640
47	0.000	772.360	772.360	772.360	772.360	0.000	0.000	-16499.158	0.827
47	0.100	836.696	785.020	921.320	837.780	22.010	0.000	-17739284.671	824.166
47	0.200	847.302	725.380	966.580	850.860	34.563	0.000	-18500615.968	694.104
47	0.300	824.271	712.860	944.960	821.790	34.328	0.000	-19151291.300	602.199
47	0.400	832.198	738.660	948.880	833.960	31.782	0.000	-19750714.061	590.569
47	0.500	859.390	773.260	951.980	862.240	31.853	0.000	-20332772.027	571.879
47	0.600	884.241	790.140	983.780	884.430	32.441	0.000	-20913897.494	586.102
47	0.700	900.784	817.980	1023.140	899.850	31.610	0.000	-21522631.062	626.789
47	0.800	914.847	832.180	1015.880	913.560	31.242	0.000	-22175367.604	679.711
47	0.990	953.642	844.340	1052.800	952.700	31.638	0.000	-22880492.148	719.728
48	0.000	710.960	710.960	710.960	710.960	0.000	0.000	-21007.936	0.390
48	0.100	701.820	660.600	754.900	708.530	16.248	0.000	-23373790.235	446.637
48	0.200	734.852	672.200	796.900	731.230	18.733	0.000	-23820393.024	443.106
48	0.300	764.204	692.900	849.700	765.580	27.692	0.000	-24277285.373	468.419
48	0.400	773.754	722.400	871.960	770.460	25.075	0.000	-24758475.117	490.175
48	0.500	799.893	745.380	885.220	796.220	23.588	0.000	-25247909.739	486.364
48	0.600	827.620	774.960	914.000	823.740	20.617	0.000	-25735665.391	483.425
48	0.700	857.029	749.100	949.420	857.130	21.274	0.000	-26215021.363	474.361
48	0.800	885.964	787.640	965.620	888.590	26.559	0.000	-26690564.622	471.387
48	0.990	925.941	825.880	1035.040	926.060	34.460	0.000	-27174153.521	492.189
49	0.000	701.260	701.260	701.260	701.260	0.000	0.000	-25279.084	0.315
49	0.100	736.199	681.960	768.040	739.080	17.671	0.000	-27576074.370	310.731
49	0.200	725.156	653.780	798.920	725.970	23.651	0.000	-27878713.843	288.709
49	0.300	741.857	680.620	811.120	742.820	21.878	0.000	-28166794.930	287.427
49	0.400	762.102	685.500	851.820	759.690	23.937	0.000	-28459163.592	291.886
49	0.500	785.097	719.040	866.420	782.570	24.798	0.000	-28753895.809	297.826
49	0.600	805.419	729.660	893.140	804.630	25.681	0.000	-29054786.541	299.780
49	0.700	827.858	721.600	930.280	826.410	25.598	0.000	-29352568.912	293.910
49	0.800	849.027	740.340	922.180	849.580	28.414	0.000	-29644528.774	285.065
49	0.990	879.802	778.760	970.400	882.260	36.017	0.000	-29936438.233	296.910
50	0.000	642.720	642.720	642.720	642.720	0.000	0.000	-27944.013	0.376
50	0.100	670.559	597.220	727.380	675.290	20.084	0.000	-30280331.056	387.253
50	0.200	656.071	616.000	751.280	645.220	26.093	0.000	-30690286.077	432.411
50	0.300	672.672	629.800	745.300	669.960	18.643	0.000	-31110812.443	404.274
50	0.400	687.801	648.840	760.140	682.590	16.968	0.000	-31526202.614	422.196
50	0.500	716.588	674.940	784.460	714.710	12.652	0.000	-31951925.562	427.488
50	0.600	749.146	707.860	808.320	749.930	12.815	0.000	-32388306.514	444.720
50	0.700	780.362	723.880	835.420	784.130	16.671	0.000	-32836061.313	442.102
50	0.800	806.494	737.440	866.180	809.160	22.302	0.000	-33279298.410	443.060
50	0.990	844.544	790.840	917.820	844.100	23.084	0.000	-33733546.897	460.119
51	0.000	600.440	600.440	600.440	600.440	0.000	0.000	4291.812	0.240
51	0.100	662.078	618.080	700.940	671.980	14.232	0.000	2023709.462	251.819
51	0.200	681.472	632.860	723.700	680.330	11.132	0.000	1775393.820	242.110
51	0.300	703.290	636.960	745.480	705.160	18.796	0.000	1529103.761	248.217
51	0.400	714.755	659.580	790.300	714.790	23.671	0.000	1278205.783	250.016
51	0.500	732.597	674.740	814.720	731.990	21.460	0.000	1030707.456	243.379
51	0.600	757.158	711.640	819.680	753.910	17.534	0.000	788932.636	237.405
51	0.700	787.135	709.760	854.200	785.910	18.178	0.000	552185.747	233.840
51	0.800	810.552	715.760	887.720	812.360	25.055	0.000	313599.865	240.094
51	0.990	834.105	754.860	957.780	830.180	33.272	0.000	60990.852	264.343
52	0.000	884.700	884.700	884.700	884.700	0.000	0.000	664.841	0.458
52	0.100	880.294	823.560	985.760	878.320	17.306	0.000	-498167.374	667.902
52	0.200	880.480	813.260	945.220	881.770	32.171	0.000	-1132625.705	596.235
52	0.300	887.648	823.540	994.760	886.580	23.520	0.000	-1691017.943	517.403
52	0.400	910.383	802.580	983.360	910.950	26.616	0.000	-2204235.861	507.070
52	0.500	927.409	819.860	1051.180	932.610	40.111	0.000	-2710758.625	501.024
52	0.600	932.501	833.100	1058.480	925.950	40.385	0.000	-3208663.570	490.571
52	0.700	948.255	869.280	1087.960	943.050	32.998	0.000	-3702908.824	496.545
52	0.800	971.544	866.120	1101.960	970.280	30.393	0.000	-4196568.344	485.780
52	0.990	1008.215	854.060	1126.320	1009.270	41.578	0.000	-4705057.308	525.707
53	0.000	693.460	693.460	693.460	693.460	0.000	0.000	-2736.215	0.421
53	0.100	724.754	691.360	791.040	724.580	13.866	0.000	-5076472.010	393.787
53	0.200	761.342	723.940	840.140	760.950	13.628	0.000	-5463334.595	378.437
53	0.300	794.797	723.860	871.380	797.120	21.263	0.000	-5843191.128	379.552
53	0.400	810.734	721.000	941.380	807.820	28.887	0.000	-6228064.174	384.005
53	0.500	842.345	750.740	939.620	840.370	26.158	0.000	-6608978.158	376.059
53	0.600	866.932	773.740	955.520	869.770	29.241	0.000	-6977823.687	361.274
53	0.700	888.353	779.740	981.480	893.010	34.417	0.000	-7339808.652	355.397
53	0.800	907.063	808.520	1012.960	905.540	37.754	0.000	-7693448.589	352.907
53	0.990	935.811	847.600	1079.600	935.740	40.471	0.000	-8062865.883	379.374
54	0.000	635.340	635.340	635.340	635.340	0.000	0.000	-6111.500	0.275
54	0.100	656.572	605.300	693.080	659.280	11.981	0.000	-8401839.330	295.182
54	0.200	691.120	636.280	737.740	689.640	15.355	0.000	-8695638.863	290.128
54	0.300	695.233	602.580	787.760	692.850	32.042	0.000	-8994362.935	304.948
54	0.400	690.562	628.600	813.580	690.680	32.486	0.000	-9318207.907	341.178
54	0.500	704.265	664.200	795.240	695.000	25.542	0.000	-9667696.934	354.285
54	0.600	731.312	678.760	837.300	730.570	22.104	0.000	-10021841.544	352.611
54	0.700	758.943	704.440	853.700	758.020	20.575	0.000	-10377292.307	355.978
54	0.800	785.814	718.000	866.940	782.940	22.889	0.000	-10732678.508	348.847
54	0.990	830.456	767.320	929.220	828.440	23.137	0.000	-11074486.079	334.784
55	0.000	707.900	707.900	707.900	707.900	0.000	0.000	-10506.215	0.382
55	0.100	722.139	696.100	742.880	719.660	6.918	0.000	-11573999.765	477.667
55	0.200	749.721	681.440	837.160	753.520	24.486	0.000	-12047961.509	467.490
55	0.300	748.573	669.700	839.100	747.570	29.027	0.000	-12505399.513	445.000
55	0.400	754.138	681.680	839.520	750.580	25.382	0.000	-12952209.742	440.170
55	0.500	776.287	682.080	876.260	774.980	23.022	0.000	-13383678.124	422.329
55	0.600	797.803	704.420	883.560	801.940	28.911	0.000	-13800592.324	408.796
55	0.700	818.204	720.160	899.240	825.440	34.616	0.000	-14209359.560	404.890
55	0.800	835.985	755.340	945.860	840.630	36.496	0.000	-14612438.671	399.698
55	0.990	875.044	797.020	1000.580	869.420	37.402	0.000	-15023382.862	418.813
56	0.000	734.500	734.500	734.500	734.500	0.000	0.000	-14406.578	0.675
56	0.100	767.603	741.900	801.480	768.270	12.302	0.000	-15571182.523	671.947
56	0.200	815.177	773.700	859.700	815.640	13.690	0.000	-16239180.379	661.519
56	0.300	838.839	743.820	901.740	841.340	25.064	0.000	-16880708.821	615.491
56	0.400	842.997	765.380	939.200	848.460	39.515	0.000	-17491425.078	602.332
56	0.500	851.634	747.340	975.040	839.800	36.549	0.000	-18103270.039	620.484
56	0.600	859.019	718.800	1010.960	864.750	34.570	0.000	-18737882.017	646.811
56	0.700	866.951	752.340	998.560	867.120	44.504	0.000	-19386040.867	640.085
56	0.800	871.334	776.940	1012.540	868.540	46.081	0.000	-20041114.380	668.362
56	0.990	902.642	839.460	1031.860	893.820	36.334	0.000	-20730258.871	701.180
57	0.000	731.640	731.640	731.640	731.640	0.000	0.000	-18848.618	0.381
57	0.100	637.925	615.020	715.680	633.260	12.625	0.000	-21193312.530	405.569
57	0.200	671.465	635.200	711.980	670.620	11.912	0.000	-21599723.941	401.737
57	0.300	705.628	644.540	746.300	705.750	16.561	0.000	-21999380.587	394.660
57	0.400	727.193	637.940	783.800	732.420	23.552	0.000	-22395949.776	396.361
57	0.500	752.237	672.420	820.120	749.830	23.130	0.000	-22795731.864	397.736
57	0.600	778.227	695.320	854.480	778.700	24.274	0.000	-23191168.657	390.769
57	0.700	803.543	711.180	890.780	809.330	29.249	0.000	-23579973.015	385.290
57	0.800	825.103	715.360	906.480	831.550	34.245	0.000	-23964120.430	381.015
57	0.990	858.613	751.760	967.060	856.400	42.039	0.000	-24356185.726	397.705
58	0.000	803.520	803.520	803.520	803.520	0.000	0.000	-23818.168	0.665
58	0.100	779.782	705.340	856.360	766.040	42.780	0.000	-25026067.058	758.175
58	0.200	794.691	724.380	913.560	787.890	33.162	0.000	-25760627.212	708.216
58	0.300	806.417	744.480	925.240	812.170	30.421	0.000	-26451023.706	662.749
58	0.400	833.691	771.740	973.760	826.450	31.717	0.000	-27121594.973	677.220
58	0.500	863.455	798.200	970.320	859.740	29.519	0.000	-27796299.308	674.705
58	0.600	889.308	839.560	1004.940	883.740	28.336	0.000	-28461932.235	646.592
58	0.700	924.289	861.320	1022.800	921.570	26.544	0.000	-29109525.598	650.789
58	0.800	960.367	845.820	1068.580	963.090	28.883	0.000	-29773003.204	665.909
58	0.990	1015.372	907.300	1131.300	1017.920	40.392	0.000	-30458680.932	705.743
59	0.000	723.740	723.740	723.740	723.740	0.000	0.000	-28582.015	0.322
59	0.100	731.411	709.700	787.280	732.860	13.286	0.000	-30875177.522	301.011
59	0.200	771.774	699.660	827.160	771.960	16.472	0.000	-31174239.224	295.717
59	0.300	796.711	710.000	875.400	800.990	24.096	0.000	-31471138.659	291.959
59	0.400	819.991	723.080	888.120	820.580	30.979	0.000	-31760410.036	286.524
59	0.500	840.411	757.280	924.060	841.390	34.980	0.000	-32052725.382	295.981
59	0.600	852.870	758.460	972.620	848.690	35.012	0.000	-32355337.076	303.757
59	0.700	871.408	764.640	997.500	870.180	32.060	0.000	-32657224.326	297.294
59	0.800	892.989	783.720	1036.040	895.370	31.194	0.000	-32957694.043	302.700
59	0.990	929.840	825.480	1047.760	931.920	39.512	0.000	-33265428.158	310.431
60	0.000	793.700	793.700	793.700	793.700	0.000	0.000	-32684.558	0.481
60	0.100	726.943	656.420	855.120	718.920	39.358	0.000	-33811553.275	594.943
60	0.200	731.394	686.740	886.720	724.670	37.460	0.000	-34387363.909	554.388
60	0.300	759.599	723.840	839.680	751.860	18.786	0.000	-34935030.971	538.046
60	0.400	793.537	727.780	855.940	795.490	18.012	0.000	-35466949.001	523.933
60	0.500	825.782	748.540	903.620	827.050	25.754	0.000	-35989129.545	512.470
60	0.600	848.940	741.680	944.900	849.240	29.579	0.000	-36502013.355	508.980
60	0.700	874.667	781.460	959.140	869.320	28.983	0.000	-37007124.366	502.550
60	0.800	900.044	793.840	992.460	903.290	33.151	0.000	-37524365.106	524.759
60	0.990	947.771	851.340	1042.360	953.290	41.470	0.000	-38068207.334	558.825
61	0.000	578.880	578.880	578.880	578.880	0.000	0.000	23.247	0.175
61	0.100	582.225	553.320	618.680	582.640	6.756	0.000	2022701.503	172.876
61	0.200	608.208	551.680	651.540	607.450	16.348	0.000	1848928.295	171.631
61	0.300	616.496	566.580	676.500	616.790	18.875	0.000	1671626.463	182.261
61	0.400	644.508	592.880	714.440	644.010	20.329	0.000	1488274.486	181.699
61	0.500	669.144	585.640	739.000	670.190	22.191	0.000	1307184.749	177.828
61	0.600	684.499	604.500	752.440	687.290	27.871	0.000	1128324.869	178.791
61	0.700	696.950	630.160	788.400	697.930	32.182	0.000	945397.454	184.250
61	0.800	712.959	662.480	816.560	708.230	30.641	0.000	758219.687	188.567
61	0.990	754.720	706.460	855.780	747.300	25.505	0.000	566960.500	191.711
62	0.000	633.800	633.800	633.800	633.800	0.000	0.000	2652.884	0.257
62	0.100	607.453	585.360	667.700	607.920	8.524	0.000	392998.565	234.964
62	0.200	642.223	598.280	681.480	644.080	12.120	0.000	159442.223	230.530
62	0.300	662.563	607.540	720.740	661.780	16.188	0.000	-70778.180	226.944
62	0.400	682.094	614.880	737.260	686.520	20.034	0.000	-303295.442	234.895
62	0.500	693.721	641.860	776.640	692.000	22.616	0.000	-549901.725	256.129
62	0.600	707.679	663.460	779.080	704.430	16.696	0.000	-820890.177	284.201
62	0.700	733.693	692.740	828.120	733.440	14.496	0.000	-1107185.000	283.486
62	0.800	762.542	705.000	844.180	760.790	14.882	0.000	-1388438.724	279.084
62	0.990	816.279	748.420	874.160	816.170	16.243	0.000	-1664650.316	271.394
63	0.000	675.600	675.600	675.600	675.600	0.000	0.000	339.843	0.248
63	0.100	670.429	632.300	742.740	666.860	18.238	0.000	-1927433.114	248.596
63	0.200	702.777	641.360	753.920	703.040	19.348	0.000	-2172916.069	241.145
63	0.300	713.135	632.340	789.480	713.420	27.286	0.000	-2430524.448	272.999
63	0.400	713.089	642.520	818.540	712.710	27.300	0.000	-2708184.013	278.700
63	0.500	727.787	645.400	814.340	725.880	27.977	0.000	-2983952.897	270.786
63	0.600	740.200	660.600	858.160	739.470	29.736	0.000	-3250753.276	259.168
63	0.700	759.001	684.360	856.500	756.640	29.113	0.000	-3506588.668	250.385
63	0.800	780.121	711.480	877.000	778.560	27.088	0.000	-3757372.361	249.768
63	0.990	820.149	732.080	927.240	819.970	29.340	0.000	-4006642.730	245.765
64	0.000	664.880	664.880	664.880	664.880	0.000	0.000	-1988.928	0.305
64	0.100	682.157	624.120	734.200	678.580	16.549	0.000	-4279507.417	295.051
64	0.200	688.686	625.300	797.060	698.450	34.677	0.000	-4576852.284	298.566
64	0.300	698.295	639.240	803.720	692.350	27.520	0.000	-4884515.118	311.222
64	0.400	717.526	655.120	795.640	714.890	23.021	0.000	-5210305.237	339.241
64	0.500	746.545	654.920	809.960	747.490	19.894	0.000	-5541533.142	320.161
64	0.600	768.219	682.860	835.880	769.910	22.694	0.000	-5855067.754	306.145
64	0.700	791.123	708.960	874.760	791.400	25.445	0.000	-6160287.025	301.006
64	0.800	813.487	714.040	889.540	814.770	26.835	0.000	-6464255.549	301.491
64	0.990	851.595	779.480	956.900	849.020	30.617	0.000	-6776491.361	322.714
65	0.000	606.240	606.240	606.240	606.240	0.000	0.000	-4797.630	0.233
65	0.100	596.788	563.260	631.260	594.010	10.693	0.000	-7064555.139	248.804
65	0.200	619.280	572.180	663.460	619.440	20.546	0.000	-7319300.892	258.886
65	0.300	624.073	579.460	706.620	618.180	16.090	0.000	-7579864.960	259.087
65	0.400	650.802	576.280	719.760	653.750	16.255	0.000	-7835271.123	249.958
65	0.500	675.667	609.140	745.260	676.180	20.598	0.000	-8082496.799	240.980
65	0.600	696.390	633.320	787.360	701.370	23.598	0.000	-8324510.097	240.874
65	0.700	721.268	665.320	800.280	720.880	24.541	0.000	-8568504.850	243.847
65	0.800	749.536	696.700	807.980	754.830	24.495	0.000	-8814311.177	245.935
65	0.990	804.173	754.800	888.980	798.660	26.617	0.000	-9070157.353	261.972
66	0.000	556.640	556.640	556.640	556.640	0.000	0.000	-7059.632	0.245
66	0.100	571.221	559.000	601.980	569.100	5.749	0.000	-9334110.969	263.790
66	0.200	607.001	588.560	643.860	605.860	5.830	0.000	-9597064.089	258.145
66	0.300	636.924	586.320	668.880	638.940	15.050	0.000	-9857006.610	262.570
66	0.400	666.478	591.020	721.720	668.380	18.304	0.000	-10117859.643	254.002
66	0.500	691.737	620.300	755.680	691.840	22.945	0.000	-10367415.767	244.181
66	0.600	705.499	648.960	783.500	707.570	27.625	0.000	-10619716.062	257.889
66	0.700	723.472	684.500	817.080	721.760	23.267	0.000	-10887613.708	275.814
66	0.800	749.809	711.000	858.860	745.620	19.812	0.000	-11166632.087	279.778
66	0.990	807.366	763.260	892.360	806.070	17.562	0.000	-11445312.173	274.685
67	0.000	1039.680	1039.680	1039.680	1039.680	0.000	0.000	-13606.311	0.654
67	0.100	1051.042	1016.260	1134.940	1047.540	18.518	0.000	-11933265.074	780.513
67	0.200	1098.804	912.400	1204.880	1108.150	35.382	0.000	-12719705.718	794.593
67	0.300	1077.723	926.780	1289.360	1071.750	64.615	0.000	-13519238.342	792.060
67	0.400	1047.591	899.240	1276.040	1037.880	57.174	0.000	-14332499.085	833.662
67	0.500	1050.920	962.980	1220.060	1048.000	32.741	0.000	-15172818.562	844.679
67	0.600	1073.323	968.620	1190.120	1076.340	35.905	0.000	-16006528.440	813.962
67	0.700	1099.712	984.480	1214.960	1098.530	42.183	0.000	-16800697.801	770.427
67	0.800	1124.482	1005.040	1297.040	1116.120	45.730	0.000	-17557928.615	741.089
67	0.990	1166.597	999.480	1359.600	1165.180	49.391	0.000	-18303378.490	748.267
68	0.000	680.040	680.040	680.040	680.040	0.000	0.000	-16581.844	0.320
68	0.100	702.813	649.700	756.060	700.140	15.900	0.000	-18875464.717	301.494
68	0.200	728.574	658.440	786.120	727.080	14.666	0.000	-19170655.699	287.424
68	0.300	764.063	705.640	831.900	769.470	19.453	0.000	-19456425.752	281.710
68	0.400	781.552	684.080	862.000	780.190	27.492	0.000	-19748147.910	298.110
68	0.500	797.367	724.260	886.720	797.420	29.858	0.000	-20053898.287	311.045
68	0.600	809.569	703.500	900.560	805.690	29.297	0.000	-20370632.156	320.864
68	0.700	823.146	712.980	939.540	824.180	30.503	0.000	-20690888.489	316.353
68	0.800	840.833	747.620	956.460	843.380	32.727	0.000	-21009906.461	318.639
68	0.990	874.205	797.440	986.500	871.330	33.897	0.000	-21333169.268	327.178
69	0.000	578.060	578.060	578.060	578.060	0.000	0.000	-23625.786	0.176
69	0.100	586.163	556.180	623.340	591.900	14.945	0.000	-21619080.879	157.459
69	0.200	607.637	561.060	650.740	609.840	14.045	0.000	-21779450.122	161.262
69	0.300	620.281	583.860	678.020	619.720	14.606	0.000	-21965454.535	210.714
69	0.400	653.231	606.480	715.220	653.100	14.941	0.000	-22180069.607	213.772
69	0.500	680.042	620.400	744.420	680.650	18.552	0.000	-22389163.993	203.376
69	0.600	699.139	636.820	766.280	701.100	21.248	0.000	-22589751.004	195.628
69	0.700	719.964	666.760	800.640	720.220	21.235	0.000	-22786132.074	195.021
69	0.800	742.642	697.980	806.160	741.730	19.865	0.000	-22981674.109	194.725
69	0.990	793.784	738.060	846.660	792.800	18.759	0.000	-23177169.878	192.874
70	0.000	678.980	678.980	678.980	678.980	0.000	0.000	-21091.598	0.397
70	0.100	714.976	677.700	762.760	714.710	13.750	0.000	-23418078.290	366.918
70	0.200	746.061	685.800	802.540	749.050	22.528	0.000	-23774733.365	343.055
70	0.300	749.826	673.140	819.640	746.940	22.641	0.000	-24106944.855	319.595
70	0.400	757.478	670.240	845.380	760.590	29.025	0.000	-24427066.997	318.853
70	0.500	768.979	685.760	849.320	770.320	31.107	0.000	-24753025.649	328.482
70	0.600	777.137	688.660	873.840	776.060	32.683	0.000	-25089621.013	345.863
70	0.700	791.541	721.700	891.780	789.860	31.526	0.000	-25446196.225	359.252
70	0.800	809.946	742.120	915.080	806.620	30.365	0.000	-25807531.467	361.443
70	0.990	851.012	783.460	961.700	849.560	26.429	0.000	-26166689.415	356.259
71	0.000	527.540	527.540	527.540	527.540	0.000	0.000	23.250	0.167
71	0.100	553.200	514.760	593.120	552.880	9.368	0.000	2028092.453	160.961
71	0.200	575.516	532.000	622.500	579.550	12.763	0.000	1867304.522	158.522
71	0.300	591.788	549.360	653.100	590.440	12.210	0.000	1696664.065	181.219
71	0.400	612.277	559.700	653.560	613.210	16.098	0.000	1517171.689	176.192
71	0.500	632.824	583.300	691.160	632.870	16.887	0.000	1344073.974	167.455
71	0.600	652.520	608.140	705.860	650.450	15.432	0.000	1179013.827	161.085
71	0.700	677.912	648.720	724.140	676.520	13.624	0.000	1017649.710	160.507
71	0.800	706.519	669.080	780.600	705.340	13.127	0.000	855736.676	160.201
71	0.990	763.230	718.920	810.240	763.140	13.882	0.000	694457.991	161.546
72	0.000	555.460	555.460	555.460	555.460	0.000	0.000	2795.132	0.196
72	0.100	593.816	539.220	615.300	595.580	7.642	0.000	555783.958	194.179
72	0.200	611.621	535.120	654.480	614.150	22.840	0.000	360277.706	194.270
72	0.300	621.611	558.040	707.240	619.680	25.732	0.000	160660.060	203.264
72	0.400	635.920	591.060	736.420	633.110	22.369	0.000	-48054.739	211.543
72	0.500	658.423	614.300	746.420	656.050	19.551	0.000	-265254.498	220.482
72	0.600	680.974	638.080	754.780	678.600	18.505	0.000	-485982.084	218.786
72	0.700	706.186	659.600	772.260	706.570	17.300	0.000	-705688.048	218.405
72	0.800	732.999	691.940	803.640	733.380	16.812	0.000	-923889.294	215.989
72	0.990	785.011	731.740	833.540	782.840	16.704	0.000	-1136794.162	207.606
73	0.000	759.100	759.100	759.100	759.100	0.000	0.000	-503.814	0.405
73	0.100	805.192	715.280	817.600	805.880	10.361	0.000	-1533548.634	401.047
73	0.200	831.262	761.480	882.200	852.920	38.556	0.000	-1939244.136	407.372
73	0.300	815.831	739.700	914.020	824.660	33.124	0.000	-2377059.846	464.296
73	0.400	847.309	782.660	925.660	838.310	31.182	0.000	-2850086.003	479.308
73	0.500	873.067	828.060	974.200	874.370	24.014	0.000	-3344222.991	504.371
73	0.600	906.477	843.300	1015.260	905.370	22.599	0.000	-3847814.427	498.757
73	0.700	940.319	857.880	1009.460	935.450	23.709	0.000	-4341312.247	485.394
73	0.800	975.584	894.800	1050.740	973.550	25.844	0.000	-4824470.193	477.046
73	0.990	1033.270	937.500	1130.600	1043.010	33.911	0.000	-5298850.976	467.219
74	0.000	671.060	671.060	671.060	671.060	0.000	0.000	-4705.296	0.406
74	0.100	681.874	621.020	754.440	671.800	27.663	0.000	-5762113.529	456.384
74	0.200	698.080	641.640	815.480	686.910	37.616	0.000	-6220153.087	455.454
74	0.300	711.295	683.780	852.500	709.090	18.139	0.000	-6673297.659	447.697
74	0.400	745.969	705.400	816.460	744.000	14.110	0.000	-7118162.335	438.378
74	0.500	784.746	725.640	857.740	784.700	15.724	0.000	-7555531.091	433.423
74	0.600	818.711	751.820	890.780	818.890	18.563	0.000	-7985276.362	423.563
74	0.700	851.347	752.700	935.520	853.970	21.601	0.000	-8406499.223	415.515
74	0.800	881.583	790.860	953.240	883.270	26.837	0.000	-8821538.709	410.774
74	0.990	937.547	850.100	1029.840	941.210	33.063	0.000	-9239240.978	421.727
75	0.000	670.160	670.160	670.160	670.160	0.000	0.000	-7219.455	0.246
75	0.100	714.286	670.200	736.680	718.530	13.079	0.000	-9487399.619	251.073
75	0.200	746.781	671.920	805.700	744.310	19.182	0.000	-9745104.728	261.666
75	0.300	748.739	682.740	825.760	748.250	27.461	0.000	-10010502.528	267.500
75	0.400	759.741	670.140	845.600	757.190	24.428	0.000	-10278048.915	264.076
75	0.500	783.057	700.980	887.800	779.150	26.617	0.000	-10543579.428	265.290
75	0.600	800.924	709.840	899.200	803.760	31.156	0.000	-10813381.567	272.231
75	0.700	817.451	735.720	916.620	818.530	31.282	0.000	-11090293.475	278.013
75	0.800	837.795	759.620	935.580	834.910	28.822	0.000	-11370039.507	279.768
75	0.990	884.217	803.000	1008.340	882.160	26.624	0.000	-11648329.826	273.423
76	0.000	593.020	593.020	593.020	593.020	0.000	0.000	-9644.019	0.291
76	0.100	634.144	588.060	672.340	635.800	11.905	0.000	-11929822.948	286.878
76	0.200	655.792	603.520	755.380	647.610	20.480	0.000	-12220131.794	290.295
76	0.300	679.676	632.540	763.840	681.090	23.183	0.000	-12515464.575	298.959
76	0.400	706.101	648.100	771.480	700.510	21.289	0.000	-12820410.322	307.605
76	0.500	735.426	687.840	808.560	736.160	18.818	0.000	-13130158.144	308.778
76	0.600	767.622	721.020	847.180	767.600	18.640	0.000	-13436851.148	301.425
76	0.700	801.931	738.620	871.460	802.280	19.771	0.000	-13736403.392	295.025
76	0.800	833.303	735.700	889.820	832.880	21.626	0.000	-14031206.549	292.199
76	0.990	880.411	784.960	968.620	886.390	34.089	0.000	-14328320.101	300.197
77	0.000	545.800	545.800	545.800	545.800	0.000	0.000	-12337.813	0.204
77	0.100	572.208	546.100	622.960	578.780	12.687	0.000	-14569722.950	179.359
77	0.200	592.631	537.580	640.920	591.950	13.054	0.000	-14756521.994	191.897
77	0.300	622.611	569.160	692.680	622.110	18.877	0.000	-14955613.859	203.439
77	0.400	650.106	587.020	723.160	650.930	23.570	0.000	-15156854.274	197.046
77	0.500	672.944	611.680	751.260	673.150	26.456	0.000	-15354498.512	196.463
77	0.600	684.824	629.080	775.580	681.010	25.389	0.000	-15555010.742	202.367
77	0.700	700.680	639.940	789.000	697.520	20.814	0.000	-15759376.890	204.531
77	0.800	726.127	665.600	812.460	723.170	18.472	0.000	-15965215.883	205.023
77	0.990	773.966	711.680	835.420	775.080	21.390	0.000	-16170374.836	203.360
78	0.000	640.380	640.380	640.380	640.380	0.000	0.000	-14131.359	0.262
78	0.100	689.091	673.800	701.480	688.100	3.541	0.000	-16406563.251	265.370
78	0.200	703.475	642.900	739.380	702.030	12.954	0.000	-16666596.559	252.084
78	0.300	725.723	646.980	776.720	732.410	27.004	0.000	-16923316.894	259.218
78	0.400	731.811	661.900	824.780	729.230	31.959	0.000	-17186974.690	265.147
78	0.500	743.796	660.920	852.220	740.460	29.866	0.000	-17452867.171	264.420
78	0.600	756.954	685.600	907.820	759.160	31.014	0.000	-17719454.033	267.386
78	0.700	773.001	709.040	893.140	771.120	30.316	0.000	-17992934.626	275.388
78	0.800	792.272	716.800	898.320	788.200	28.156	0.000	-18270813.679	279.451
78	0.990	836.016	759.600	941.400	834.750	24.800	0.000	-18550143.261	275.678
79	0.000	853.920	853.920	853.920	853.920	0.000	0.000	-17951.162	0.461
79	0.100	844.455	794.400	881.260	845.850	10.617	0.000	-19046719.680	534.993
79	0.200	872.154	783.980	916.760	875.240	21.552	0.000	-19565493.456	498.877
79	0.300	885.358	803.380	978.620	884.610	39.075	0.000	-20053153.354	471.320
79	0.400	887.840	813.060	1054.020	885.520	31.812	0.000	-20522945.254	464.540
79	0.500	913.406	792.980	1038.880	911.090	27.987	0.000	-20987821.862	462.239
79	0.600	932.669	820.660	1061.940	934.180	32.705	0.000	-21444774.094	449.046
79	0.700	945.912	822.680	1059.780	950.550	40.905	0.000	-21892292.706	443.664
79	0.800	956.754	845.340	1091.660	951.580	44.771	0.000	-22338650.571	445.138
79	0.990	983.309	871.580	1130.760	980.260	44.522	0.000	-22791895.417	460.286
80	0.000	621.460	621.460	621.460	621.460	0.000	0.000	-22196.220	0.440
80	0.100	642.761	586.560	673.460	644.540	10.385	0.000	-23242122.215	433.122
80	0.200	667.113	600.760	703.660	668.480	21.412	0.000	-23681356.741	443.535
80	0.300	694.171	633.300	753.160	701.150	25.280	0.000	-24124449.867	445.081
80	0.400	720.273	667.540	792.160	720.260	24.782	0.000	-24585822.756	472.970
80	0.500	749.289	691.400	838.340	744.160	24.215	0.000	-25065216.560	478.293
80	0.600	776.789	703.960	867.920	773.190	25.799	0.000	-25553936.321	498.466
80	0.700	801.227	712.460	883.900	797.950	26.511	0.000	-26045688.336	479.668
80	0.800	826.763	745.920	910.680	822.310	26.138	0.000	-26521446.873	470.505
80	0.990	873.730	790.220	967.720	876.540	30.760	0.000	-27003220.923	490.848
81	0.000	516.300	516.300	516.300	516.300	0.000	0.000	23.249	0.135
81	0.100	543.530	530.960	563.480	543.380	2.545	0.000	2045212.794	127.653
81	0.200	569.510	535.560	602.680	570.090	10.597	0.000	1918356.748	123.938
81	0.300	580.902	522.580	629.600	577.780	17.117	0.000	1792305.659	126.302
81	0.400	587.162	546.480	649.680	587.640	15.799	0.000	1660435.846	137.084
81	0.500	606.948	572.040	659.140	606.520	14.293	0.000	1521069.184	138.925
81	0.600	628.702	599.560	677.920	628.170	12.637	0.000	1382066.385	137.673
81	0.700	655.176	630.880	703.960	654.810	12.196	0.000	1242984.517	138.842
81	0.800	684.614	653.980	727.660	682.540	11.977	0.000	1102394.953	140.690
81	0.990	739.324	698.980	786.820	738.680	13.786	0.000	958483.735	145.925
82	0.000	563.000	563.000	563.000	563.000	0.000	0.000	-1201.371	0.135
82	0.100	594.839	579.880	619.800	597.320	5.846	0.000	817965.176	132.626
82	0.200	613.132	567.000	658.580	621.000	23.638	0.000	684711.647	132.116
82	0.300	618.035	574.560	701.780	618.480	20.834	0.000	543367.376	148.883
82	0.400	628.809	579.780	676.720	628.240	13.988	0.000	389638.163	156.127
82	0.500	651.825	606.680	723.500	652.460	16.987	0.000	234620.157	152.189
82	0.600	667.750	613.920	744.500	666.420	17.899	0.000	82542.047	151.576
82	0.700	687.163	644.580	756.880	686.220	18.910	0.000	-72203.485	154.328
82	0.800	708.989	651.580	787.300	707.350	18.945	0.000	-226407.783	153.951
82	0.990	754.853	700.580	840.040	752.080	18.895	0.000	-382738.152	155.595
83	0.000	638.560	638.560	638.560	638.560	0.000	0.000	1721.604	0.337
83	0.100	665.248	612.460	702.620	664.660	15.203	0.000	-595414.107	349.831
83	0.200	691.139	607.740	744.920	695.250	21.805	0.000	-946754.033	349.217
83	0.300	692.996	638.440	777.140	692.650	27.626	0.000	-1297569.701	348.715
83	0.400	713.118	663.760	785.380	708.230	23.785	0.000	-1643350.763	341.091
83	0.500	740.082	649.240	815.980	738.880	23.539	0.000	-1984156.006	342.085
83	0.600	753.336	649.120	828.980	756.990	28.577	0.000	-2352309.890	386.899
83	0.700	762.531	668.880	842.000	768.110	35.175	0.000	-2746445.823	400.564
83	0.800	773.231	698.860	885.920	765.340	37.378	0.000	-3147295.413	395.693
83	0.990	806.096	736.440	921.760	801.230	31.960	0.000	-3542703.057	392.953
84	0.000	836.920	836.920	836.920	836.920	0.000	0.000	-3003.174	0.584
84	0.100	768.836	684.260	876.480	776.860	25.745	0.000	-4158847.266	652.011
84	0.200	771.239	723.660	847.920	774.000	18.672	0.000	-4802979.488	635.126
84	0.300	783.726	748.060	848.360	782.060	11.645	0.000	-5427600.809	612.099
84	0.400	826.972	781.860	905.160	827.080	14.405	0.000	-6042499.144	613.008
84	0.500	866.784	797.880	963.540	865.930	22.112	0.000	-6650326.569	600.562
84	0.600	901.495	812.840	998.620	901.810	27.417	0.000	-7243216.496	581.025
84	0.700	936.123	860.720	1040.980	937.340	30.268	0.000	-7827813.944	579.825
84	0.800	966.641	856.180	1094.400	965.610	32.147	0.000	-8416538.731	594.038
84	0.990	1010.748	891.760	1149.120	1007.780	37.468	0.000	-9027796.520	613.614
85	0.000	623.460	623.460	623.460	623.460	0.000	0.000	-7097.556	0.335
85	0.100	648.407	606.800	705.300	647.650	15.660	0.000	-9388651.421	299.280
85	0.200	659.868	607.260	745.400	653.980	22.475	0.000	-9704871.330	325.658
85	0.300	675.775	627.880	754.580	676.730	19.072	0.000	-10026612.623	318.527
85	0.400	700.162	651.740	771.760	697.930	19.468	0.000	-10344547.465	314.466
85	0.500	729.858	677.920	798.000	729.190	20.008	0.000	-10661860.303	317.397
85	0.600	757.935	716.380	824.160	756.020	19.326	0.000	-10977845.004	311.639
85	0.700	786.072	691.840	868.160	784.820	20.574	0.000	-11287473.387	304.033
85	0.800	814.635	710.880	892.120	815.410	24.129	0.000	-11593399.530	305.663
85	0.990	845.537	756.960	948.520	845.550	33.881	0.000	-11915302.792	340.698
86	0.000	911.580	911.580	911.580	911.580	0.000	0.000	-14111.967	0.881
86	0.100	977.739	953.080	1049.500	971.670	14.743	0.000	-12494662.718	885.624
86	0.200	983.324	857.740	1099.880	973.640	37.729	0.000	-13398497.739	924.980
86	0.300	995.241	873.740	1101.320	995.610	40.956	0.000	-14314174.051	902.896
86	0.400	995.557	858.080	1140.800	1001.670	48.869	0.000	-15244026.914	953.857
86	0.500	992.105	899.220	1127.160	983.870	36.845	0.000	-16211516.316	963.488
86	0.600	1014.292	890.920	1126.020	1016.480	36.932	0.000	-17158869.419	939.648
86	0.700	1034.165	905.140	1193.140	1032.320	41.842	0.000	-18104115.339	957.546
86	0.800	1051.794	917.400	1247.820	1050.020	44.898	0.000	-19072929.020	961.000
86	0.990	1083.577	965.260	1237.060	1081.810	48.633	0.000	-20037370.069	961.603
87	0.000	736.900	736.900	736.900	736.900	0.000	0.000	-19823.824	0.644
87	0.100	782.863	729.460	902.100	777.410	31.083	0.000	-20962920.235	624.443
87	0.200	805.081	738.060	936.200	802.340	27.626	0.000	-21585819.742	614.953
87	0.300	813.612	755.360	900.320	810.070	22.344	0.000	-22186001.763	579.296
87	0.400	837.396	767.280	913.340	840.230	25.631	0.000	-22781459.150	609.254
87	0.500	862.993	797.800	950.540	860.910	22.678	0.000	-23399954.025	617.907
87	0.600	891.430	817.440	964.640	890.550	21.667	0.000	-24002261.048	590.435
87	0.700	917.374	839.740	1015.380	917.150	25.997	0.000	-24589060.464	572.926
87	0.800	937.622	837.500	1049.200	937.010	29.240	0.000	-25157933.870	569.487
87	0.990	974.529	857.720	1059.580	974.910	33.680	0.000	-25743895.564	594.279
88	0.000	755.580	755.580	755.580	755.580	0.000	0.000	-25214.280	0.800
88	0.100	769.866	745.240	839.780	767.960	10.893	0.000	-26400676.726	707.644
88	0.200	807.203	712.140	870.820	806.000	21.462	0.000	-27103151.619	702.738
88	0.300	808.574	721.260	892.880	806.300	32.775	0.000	-27783745.372	655.404
88	0.400	811.859	694.940	933.100	811.350	30.682	0.000	-28441818.460	654.863
88	0.500	821.067	709.160	970.820	819.380	34.627	0.000	-29111755.953	679.802
88	0.600	826.706	736.440	943.740	825.610	36.241	0.000	-29815869.025	720.232
88	0.700	841.232	776.180	938.080	838.420	32.789	0.000	-30542669.537	726.431
88	0.800	863.452	792.280	993.600	857.030	29.067	0.000	-31267304.699	728.904
88	0.990	919.402	859.820	1033.840	915.620	24.986	0.000	-31998729.692	728.070
89	0.000	662.160	662.160	662.160	662.160	0.000	0.000	-30132.265	0.385
89	0.100	691.415	664.460	738.780	693.520	8.213	0.000	-32464153.465	379.062
89	0.200	738.189	698.980	770.540	736.230	12.195	0.000	-32843274.818	377.152
89	0.300	779.342	707.860	868.640	779.720	18.622	0.000	-33221223.616	373.074
89	0.400	809.587	717.580	874.580	809.220	22.432	0.000	-33593728.541	370.464
89	0.500	825.852	719.840	896.120	829.090	31.478	0.000	-33966473.827	371.560
89	0.600	824.484	709.720	943.360	825.070	39.787	0.000	-34341040.921	373.993
89	0.700	823.280	696.320	941.980	820.910	38.057	0.000	-34727267.507	394.645
89	0.800	833.252	731.080	941.240	833.840	36.784	0.000	-35124550.681	401.344
89	0.990	861.725	787.140	966.760	860.360	37.628	0.000	-35536303.388	415.681
90	0.000	661.360	661.360	661.360	661.360	0.000	0.000	-33603.373	0.311
90	0.100	676.631	629.820	703.020	675.660	8.788	0.000	-35884285.365	277.457
90	0.200	671.643	580.780	738.440	672.130	22.440	0.000	-36170349.827	291.584
90	0.300	645.498	600.160	713.040	645.360	19.279	0.000	-36498433.665	363.450
90	0.400	666.191	600.640	725.560	664.330	14.247	0.000	-36866599.303	371.338
90	0.500	693.333	628.780	769.420	694.750	17.457	0.000	-37229046.188	347.095
90	0.600	715.065	656.580	776.820	716.810	22.232	0.000	-37569572.983	331.696
90	0.700	733.561	683.420	805.000	732.980	22.903	0.000	-37894379.545	312.222
90	0.800	755.759	710.440	831.060	752.340	21.685	0.000	-38203774.086	308.078
90	0.990	803.581	741.980	891.280	803.490	20.435	0.000	-38511881.519	306.745
91	0.000	577.600	577.600	577.600	577.600	0.000	0.000	4291.812	0.324
91	0.100	625.692	591.440	653.680	627.600	14.096	0.000	1969012.681	361.192
91	0.200	655.151	627.380	692.080	650.700	11.600	0.000	1617139.986	339.947
91	0.300	679.714	617.040	730.180	684.320	23.463	0.000	1262606.709	365.718
91	0.400	686.997	616.760	777.820	683.500	19.751	0.000	868438.081	416.712
91	0.500	710.712	645.800	784.280	713.120	19.589	0.000	443751.610	430.669
91	0.600	731.608	682.480	799.520	737.380	25.328	0.000	5011.744	445.179
91	0.700	755.461	699.460	830.840	750.720	25.156	0.000	-445268.125	452.072
91	0.800	778.611	723.940	849.460	771.900	23.122	0.000	-898949.729	452.407
91	0.990	823.309	758.480	922.600	822.930	22.042	0.000	-1343211.776	437.119
92	0.000	889.260	889.260	889.260	889.260	0.000	0.000	-826.835	0.560
92	0.100	886.071	795.240	986.860	878.940	29.397	0.000	-1933962.505	556.829
92	0.200	940.655	839.600	1064.200	948.740	48.921	0.000	-2503272.807	579.118
92	0.300	962.397	799.740	1133.500	939.970	60.474	0.000	-3088943.984	584.161
92	0.400	974.143	810.320	1179.740	964.870	59.945	0.000	-3677864.775	593.323
92	0.500	957.281	831.440	1164.780	945.670	60.255	0.000	-4297467.343	631.320
92	0.600	962.968	867.420	1128.700	957.640	49.672	0.000	-4935873.913	659.864
92	0.700	990.984	906.340	1165.500	992.490	43.787	0.000	-5604571.168	670.041
92	0.800	1019.686	905.680	1187.060	1023.180	39.345	0.000	-6274806.397	662.125
92	0.990	1069.319	944.900	1259.920	1066.290	46.230	0.000	-6936948.147	658.428
93	0.000	680.180	680.180	680.180	680.180	0.000	0.000	-5036.480	0.377
93	0.100	665.315	627.180	734.800	664.070	16.058	0.000	-7409356.376	454.007
93	0.200	695.692	627.180	752.520	699.450	18.137	0.000	-7847885.610	431.423
93	0.300	703.375	638.600	773.020	703.730	23.953	0.000	-8298900.465	467.165
93	0.400	726.281	656.540	836.000	728.570	24.953	0.000	-8760953.356	451.924
93	0.500	750.428	692.580	862.820	750.070	26.227	0.000	-9199413.512	415.777
93	0.600	774.477	720.580	856.640	771.850	24.497	0.000	-9605182.476	393.528
93	0.700	805.312	757.080	878.620	803.470	21.989	0.000	-9993050.487	381.856
93	0.800	837.038	777.160	905.500	834.490	20.486	0.000	-10378117.976	384.531
93	0.990	892.140	819.800	982.860	893.220	24.930	0.000	-10779149.031	414.528
94	0.000	822.480	822.480	822.480	822.480	0.000	0.000	-10250.111	0.550
94	0.100	851.850	750.180	895.000	854.120	23.518	0.000	-11437334.454	710.020
94	0.200	821.320	739.260	935.920	810.740	44.592	0.000	-12163916.255	749.610
94	0.300	839.949	772.500	971.620	833.310	34.471	0.000	-12901264.341	723.853
94	0.400	865.364	789.820	1012.800	862.940	31.789	0.000	-13635007.146	724.348
94	0.500	897.250	834.420	1011.600	892.570	30.678	0.000	-14355654.757	727.353
94	0.600	931.805	873.420	1026.440	923.960	26.178	0.000	-15089327.347	731.739
94	0.700	964.296	874.320	1056.900	964.060	24.184	0.000	-15832925.953	747.309
94	0.800	993.779	852.360	1123.740	1002.780	29.641	0.000	-16583271.617	752.585
94	0.990	1033.341	907.180	1158.480	1035.060	45.129	0.000	-17348973.580	772.104
95	0.000	752.200	752.200	752.200	752.200	0.000	0.000	-15503.821	0.348
95	0.100	727.359	674.740	808.420	732.570	15.784	0.000	-17846883.435	402.051
95	0.200	752.676	673.120	792.820	753.710	21.371	0.000	-18236673.254	374.472
95	0.300	773.310	678.780	856.620	777.390	27.712	0.000	-18603376.130	353.217
95	0.400	789.714	682.440	893.860	786.710	29.821	0.000	-18946194.389	334.970
95	0.500	806.781	701.760	913.700	809.790	31.421	0.000	-19295556.859	360.585
95	0.600	818.093	715.180	906.120	818.830	36.387	0.000	-19662564.098	367.312
95	0.700	831.920	732.580	945.500	829.700	39.456	0.000	-20031422.312	368.959
95	0.800	842.651	754.700	966.120	838.410	37.987	0.000	-20410002.815	385.770
95	0.990	876.938	791.380	994.300	874.180	35.053	0.000	-20798352.098	387.388
96	0.000	563.220	563.220	563.220	563.220	0.000	0.000	-18852.222	0.242
96	0.100	576.329	541.840	606.720	578.920	9.129	0.000	-21111035.666	233.156
96	0.200	603.084	547.300	650.380	601.360	18.909	0.000	-21347873.045	238.043
96	0.300	615.404	568.100	692.000	620.470	18.207	0.000	-21608590.683	283.323
96	0.400	631.993	585.800	703.080	628.720	19.598	0.000	-21907257.741	309.697
96	0.500	653.536	621.900	719.200	651.910	16.889	0.000	-22214544.443	299.166
96	0.600	677.478	639.960	746.220	675.450	13.281	0.000	-22502718.747	279.485
96	0.700	706.758	665.500	755.360	705.250	11.992	0.000	-22782224.379	275.293
96	0.800	736.619	694.600	784.060	737.350	13.715	0.000	-23057022.395	272.088
96	0.990	791.576	755.980	854.520	791.180	16.758	0.000	-23328360.195	267.103
97	0.000	686.900	686.900	686.900	686.900	0.000	0.000	-21320.537	0.344
97	0.100	681.672	635.580	721.240	695.330	28.824	0.000	-23680178.735	433.868
97	0.200	677.799	601.580	743.980	675.960	16.402	0.000	-24104182.566	412.136
97	0.300	663.205	609.520	742.180	666.970	23.174	0.000	-24513993.708	404.142
97	0.400	686.425	622.220	746.980	696.330	25.092	0.000	-24923953.231	412.495
97	0.500	716.022	654.580	781.360	707.690	25.547	0.000	-25336741.141	411.843
97	0.600	743.762	679.760	813.940	739.100	29.247	0.000	-25744848.922	399.670
97	0.700	769.416	688.200	862.480	769.800	29.221	0.000	-26139368.661	384.445
97	0.800	795.524	720.120	895.920	785.850	26.609	0.000	-26525661.667	387.696
97	0.990	845.141	765.500	957.840	847.550	28.054	0.000	-26925576.271	409.190
98	0.000	917.220	917.220	917.220	917.220	0.000	0.000	-26394.230	0.763
98	0.100	1001.639	840.000	1102.520	1022.600	52.442	0.000	-27639215.120	832.528
98	0.200	933.832	820.180	1110.560	944.440	50.391	0.000	-28516265.473	917.629
98	0.300	933.110	866.560	1165.920	930.530	37.653	0.000	-29481692.557	1008.483
98	0.400	975.562	921.320	1161.920	982.520	32.287	0.000	-30490655.660	1000.155
98	0.500	1013.952	927.440	1217.540	1001.760	34.770	0.000	-31481435.308	972.362
98	0.600	1035.161	896.080	1207.720	1039.440	44.396	0.000	-32419133.245	898.120
98	0.700	1049.743	891.540	1218.080	1041.860	55.309	0.000	-33291901.312	848.492
98	0.800	1065.278	885.980	1247.680	1067.470	62.421	0.000	-34157417.237	877.491
98	0.990	1097.873	945.900	1346.160	1093.720	66.587	0.000	-35044639.390	890.247
99	0.000	555.520	555.520	555.520	555.520	0.000	0.000	-33256.895	0.196
99	0.100	578.762	570.360	621.040	573.100	8.312	0.000	-35511801.411	226.738
99	0.200	618.299	590.300	676.140	617.820	8.597	0.000	-35743695.116	232.131
99	0.300	643.631	586.680	685.720	642.270	14.234	0.000	-35998496.632	275.801
99	0.400	657.354	588.760	721.140	655.860	23.989	0.000	-36275866.371	276.910
99	0.500	669.373	605.400	756.440	668.780	22.660	0.000	-36552086.931	273.892
99	0.600	680.887	610.820	751.760	680.310	23.080	0.000	-36819501.715	257.243
99	0.700	699.603	634.200	787.760	698.170	23.485	0.000	-37072643.524	247.322
99	0.800	720.914	662.960	809.120	718.430	23.085	0.000	-37317225.396	239.214
99	0.990	765.670	707.620	832.200	764.010	22.976	0.000	-37555952.696	236.986
