0	0.000	453.040	453.040	453.040	453.040	0.000	0.000	1967.277	0.773
0	0.100	479.612	460.210	500.870	478.820	7.704	0.000	1829662.364	705.202
0	0.200	472.913	455.490	508.410	472.800	7.920	0.000	1136173.639	679.447
0	0.300	479.398	456.320	529.460	477.375	11.598	0.000	456562.096	678.769
0	0.400	487.387	451.500	552.400	486.475	14.980	0.000	-227205.332	683.253
0	0.500	499.614	458.210	588.200	496.360	22.255	0.000	-949797.343	762.058
0	0.600	522.610	465.690	632.010	516.930	28.655	0.000	-1725505.633	781.246
0	0.700	547.955	478.390	621.810	551.690	29.206	0.000	-2487019.700	755.760
0	0.800	566.808	496.540	637.620	569.735	25.934	0.000	-3285377.826	821.369
0	0.990	590.586	518.620	706.120	590.005	24.445	0.000	-4124266.895	852.101
1	0.000	392.990	392.990	392.990	392.990	0.000	0.000	-6609.218	0.406
1	0.100	418.670	374.390	463.420	423.405	22.107	0.000	-4758319.043	426.224
1	0.200	439.519	386.490	473.930	438.960	11.528	0.000	-5206689.487	468.975
1	0.300	446.856	417.680	478.830	447.030	10.161	0.000	-5676075.486	466.398
1	0.400	450.374	419.020	497.000	449.685	10.521	0.000	-6136542.277	451.482
1	0.500	455.494	425.120	517.890	454.525	11.633	0.000	-6584784.892	442.416
1	0.600	462.625	427.250	511.960	461.065	13.692	0.000	-7024454.779	433.664
1	0.700	472.895	435.730	521.670	471.925	15.690	0.000	-7455620.995	426.156
1	0.800	483.551	442.250	535.170	483.100	17.166	0.000	-7881677.855	422.387
1	0.990	504.779	457.750	574.710	503.225	19.741	0.000	-8308729.493	427.838
2	0.000	430.160	430.160	430.160	430.160	0.000	0.000	-10588.464	0.582
2	0.100	423.088	406.810	450.080	421.765	6.462	0.000	-8804813.115	562.285
2	0.200	478.434	412.930	510.690	486.030	22.205	0.000	-9374188.429	575.831
2	0.300	489.423	442.520	522.820	489.915	8.934	0.000	-9958711.357	585.619
2	0.400	494.025	464.570	536.320	493.535	9.895	0.000	-10554166.520	601.406
2	0.500	501.613	470.450	559.450	499.710	13.642	0.000	-11168384.357	622.744
2	0.600	511.887	471.330	621.480	509.685	17.524	0.000	-11795161.638	628.829
2	0.700	521.413	473.010	635.970	519.285	22.249	0.000	-12437987.323	652.770
2	0.800	531.269	475.640	659.450	528.075	26.738	0.000	-13100718.219	671.429
2	0.990	555.931	491.250	695.390	543.845	40.843	0.000	-13783046.721	688.805
3	0.000	537.250	537.250	537.250	537.250	0.000	0.000	-15915.012	1.389
3	0.100	566.762	533.380	613.370	566.500	13.811	0.000	-14868656.879	1430.463
3	0.200	571.492	526.530	631.940	566.040	21.557	0.000	-16278386.214	1383.628
3	0.300	573.947	528.480	631.300	571.210	22.674	0.000	-17660433.628	1373.873
3	0.400	585.603	528.840	656.830	586.285	25.718	0.000	-19034290.728	1359.461
3	0.500	606.249	541.560	680.050	606.715	23.206	0.000	-20385956.197	1344.657
3	0.600	624.784	551.570	706.810	623.555	22.529	0.000	-21737369.753	1375.400
3	0.700	639.083	574.040	749.460	637.600	25.908	0.000	-23142929.370	1410.989
3	0.800	657.493	580.040	782.740	656.650	32.637	0.000	-24567583.947	1439.124
3	0.990	698.639	599.450	825.870	692.830	40.309	0.000	-26021347.029	1455.065
4	0.000	477.820	477.820	477.820	477.820	0.000	0.000	-26184.554	1.093
4	0.100	489.674	462.730	525.570	488.945	9.163	0.000	-27259394.165	1073.067
4	0.200	497.960	454.790	573.730	497.470	14.932	0.000	-28314786.781	1036.482
4	0.300	526.827	470.900	608.770	519.435	26.911	0.000	-29361801.514	1051.548
4	0.400	560.709	482.120	612.190	563.080	19.818	0.000	-30419140.965	1061.591
4	0.500	568.965	525.490	612.690	569.435	14.045	0.000	-31512743.754	1121.757
4	0.600	575.462	537.930	619.780	575.580	12.617	0.000	-32638272.089	1114.402
4	0.700	580.602	547.360	640.560	579.915	12.357	0.000	-33740411.893	1092.620
4	0.800	587.191	543.360	643.860	585.995	14.822	0.000	-34845644.263	1114.311
4	0.990	597.814	555.220	661.700	596.685	15.563	0.000	-35967653.980	1125.625
5	0.000	405.290	405.290	405.290	405.290	0.000	0.000	-38605.412	0.560
5	0.100	424.584	383.870	447.140	425.625	8.226	0.000	-36842051.838	601.419
5	0.200	427.029	379.780	453.850	429.040	13.028	0.000	-37459435.290	629.795
5	0.300	437.026	393.870	476.010	437.760	10.610	0.000	-38077961.777	605.595
5	0.400	444.232	403.960	517.350	442.530	13.649	0.000	-38693993.354	620.967
5	0.500	465.029	418.720	566.720	458.040	26.494	0.000	-39349332.399	687.251
5	0.600	504.256	431.680	596.130	509.345	32.029	0.000	-40030194.280	671.094
5	0.700	528.719	445.640	601.450	530.240	26.733	0.000	-40689049.633	643.922
5	0.800	542.200	468.160	614.420	541.125	23.676	0.000	-41326275.794	624.698
5	0.990	561.061	488.010	666.150	557.000	28.706	0.000	-41947271.121	615.625
6	0.000	366.430	366.430	366.430	366.430	0.000	0.000	-41561.632	0.315
6	0.100	381.928	362.380	399.500	383.090	6.148	0.000	-42586735.479	392.343
6	0.200	424.644	367.740	471.170	428.495	16.756	0.000	-42970165.161	372.550
6	0.300	430.717	385.400	471.610	428.670	12.524	0.000	-43334279.276	352.902
6	0.400	437.177	406.610	475.300	436.470	12.122	0.000	-43685370.520	346.353
6	0.500	443.177	404.470	481.320	443.260	11.856	0.000	-44033223.273	347.243
6	0.600	449.888	406.030	492.220	449.720	12.127	0.000	-44383035.985	349.973
6	0.700	456.955	411.380	504.640	456.660	13.257	0.000	-44738230.409	357.606
6	0.800	463.744	423.250	579.810	462.700	16.153	0.000	-45103096.352	369.559
6	0.990	483.452	442.000	615.140	475.560	28.619	0.000	-45485591.385	392.102
7	0.000	451.410	451.410	451.410	451.410	0.000	0.000	-45774.761	0.854
7	0.100	484.472	438.970	520.180	490.535	19.205	0.000	-45944178.442	771.918
7	0.200	499.278	446.250	539.220	501.670	14.964	0.000	-46733003.568	801.109
7	0.300	509.631	448.570	554.930	510.200	15.123	0.000	-47528930.262	785.446
7	0.400	519.816	469.790	568.380	518.450	14.853	0.000	-48331457.276	817.561
7	0.500	526.804	481.640	580.550	525.890	15.926	0.000	-49194985.284	906.358
7	0.600	537.334	490.040	600.160	537.105	16.578	0.000	-50097275.420	894.884
7	0.700	548.125	499.240	608.160	547.505	18.088	0.000	-50989756.099	884.715
7	0.800	559.843	503.510	626.990	558.290	19.894	0.000	-51887544.806	907.170
7	0.990	583.714	531.390	691.990	580.805	26.605	0.000	-52794522.869	901.784
8	0.000	469.960	469.960	469.960	469.960	0.000	0.000	-55304.766	0.557
8	0.100	453.789	429.170	489.620	453.515	11.184	0.000	-53504687.887	528.609
8	0.200	465.564	425.640	512.610	465.435	11.983	0.000	-54028682.063	515.377
8	0.300	476.774	435.960	522.910	476.405	13.062	0.000	-54543039.565	509.287
8	0.400	489.558	451.370	539.620	488.785	13.827	0.000	-55053763.107	509.856
8	0.500	504.575	463.330	578.390	502.825	17.477	0.000	-55577235.995	534.325
8	0.600	523.780	470.110	602.570	521.865	20.744	0.000	-56122992.424	552.766
8	0.700	538.988	486.030	610.070	537.670	21.445	0.000	-56680647.148	558.954
8	0.800	552.881	491.200	625.310	552.395	22.017	0.000	-57249370.184	574.100
8	0.990	576.137	515.570	680.510	574.410	24.912	0.000	-57839939.689	603.333
9	0.000	482.490	482.490	482.490	482.490	0.000	0.000	-58367.780	0.763
9	0.100	462.671	429.450	488.000	462.895	9.423	0.000	-58541677.225	781.124
9	0.200	461.501	428.550	497.890	461.720	10.761	0.000	-59351357.792	834.937
9	0.300	466.361	434.400	513.900	466.335	11.998	0.000	-60182091.480	811.701
9	0.400	474.289	431.160	528.720	473.610	13.019	0.000	-60987216.639	799.499
9	0.500	482.624	439.430	571.240	481.040	14.581	0.000	-61797593.833	828.281
9	0.600	497.538	459.100	579.740	492.965	21.462	0.000	-62661222.208	897.494
9	0.700	522.703	468.270	607.740	516.915	29.664	0.000	-63565591.833	898.947
9	0.800	547.367	480.780	656.990	552.145	27.855	0.000	-64456337.948	879.007
9	0.990	576.876	504.760	700.030	573.590	27.667	0.000	-65327343.909	857.336
10	0.000	447.610	447.610	447.610	447.610	0.000	0.000	-65207.016	0.914
10	0.100	473.749	458.040	517.220	472.655	8.280	0.000	-66205377.877	923.198
10	0.200	484.826	458.720	535.230	482.105	13.403	0.000	-67139531.316	941.188
10	0.300	500.879	460.630	568.820	500.040	19.423	0.000	-68086423.284	950.156
10	0.400	524.400	469.290	607.920	521.820	24.914	0.000	-69040286.394	950.873
10	0.500	548.424	480.520	640.240	546.675	30.690	0.000	-70036476.832	1033.599
10	0.600	569.686	491.840	659.220	569.050	30.839	0.000	-71072627.646	1039.057
10	0.700	587.136	506.820	674.120	589.615	30.039	0.000	-72100013.349	1011.352
10	0.800	604.609	520.560	708.610	604.405	30.380	0.000	-73115095.200	1013.968
10	0.990	635.283	544.740	764.590	631.735	33.336	0.000	-74155255.161	1062.203
11	0.000	472.580	472.580	472.580	472.580	0.000	0.000	2735.134	1.103
11	0.100	465.364	446.910	502.210	463.920	8.021	0.000	1668910.465	1060.602
11	0.200	492.048	459.320	553.230	493.515	15.472	0.000	608132.575	1055.835
11	0.300	514.136	462.910	579.980	507.890	21.474	0.000	-441430.726	1038.595
11	0.400	533.001	477.290	608.570	536.915	22.260	0.000	-1502246.869	1078.486
11	0.500	552.043	491.600	614.010	553.480	23.079	0.000	-2635662.237	1180.291
11	0.600	576.113	498.210	687.510	575.410	22.701	0.000	-3790175.265	1126.272
11	0.700	592.525	529.470	713.270	587.960	27.026	0.000	-4892235.873	1073.155
11	0.800	610.756	553.750	724.720	601.425	35.703	0.000	-5970731.333	1083.037
11	0.990	646.612	566.210	783.630	648.885	45.528	0.000	-7067677.867	1103.224
12	0.000	470.260	470.260	470.260	470.260	0.000	0.000	-7853.307	0.801
12	0.100	468.613	449.520	497.210	467.975	7.448	0.000	-8037536.690	801.510
12	0.200	465.948	436.420	503.910	464.925	9.275	0.000	-8860219.768	840.772
12	0.300	493.370	447.530	551.270	489.700	20.478	0.000	-9745000.195	926.013
12	0.400	522.530	466.760	587.780	521.810	17.758	0.000	-10706868.122	989.366
12	0.500	531.398	488.580	590.540	530.970	15.872	0.000	-11725637.971	1041.682
12	0.600	542.119	489.090	644.400	540.855	19.704	0.000	-12757838.715	1021.484
12	0.700	557.242	501.400	663.260	552.630	26.711	0.000	-13762795.315	985.117
12	0.800	577.510	509.250	677.660	571.870	32.672	0.000	-14736232.881	958.688
12	0.990	614.964	531.800	715.440	618.995	34.036	0.000	-15680004.061	924.403
13	0.000	448.130	448.130	448.130	448.130	0.000	0.000	-16362.000	0.755
13	0.100	467.662	430.790	511.380	468.335	19.172	0.000	-16540405.248	792.407
13	0.200	487.523	442.810	543.180	488.475	13.787	0.000	-17325024.637	770.301
13	0.300	507.430	447.510	563.560	505.815	18.304	0.000	-18083063.503	742.444
13	0.400	521.466	463.570	571.160	523.235	18.836	0.000	-18843981.057	774.416
13	0.500	525.461	474.240	574.560	526.010	18.582	0.000	-19629160.186	792.368
13	0.600	535.812	484.510	603.600	535.520	18.554	0.000	-20422836.561	789.531
13	0.700	548.252	486.540	618.100	548.170	20.830	0.000	-21229486.230	820.525
13	0.800	563.184	489.180	663.310	563.360	22.997	0.000	-22063630.735	844.552
13	0.990	586.190	519.920	694.250	583.505	26.535	0.000	-22900399.162	825.034
14	0.000	408.720	408.720	408.720	408.720	0.000	0.000	-25372.271	0.491
14	0.100	432.103	395.350	453.420	431.830	6.955	0.000	-23549333.493	482.634
14	0.200	446.018	417.540	484.690	443.130	13.046	0.000	-24076371.735	569.429
14	0.300	465.014	424.850	514.090	465.290	13.255	0.000	-24633828.982	542.061
14	0.400	474.735	438.770	528.430	473.765	12.778	0.000	-25164535.623	515.553
14	0.500	483.156	445.190	553.890	480.600	17.363	0.000	-25679038.590	509.557
14	0.600	501.904	441.870	575.080	499.070	24.081	0.000	-26188116.804	504.958
14	0.700	524.057	457.880	616.130	523.940	26.191	0.000	-26693461.199	503.000
14	0.800	544.820	471.640	633.320	545.590	27.722	0.000	-27197436.755	502.232
14	0.990	574.024	488.710	728.200	573.520	26.287	0.000	-27702669.917	507.130
15	0.000	420.800	420.800	420.800	420.800	0.000	0.000	-30023.766	0.586
15	0.100	464.979	440.510	486.620	465.120	6.128	0.000	-28237297.451	556.780
15	0.200	466.632	418.830	497.080	465.985	9.655	0.000	-28789481.429	542.410
15	0.300	474.154	428.940	527.400	473.430	11.497	0.000	-29332534.802	539.761
15	0.400	483.964	449.200	545.210	481.980	15.777	0.000	-29878808.057	549.210
15	0.500	494.550	450.660	559.320	493.620	18.723	0.000	-30458296.085	609.214
15	0.600	506.267	456.600	573.080	505.900	17.799	0.000	-31076716.587	623.295
15	0.700	514.794	459.680	576.290	513.380	17.959	0.000	-31704657.845	629.919
15	0.800	524.122	455.980	591.160	523.050	19.729	0.000	-32341011.050	637.492
15	0.990	544.058	480.580	635.930	541.380	27.299	0.000	-32986811.602	651.388
16	0.000	456.100	456.100	456.100	456.100	0.000	0.000	-33539.780	0.816
16	0.100	514.401	467.200	537.900	515.200	10.685	0.000	-33734838.277	824.591
16	0.200	521.916	476.360	559.120	522.390	11.924	0.000	-34550942.289	802.870
16	0.300	520.268	474.630	573.440	520.305	14.789	0.000	-35351016.996	792.697
16	0.400	520.147	471.880	570.580	519.935	15.635	0.000	-36144660.067	790.900
16	0.500	522.443	471.850	571.850	522.275	15.145	0.000	-36968164.878	849.603
16	0.600	528.718	476.780	595.060	528.515	16.716	0.000	-37826182.678	865.813
16	0.700	538.332	487.020	617.480	537.905	17.950	0.000	-38697074.388	871.771
16	0.800	544.009	492.060	663.000	543.020	20.868	0.000	-39587137.134	903.215
16	0.990	562.784	510.710	682.200	561.725	27.516	0.000	-40507755.804	931.522
17	0.000	454.170	454.170	454.170	454.170	0.000	0.000	-41192.408	0.618
17	0.100	457.813	438.300	480.150	456.945	6.937	0.000	-41280609.257	608.936
17	0.200	470.933	437.390	506.620	470.890	8.281	0.000	-41892095.273	610.753
17	0.300	480.038	446.980	547.360	477.425	13.078	0.000	-42499929.779	601.786
17	0.400	492.473	454.790	553.270	489.985	17.976	0.000	-43114712.896	624.713
17	0.500	509.732	450.770	578.940	508.675	20.868	0.000	-43760324.375	661.358
17	0.600	535.810	465.780	612.230	535.315	22.904	0.000	-44420966.304	657.146
17	0.700	553.876	482.590	614.560	554.160	21.920	0.000	-45077288.604	651.477
17	0.800	568.627	506.520	635.810	568.815	20.996	0.000	-45735763.351	664.324
17	0.990	588.798	532.010	710.490	587.170	22.873	0.000	-46412310.803	682.057
18	0.000	502.420	502.420	502.420	502.420	0.000	0.000	-46204.578	0.849
18	0.100	495.733	466.650	522.420	495.450	8.868	0.000	-47165478.930	850.432
18	0.200	509.256	475.550	561.860	501.275	19.335	0.000	-48075389.572	963.440
18	0.300	541.436	481.910	597.920	541.675	17.224	0.000	-49076842.148	1034.815
18	0.400	562.550	507.790	637.090	561.770	18.157	0.000	-50124390.467	1058.458
18	0.500	571.428	518.460	632.530	570.260	18.890	0.000	-51196393.500	1080.811
18	0.600	582.417	536.640	645.890	581.500	20.005	0.000	-52264145.951	1049.338
18	0.700	595.699	538.450	692.680	596.135	21.124	0.000	-53297897.526	1013.069
18	0.800	607.914	543.060	727.860	606.560	25.281	0.000	-54302812.543	993.262
18	0.990	635.296	555.580	771.030	628.835	34.579	0.000	-55282567.787	961.300
19	0.000	508.050	508.050	508.050	508.050	0.000	0.000	-55997.791	0.767
19	0.100	497.672	470.140	530.470	497.650	8.330	0.000	-56165797.274	767.040
19	0.200	500.030	478.740	536.320	498.655	9.541	0.000	-56943357.188	786.813
19	0.300	510.685	481.410	573.960	508.610	13.486	0.000	-57732814.149	786.648
19	0.400	525.330	488.090	592.730	521.720	18.790	0.000	-58520339.707	786.119
19	0.500	544.118	489.580	619.790	542.610	22.436	0.000	-59338368.027	842.787
19	0.600	566.918	503.460	645.620	567.850	21.510	0.000	-60200002.197	876.667
19	0.700	585.546	514.520	642.610	586.165	20.040	0.000	-61078911.158	877.672
19	0.800	598.433	534.210	676.980	597.785	20.325	0.000	-61946921.854	856.094
19	0.990	615.789	557.670	723.520	612.945	25.694	0.000	-62794439.810	832.507
20	0.000	456.620	456.620	456.620	456.620	0.000	0.000	-62661.615	0.995
20	0.100	463.367	429.860	489.080	468.540	11.950	0.000	-63738525.989	1080.617
20	0.200	480.033	441.420	533.420	482.525	16.432	0.000	-64830856.297	1100.285
20	0.300	499.989	450.920	543.500	499.390	14.114	0.000	-65970061.443	1171.670
20	0.400	503.170	457.160	539.110	503.010	12.449	0.000	-67175021.642	1233.178
20	0.500	507.010	465.860	571.830	505.350	14.575	0.000	-68449539.915	1312.218
20	0.600	520.190	481.070	595.990	516.240	21.255	0.000	-69746775.173	1277.671
20	0.700	536.839	492.200	617.730	536.035	23.416	0.000	-71015839.038	1255.615
20	0.800	553.941	499.010	681.010	554.355	25.929	0.000	-72274513.316	1256.987
20	0.990	580.343	526.250	697.850	575.545	30.455	0.000	-73508302.416	1205.749
21	0.000	427.470	427.470	427.470	427.470	0.000	0.000	1967.277	0.802
21	0.100	439.799	415.830	460.250	440.615	7.450	0.000	1832425.393	700.683
21	0.200	446.310	416.950	491.390	444.230	13.345	0.000	1120328.378	721.306
21	0.300	462.116	424.110	534.930	462.465	15.410	0.000	383596.024	750.368
21	0.400	485.524	428.240	553.000	482.450	21.007	0.000	-361936.760	734.503
21	0.500	509.797	446.030	564.260	510.430	22.609	0.000	-1117559.468	772.947
21	0.600	530.003	470.710	594.310	530.455	19.912	0.000	-1881154.289	751.399
21	0.700	542.085	479.070	646.050	540.980	19.143	0.000	-2623245.352	729.382
21	0.800	556.378	505.080	667.640	552.860	25.589	0.000	-3346235.971	712.511
21	0.990	585.864	502.340	707.120	582.485	35.268	0.000	-4055717.540	703.020
22	0.000	500.790	500.790	500.790	500.790	0.000	0.000	-4626.650	0.770
22	0.100	478.695	438.590	520.800	484.440	17.684	0.000	-4789678.120	758.805
22	0.200	498.019	450.030	532.670	503.010	18.232	0.000	-5577674.270	815.382
22	0.300	509.659	453.250	545.260	510.165	11.172	0.000	-6422237.962	867.245
22	0.400	512.233	482.660	576.350	511.385	9.636	0.000	-7321266.229	925.346
22	0.500	517.804	480.490	593.920	514.850	15.289	0.000	-8261872.433	954.481
22	0.600	525.647	486.600	614.870	520.760	21.554	0.000	-9203002.448	924.047
22	0.700	537.227	493.080	654.850	529.835	27.802	0.000	-10116395.305	898.462
22	0.800	553.330	498.940	661.330	540.070	33.915	0.000	-11006833.231	878.100
22	0.990	588.688	509.390	704.050	596.810	39.050	0.000	-11872286.725	848.151
23	0.000	412.120	412.120	412.120	412.120	0.000	0.000	-12515.795	0.666
23	0.100	441.355	404.730	459.700	443.045	9.149	0.000	-12675294.272	752.644
23	0.200	450.384	421.840	473.590	450.260	7.243	0.000	-13441881.555	776.599
23	0.300	451.976	425.720	494.760	451.090	8.674	0.000	-14234406.790	804.973
23	0.400	460.102	435.860	533.390	459.555	10.982	0.000	-15047747.108	802.431
23	0.500	468.528	439.570	568.120	466.400	15.955	0.000	-15811529.982	736.652
23	0.600	485.030	440.730	585.230	473.665	28.798	0.000	-16559734.563	756.005
23	0.700	513.699	455.800	613.560	517.170	35.446	0.000	-17308411.437	738.322
23	0.800	538.713	467.370	625.780	539.110	33.591	0.000	-18039121.243	718.933
23	0.990	572.451	492.100	722.520	573.180	29.719	0.000	-18750757.064	699.902
24	0.000	394.120	394.120	394.120	394.120	0.000	0.000	-21159.552	0.397
24	0.100	411.335	384.590	432.470	412.375	7.041	0.000	-19310684.022	430.260
24	0.200	417.242	392.400	452.850	415.475	9.412	0.000	-19748043.056	442.453
24	0.300	425.636	398.920	466.230	425.720	11.179	0.000	-20200671.740	459.568
24	0.400	435.707	398.220	465.250	435.025	11.062	0.000	-20661637.385	460.011
24	0.500	442.974	401.930	504.640	442.395	12.173	0.000	-21118640.819	450.808
24	0.600	454.023	418.200	529.980	452.965	14.535	0.000	-21566552.988	441.719
24	0.700	467.044	425.930	554.870	463.230	19.213	0.000	-22006303.498	434.916
24	0.800	481.184	427.150	574.900	476.220	24.450	0.000	-22446958.556	452.549
24	0.990	507.898	449.120	593.400	507.905	29.288	0.000	-22924144.694	489.747
25	0.000	396.060	396.060	396.060	396.060	0.000	0.000	-25235.384	0.453
25	0.100	408.485	391.810	437.050	404.590	10.792	0.000	-23457704.478	574.652
25	0.200	430.389	387.680	451.990	431.300	7.376	0.000	-24013403.505	532.053
25	0.300	438.133	411.250	481.520	437.630	8.477	0.000	-24540517.155	518.011
25	0.400	452.552	419.870	507.960	449.445	15.487	0.000	-25061849.749	521.870
25	0.500	470.779	425.870	546.760	468.240	18.741	0.000	-25589797.189	531.409
25	0.600	487.504	435.170	579.750	486.655	21.580	0.000	-26118683.811	521.594
25	0.700	508.136	445.200	601.650	507.960	26.237	0.000	-26636786.385	513.000
25	0.800	528.620	453.930	612.160	525.050	28.926	0.000	-27148428.821	506.446
25	0.990	568.066	484.630	695.590	565.055	34.014	0.000	-27664679.884	523.939
26	0.000	400.950	400.950	400.950	400.950	0.000	0.000	-28153.534	0.670
26	0.100	406.255	377.430	434.510	408.630	10.063	0.000	-28285156.306	697.571
26	0.200	416.480	394.200	441.940	415.620	8.241	0.000	-28985766.870	699.293
26	0.300	424.325	396.290	462.600	425.475	9.210	0.000	-29682160.537	688.429
26	0.400	436.691	406.230	497.820	434.995	11.917	0.000	-30368258.409	680.141
26	0.500	451.342	416.280	502.480	450.140	14.888	0.000	-31073323.434	726.641
26	0.600	471.919	431.210	537.690	471.370	18.998	0.000	-31804173.829	731.092
26	0.700	487.898	444.790	586.720	486.345	21.058	0.000	-32533496.953	723.854
26	0.800	505.083	453.590	599.140	501.350	24.969	0.000	-33262072.366	730.191
26	0.990	531.868	478.020	621.340	527.665	30.307	0.000	-34004854.633	752.031
27	0.000	401.800	401.800	401.800	401.800	0.000	0.000	-36440.582	0.542
27	0.100	428.457	406.870	452.120	428.415	6.492	0.000	-34700861.911	650.378
27	0.200	436.551	394.250	464.370	437.725	11.251	0.000	-35349180.075	642.872
27	0.300	450.395	405.180	524.820	444.105	22.928	0.000	-35993710.504	640.709
27	0.400	486.909	420.790	541.570	489.140	19.205	0.000	-36644037.903	658.265
27	0.500	498.776	453.980	542.290	498.505	14.318	0.000	-37329705.346	707.735
27	0.600	508.425	455.090	562.800	507.865	15.400	0.000	-38028670.989	688.492
27	0.700	515.446	470.540	573.280	514.785	16.732	0.000	-38706907.291	663.548
27	0.800	524.574	474.440	623.320	523.580	20.067	0.000	-39367160.656	651.881
27	0.990	546.979	486.640	667.100	541.680	29.720	0.000	-40015367.728	641.312
28	0.000	544.930	544.930	544.930	544.930	0.000	0.000	-42122.730	1.387
28	0.100	567.854	544.140	598.180	566.155	9.421	0.000	-40990333.047	1258.602
28	0.200	588.255	557.830	628.680	587.065	9.434	0.000	-42245907.120	1245.739
28	0.300	588.252	558.950	626.020	587.765	12.789	0.000	-43473797.682	1203.860
28	0.400	594.403	553.260	636.590	594.950	14.957	0.000	-44666040.164	1178.083
28	0.500	602.404	560.500	651.420	602.485	15.943	0.000	-45847299.346	1177.830
28	0.600	612.696	563.390	690.820	611.375	17.588	0.000	-47041100.444	1204.468
28	0.700	623.482	566.310	723.820	621.905	20.491	0.000	-48259540.531	1227.030
28	0.800	634.955	570.210	758.190	632.275	25.744	0.000	-49501396.367	1251.737
28	0.990	664.876	595.570	804.740	655.720	40.968	0.000	-50782592.537	1304.312
29	0.000	469.890	469.890	469.890	469.890	0.000	0.000	-51638.358	0.806
29	0.100	466.191	441.170	499.790	464.715	9.203	0.000	-51818611.455	793.302
29	0.200	465.760	444.400	509.680	465.325	7.383	0.000	-52644098.069	851.074
29	0.300	473.322	442.420	506.160	473.265	9.721	0.000	-53498110.917	856.257
29	0.400	480.285	446.770	520.720	479.830	12.326	0.000	-54356197.131	852.835
29	0.500	492.600	453.650	568.650	491.575	16.161	0.000	-55234841.317	906.531
29	0.600	512.824	466.340	600.060	509.570	20.469	0.000	-56147877.629	909.220
29	0.700	533.068	478.660	619.680	528.955	25.191	0.000	-57048843.113	890.654
29	0.800	551.421	494.620	658.310	552.940	25.994	0.000	-57952287.907	915.440
29	0.990	576.686	510.400	697.180	577.250	25.531	0.000	-58869409.652	910.989
30	0.000	410.290	410.290	410.290	410.290	0.000	0.000	-59544.140	0.681
30	0.100	419.302	377.850	437.610	420.415	7.370	0.000	-59697313.782	740.272
30	0.200	421.758	378.580	476.460	419.670	12.629	0.000	-60447988.775	756.664
30	0.300	452.722	394.860	512.050	455.445	20.615	0.000	-61206964.757	755.913
30	0.400	473.118	416.340	527.840	476.985	19.118	0.000	-61952842.167	738.195
30	0.500	487.103	416.510	563.000	487.735	19.802	0.000	-62736789.026	820.946
30	0.600	505.684	441.880	583.790	504.850	20.385	0.000	-63564396.881	828.856
30	0.700	521.571	459.170	597.790	521.925	20.787	0.000	-64383142.985	806.725
30	0.800	533.023	470.460	615.480	533.535	20.841	0.000	-65178657.504	778.623
30	0.990	553.689	481.440	661.450	552.675	23.986	0.000	-65949342.938	761.862
31	0.000	425.200	425.200	425.200	425.200	0.000	0.000	1967.277	0.688
31	0.100	463.426	444.350	480.400	463.400	5.612	0.000	1838402.531	690.937
31	0.200	463.515	441.090	485.800	463.110	5.652	0.000	1140166.337	704.477
31	0.300	466.866	445.830	516.110	465.335	9.033	0.000	439438.318	689.535
31	0.400	481.217	444.370	563.100	474.975	20.555	0.000	-259553.556	706.591
31	0.500	505.509	454.090	572.780	510.955	27.032	0.000	-1000857.108	769.798
31	0.600	529.503	462.490	591.120	532.480	22.830	0.000	-1764236.441	754.378
31	0.700	545.620	475.380	646.610	546.445	19.713	0.000	-2518053.239	748.169
31	0.800	555.244	493.560	663.820	554.010	19.116	0.000	-3279491.943	772.619
31	0.990	570.965	520.670	722.880	565.560	26.857	0.000	-4069463.788	804.138
32	0.000	392.370	392.370	392.370	392.370	0.000	0.000	-4691.107	0.631
32	0.100	426.125	389.710	450.180	428.885	10.864	0.000	-4785059.668	622.199
32	0.200	434.852	411.440	461.020	434.400	9.117	0.000	-5414258.967	633.215
32	0.300	446.697	417.660	495.420	445.855	12.343	0.000	-6040871.565	613.474
32	0.400	456.982	421.800	516.530	456.530	13.561	0.000	-6655721.250	613.220
32	0.500	466.665	426.440	554.160	464.490	17.813	0.000	-7288628.870	650.354
32	0.600	480.854	425.310	579.440	477.875	23.006	0.000	-7947299.907	664.083
32	0.700	497.787	442.910	599.860	495.630	27.588	0.000	-8618074.842	672.629
32	0.800	514.629	449.100	608.920	513.495	29.554	0.000	-9297319.279	682.053
32	0.990	550.321	476.120	646.410	551.125	31.827	0.000	-9982929.495	685.258
33	0.000	361.240	361.240	361.240	361.240	0.000	0.000	-9623.793	0.320
33	0.100	389.962	342.210	434.450	382.780	15.833	0.000	-10633512.651	361.914
33	0.200	401.925	361.440	457.270	392.980	18.850	0.000	-11001071.425	370.788
33	0.300	425.773	370.650	469.380	428.415	20.484	0.000	-11379149.215	382.198
33	0.400	438.026	387.410	476.360	438.950	14.660	0.000	-11765116.217	387.462
33	0.500	444.881	387.100	488.470	444.085	14.776	0.000	-12151367.032	382.201
33	0.600	456.607	415.710	508.280	455.290	15.575	0.000	-12530534.999	373.427
33	0.700	467.339	422.770	533.810	466.340	16.563	0.000	-12907649.554	377.867
33	0.800	478.974	425.740	558.960	476.770	20.300	0.000	-13291985.831	387.940
33	0.990	504.455	444.170	598.890	500.630	28.825	0.000	-13687546.915	401.360
34	0.000	419.440	419.440	419.440	419.440	0.000	0.000	-15821.746	0.514
34	0.100	435.386	420.470	462.700	434.245	6.618	0.000	-14006114.400	497.282
34	0.200	449.288	424.640	493.390	448.785	10.087	0.000	-14512247.801	508.801
34	0.300	465.013	431.260	520.300	464.255	13.748	0.000	-15013292.862	499.632
34	0.400	476.493	434.000	545.690	475.935	16.014	0.000	-15532585.697	529.401
34	0.500	488.960	442.530	562.830	488.000	19.429	0.000	-16089503.010	579.772
34	0.600	502.275	448.530	575.410	500.140	19.671	0.000	-16671653.524	582.629
34	0.700	517.094	466.670	591.100	515.390	20.653	0.000	-17252516.207	574.695
34	0.800	531.156	472.940	609.570	529.190	24.257	0.000	-17825334.737	568.022
34	0.990	563.130	490.350	698.490	563.925	30.666	0.000	-18392308.333	563.274
35	0.000	410.170	410.170	410.170	410.170	0.000	0.000	-18900.806	0.634
35	0.100	424.977	397.960	471.450	421.880	14.519	0.000	-19044026.011	720.131
35	0.200	448.783	412.150	492.320	448.550	12.774	0.000	-19765540.126	718.494
35	0.300	458.818	415.720	517.420	459.390	13.746	0.000	-20514156.224	775.162
35	0.400	469.189	423.310	532.970	468.460	15.729	0.000	-21312422.349	818.298
35	0.500	485.909	432.430	581.490	479.655	25.155	0.000	-22146799.910	845.813
35	0.600	520.190	443.780	634.550	519.695	34.772	0.000	-22979361.468	815.715
35	0.700	552.211	460.080	654.980	547.805	38.136	0.000	-23777193.242	770.948
35	0.800	584.255	481.030	668.680	579.890	37.894	0.000	-24528671.814	732.384
35	0.990	615.145	517.330	714.850	622.300	33.122	0.000	-25258805.790	724.829
36	0.000	474.370	474.370	474.370	474.370	0.000	0.000	-25840.246	0.707
36	0.100	485.181	467.670	503.650	484.985	5.861	0.000	-25965498.452	683.344
36	0.200	481.117	462.770	523.650	480.075	8.275	0.000	-26662295.003	707.111
36	0.300	490.754	458.070	551.910	488.335	18.605	0.000	-27385976.923	735.546
36	0.400	506.350	461.930	583.730	503.635	22.011	0.000	-28127127.881	743.001
36	0.500	522.536	461.490	636.380	520.835	32.706	0.000	-28892753.153	783.101
36	0.600	562.683	478.970	663.750	556.820	45.873	0.000	-29673008.311	776.286
36	0.700	595.923	486.760	710.160	605.445	41.067	0.000	-30460925.178	797.721
36	0.800	619.104	501.920	722.760	620.215	31.544	0.000	-31268178.646	812.199
36	0.990	647.591	536.700	743.620	648.575	31.673	0.000	-32071223.381	788.234
37	0.000	471.000	471.000	471.000	471.000	0.000	0.000	-31916.850	0.888
37	0.100	494.465	465.280	532.290	492.240	16.600	0.000	-32873578.032	823.955
37	0.200	505.480	469.970	546.960	503.535	14.919	0.000	-33675158.079	790.554
37	0.300	513.048	469.900	562.030	512.765	16.120	0.000	-34510212.149	878.556
37	0.400	528.656	479.040	606.760	528.315	19.871	0.000	-35410400.649	918.116
37	0.500	544.672	486.010	603.100	544.995	20.494	0.000	-36355174.340	967.295
37	0.600	558.201	500.360	632.660	558.035	19.035	0.000	-37325726.489	968.620
37	0.700	570.330	510.600	659.550	569.070	21.659	0.000	-38284131.811	940.369
37	0.800	581.621	526.790	685.920	579.090	24.589	0.000	-39203103.063	897.998
37	0.990	605.707	526.430	717.290	599.370	32.643	0.000	-40086100.946	863.233
38	0.000	504.660	504.660	504.660	504.660	0.000	0.000	-40751.742	0.677
38	0.100	495.537	442.020	539.380	499.850	19.945	0.000	-40857930.158	645.123
38	0.200	510.107	451.390	544.260	511.535	13.409	0.000	-41504361.394	645.926
38	0.300	516.600	469.710	555.110	516.790	11.627	0.000	-42143161.777	628.396
38	0.400	519.583	480.880	572.590	518.110	12.805	0.000	-42776922.621	636.256
38	0.500	524.732	491.130	588.910	522.945	15.695	0.000	-43435771.750	676.211
38	0.600	535.617	494.030	598.270	535.365	17.436	0.000	-44113573.735	677.309
38	0.700	546.408	499.480	613.770	546.070	17.895	0.000	-44791453.230	674.358
38	0.800	555.620	504.600	627.010	554.055	19.307	0.000	-45465039.068	669.644
38	0.990	578.002	505.590	689.070	573.445	27.011	0.000	-46131450.887	660.134
39	0.000	537.420	537.420	537.420	537.420	0.000	0.000	-45912.860	1.009
39	0.100	536.821	511.110	568.580	535.975	9.760	0.000	-46952670.200	1006.879
39	0.200	544.480	521.200	603.170	543.410	10.126	0.000	-47961028.517	1004.853
39	0.300	548.683	515.800	623.810	544.980	17.110	0.000	-49007203.026	1083.068
39	0.400	575.289	520.100	644.860	579.180	24.649	0.000	-50080230.392	1059.753
39	0.500	594.076	535.850	651.760	593.920	18.411	0.000	-51147771.515	1072.581
39	0.600	607.703	543.930	679.860	607.110	22.668	0.000	-52211344.742	1049.643
39	0.700	626.194	557.520	700.160	627.525	24.221	0.000	-53254549.052	1031.036
39	0.800	641.078	561.920	750.470	641.490	25.633	0.000	-54297829.022	1053.562
39	0.990	668.836	590.240	786.420	663.600	30.943	0.000	-55368516.054	1080.580
40	0.000	454.900	454.900	454.900	454.900	0.000	0.000	-55374.380	0.873
40	0.100	460.583	437.780	493.870	459.980	11.329	0.000	-56324049.570	826.278
40	0.200	480.190	454.270	513.200	480.020	10.141	0.000	-57145528.390	813.729
40	0.300	486.530	452.920	524.590	486.085	12.136	0.000	-57987132.484	864.177
40	0.400	496.308	455.040	554.080	496.400	14.540	0.000	-58853830.926	866.173
40	0.500	503.003	460.320	567.200	502.185	15.763	0.000	-59758415.120	940.552
40	0.600	516.734	470.010	590.650	513.285	22.187	0.000	-60726023.782	989.668
40	0.700	534.775	481.550	640.080	530.110	26.967	0.000	-61720453.533	994.268
40	0.800	552.350	491.630	636.250	554.835	26.773	0.000	-62709467.540	981.439
40	0.990	579.437	511.690	688.480	577.005	30.452	0.000	-63680359.914	956.074
41	0.000	508.230	508.230	508.230	508.230	0.000	0.000	407.035	1.138
41	0.100	512.227	483.860	552.910	511.345	9.434	0.000	1655323.200	1026.902
41	0.200	526.351	488.690	561.520	526.430	13.709	0.000	620173.166	1037.800
41	0.300	525.067	493.140	563.720	525.380	11.044	0.000	-442910.767	1083.394
41	0.400	534.786	496.780	583.550	534.275	12.316	0.000	-1534271.693	1097.899
41	0.500	546.455	508.680	618.370	543.865	15.383	0.000	-2648411.308	1126.010
41	0.600	565.442	520.450	669.740	557.710	26.451	0.000	-3779098.517	1129.774
41	0.700	593.611	531.510	687.340	587.240	34.010	0.000	-4900778.854	1108.816
41	0.800	616.248	546.650	706.650	621.220	32.415	0.000	-6006072.785	1096.049
41	0.990	647.082	573.290	756.800	646.905	29.107	0.000	-7116399.330	1123.894
42	0.000	399.480	399.480	399.480	399.480	0.000	0.000	-7883.111	0.694
42	0.100	426.233	396.610	477.250	421.050	16.965	0.000	-7973361.462	614.887
42	0.200	464.001	416.470	503.550	462.890	11.579	0.000	-8606741.164	648.348
42	0.300	471.244	421.070	514.580	471.720	11.726	0.000	-9263784.698	661.171
42	0.400	483.611	441.120	536.880	480.885	18.736	0.000	-9908734.291	625.723
42	0.500	502.724	446.400	576.250	504.165	18.793	0.000	-10553144.059	659.925
42	0.600	526.187	449.970	636.020	520.835	28.261	0.000	-11200470.955	632.467
42	0.700	551.930	480.150	646.950	538.920	35.587	0.000	-11821008.705	605.652
42	0.800	574.368	490.280	677.290	578.730	38.041	0.000	-12419741.800	588.637
42	0.990	610.430	514.060	701.770	614.825	32.853	0.000	-13006385.974	581.870
43	0.000	429.260	429.260	429.260	429.260	0.000	0.000	-13516.407	0.596
43	0.100	422.215	399.120	441.350	422.400	4.941	0.000	-13600370.494	600.999
43	0.200	427.632	405.520	463.940	425.310	10.107	0.000	-14231511.801	657.824
43	0.300	438.628	407.330	489.820	436.835	13.662	0.000	-14892938.230	662.284
43	0.400	460.005	421.110	521.190	460.400	15.368	0.000	-15561144.435	670.716
43	0.500	476.238	426.440	561.340	475.050	18.398	0.000	-16262666.944	730.575
43	0.600	497.721	442.780	571.890	494.140	22.673	0.000	-16984810.455	710.431
43	0.700	517.675	451.770	595.560	519.860	26.349	0.000	-17679219.350	674.131
43	0.800	537.188	468.320	605.680	539.035	24.241	0.000	-18342108.646	648.929
43	0.990	558.783	491.870	652.550	559.380	19.586	0.000	-18985865.645	635.349
44	0.000	466.470	466.470	466.470	466.470	0.000	0.000	-18754.992	0.884
44	0.100	478.354	453.140	491.570	478.510	5.733	0.000	-19790443.807	998.495
44	0.200	513.572	454.470	553.210	526.590	26.055	0.000	-20781727.877	979.219
44	0.300	526.694	461.950	569.560	527.510	11.346	0.000	-21780074.123	1014.457
44	0.400	528.090	471.760	568.350	527.180	10.002	0.000	-22832885.112	1086.311
44	0.500	534.566	491.290	587.600	532.405	12.660	0.000	-23928099.871	1098.796
44	0.600	546.397	515.020	605.770	543.905	14.541	0.000	-25003632.999	1048.589
44	0.700	561.023	527.890	697.140	557.530	18.199	0.000	-26042334.406	1022.301
44	0.800	582.695	536.110	723.480	571.215	34.194	0.000	-27075202.013	1041.043
44	0.990	640.210	560.410	774.300	646.980	45.821	0.000	-28137991.705	1080.369
45	0.000	395.050	395.050	395.050	395.050	0.000	0.000	-28911.385	0.569
45	0.100	396.870	378.160	414.150	397.505	5.710	0.000	-28986585.672	584.512
45	0.200	404.429	388.380	430.230	404.225	6.074	0.000	-29570794.478	579.925
45	0.300	415.346	391.730	458.630	414.105	10.306	0.000	-30155392.151	586.191
45	0.400	432.443	395.380	479.190	432.110	13.434	0.000	-30740036.987	581.135
45	0.500	447.250	413.050	508.920	446.355	15.883	0.000	-31343628.595	622.180
45	0.600	467.158	425.830	543.000	466.170	18.495	0.000	-31971598.024	629.962
45	0.700	482.387	436.140	554.500	481.550	19.071	0.000	-32603400.452	631.106
45	0.800	497.340	451.600	582.430	495.095	20.955	0.000	-33238505.836	635.546
45	0.990	523.815	474.420	626.200	520.025	27.007	0.000	-33876781.230	637.752
46	0.000	541.420	541.420	541.420	541.420	0.000	0.000	-35974.726	0.954
46	0.100	545.425	522.840	581.970	544.265	10.638	0.000	-34731253.025	1036.886
46	0.200	554.744	527.360	598.480	551.530	13.433	0.000	-35791338.355	1078.038
46	0.300	556.060	517.980	606.660	555.430	13.704	0.000	-36857179.785	1048.550
46	0.400	570.645	520.680	656.440	569.505	19.404	0.000	-37912937.331	1059.037
46	0.500	593.997	538.950	663.250	588.055	27.535	0.000	-38995260.145	1103.164
46	0.600	621.507	554.700	695.400	623.650	28.324	0.000	-40086171.160	1071.568
46	0.700	645.077	562.740	726.290	648.115	27.273	0.000	-41150884.649	1054.183
46	0.800	660.547	585.080	762.460	660.490	26.765	0.000	-42207392.523	1055.535
46	0.990	683.309	614.680	801.230	681.170	29.726	0.000	-43276024.280	1078.569
47	0.000	507.950	507.950	507.950	507.950	0.000	0.000	-43252.133	0.874
47	0.100	510.441	480.190	535.680	511.075	10.000	0.000	-44259298.015	942.296
47	0.200	514.245	479.720	548.890	513.400	11.962	0.000	-45178175.914	890.531
47	0.300	519.303	488.060	567.310	517.710	12.291	0.000	-46070154.966	889.347
47	0.400	531.360	495.360	585.850	529.800	14.665	0.000	-46977400.325	921.056
47	0.500	542.143	503.640	624.050	541.510	16.057	0.000	-47898060.953	917.245
47	0.600	557.706	514.890	642.650	554.900	20.703	0.000	-48812996.315	909.129
47	0.700	577.862	519.050	642.650	577.475	23.959	0.000	-49730456.169	920.750
47	0.800	595.069	532.490	681.510	594.815	24.898	0.000	-50660954.776	934.896
47	0.990	627.933	566.020	746.370	624.680	29.445	0.000	-51608088.666	956.967
48	0.000	437.030	437.030	437.030	437.030	0.000	0.000	-54161.338	0.363
48	0.100	435.957	419.140	454.160	435.475	5.031	0.000	-52294116.589	394.053
48	0.200	430.989	403.840	457.410	431.040	6.708	0.000	-52707231.563	430.359
48	0.300	430.180	405.440	458.120	430.215	8.764	0.000	-53148660.478	449.945
48	0.400	433.779	408.650	488.500	433.470	10.122	0.000	-53592321.212	434.531
48	0.500	443.249	414.790	513.690	440.950	14.690	0.000	-54025498.072	428.816
48	0.600	461.981	423.490	613.960	454.955	23.641	0.000	-54452275.234	422.296
48	0.700	489.091	435.830	613.300	486.850	30.568	0.000	-54871811.265	414.294
48	0.800	516.601	450.420	619.760	513.380	34.622	0.000	-55284266.306	407.926
48	0.990	560.196	471.270	694.520	558.010	37.658	0.000	-55700703.204	422.469
49	0.000	420.840	420.840	420.840	420.840	0.000	0.000	-56138.317	0.578
49	0.100	426.738	412.520	450.980	426.415	5.594	0.000	-56217223.085	592.381
49	0.200	440.147	411.450	465.660	441.540	8.651	0.000	-56795849.776	560.177
49	0.300	446.683	419.370	475.600	446.580	9.387	0.000	-57358012.502	563.491
49	0.400	451.782	419.300	485.820	451.520	11.320	0.000	-57922682.769	561.980
49	0.500	461.954	430.150	511.600	461.670	12.611	0.000	-58506862.070	603.109
49	0.600	475.194	439.000	534.660	474.285	15.346	0.000	-59113960.798	608.495
49	0.700	487.087	450.050	577.690	484.760	19.008	0.000	-59723641.418	606.764
49	0.800	504.002	459.990	599.510	497.785	26.184	0.000	-60334278.593	612.201
49	0.990	543.419	485.460	702.790	540.445	36.192	0.000	-60943123.571	601.437
50	0.000	461.050	461.050	461.050	461.050	0.000	0.000	-60694.873	0.743
50	0.100	449.829	436.150	472.330	449.125	5.909	0.000	-61630163.582	798.432
50	0.200	462.175	440.460	518.490	461.350	8.430	0.000	-62415984.172	769.320
50	0.300	495.339	445.470	541.400	497.925	20.964	0.000	-63185481.695	765.173
50	0.400	511.138	461.780	568.450	512.920	18.646	0.000	-63960300.434	783.160
50	0.500	520.480	467.770	608.700	522.095	19.754	0.000	-64772495.695	835.822
50	0.600	533.017	478.430	608.220	534.555	18.958	0.000	-65606892.571	828.594
50	0.700	543.258	481.020	645.910	541.530	18.738	0.000	-66435514.170	825.602
50	0.800	553.887	499.590	681.010	550.615	23.220	0.000	-67272788.325	845.287
50	0.990	585.265	520.830	747.080	578.995	36.946	0.000	-68120122.920	846.594
51	0.000	433.360	433.360	433.360	433.360	0.000	0.000	1967.278	0.594
51	0.100	453.977	432.630	474.510	453.745	6.930	0.000	1903985.411	560.032
51	0.200	458.801	442.370	483.430	457.825	5.923	0.000	1344141.859	556.447
51	0.300	467.429	446.090	521.060	465.430	11.218	0.000	772961.612	582.435
51	0.400	495.129	453.390	545.540	497.370	20.639	0.000	196382.127	568.463
51	0.500	509.623	455.680	570.820	510.240	19.190	0.000	-375801.539	573.303
51	0.600	523.942	469.740	615.850	523.460	20.481	0.000	-957242.424	585.023
51	0.700	540.758	482.190	656.090	538.785	22.963	0.000	-1550388.402	597.107
51	0.800	556.626	496.220	686.540	552.035	28.532	0.000	-2161311.682	623.685
51	0.990	589.890	512.640	757.950	586.465	39.797	0.000	-2797559.783	644.378
52	0.000	418.320	418.320	418.320	418.320	0.000	0.000	-5178.366	0.385
52	0.100	410.622	388.550	427.520	411.350	7.100	0.000	-3318030.527	408.512
52	0.200	410.301	386.150	436.070	410.925	8.255	0.000	-3716648.243	385.710
52	0.300	417.300	387.950	448.090	417.135	8.712	0.000	-4123560.017	425.323
52	0.400	428.948	400.150	472.640	427.820	10.613	0.000	-4553437.787	431.700
52	0.500	439.448	404.900	486.760	438.065	12.804	0.000	-4978998.911	417.074
52	0.600	453.474	418.650	502.020	452.210	15.446	0.000	-5390520.945	403.956
52	0.700	469.065	423.950	534.560	468.095	17.883	0.000	-5793087.025	398.099
52	0.800	480.284	433.640	559.370	478.030	20.992	0.000	-6192133.824	397.618
52	0.990	500.767	449.130	614.000	498.115	25.255	0.000	-6594842.371	404.804
53	0.000	513.940	513.940	513.940	513.940	0.000	0.000	-6255.480	1.108
53	0.100	542.229	510.430	584.230	541.395	11.057	0.000	-7245816.706	907.848
53	0.200	548.508	519.480	580.410	548.465	10.086	0.000	-8153731.066	904.437
53	0.300	553.826	524.950	587.540	553.510	10.192	0.000	-9076387.398	935.640
53	0.400	557.374	523.520	605.510	556.465	11.518	0.000	-10039472.481	984.955
53	0.500	564.011	532.290	621.100	561.505	16.439	0.000	-11049605.784	1032.758
53	0.600	578.923	532.380	667.830	575.530	22.064	0.000	-12093771.027	1052.511
53	0.700	595.740	534.250	709.490	595.310	25.685	0.000	-13141192.867	1039.277
53	0.800	613.441	535.580	753.730	612.170	27.887	0.000	-14181214.702	1037.529
53	0.990	643.502	568.240	758.780	637.415	35.949	0.000	-15221074.779	1038.049
54	0.000	478.090	478.090	478.090	478.090	0.000	0.000	-15975.247	0.584
54	0.100	482.085	452.890	516.490	481.245	9.050	0.000	-16057656.869	598.392
54	0.200	479.172	452.600	516.480	478.475	11.406	0.000	-16685648.953	654.074
54	0.300	481.121	455.720	524.370	479.725	10.284	0.000	-17356764.836	685.590
54	0.400	490.114	460.290	552.910	488.445	13.690	0.000	-18039006.486	675.546
54	0.500	508.303	465.990	606.370	502.470	24.251	0.000	-18705856.515	655.123
54	0.600	543.965	475.670	633.000	542.365	33.153	0.000	-19349108.484	627.671
54	0.700	573.631	489.910	720.850	574.190	32.533	0.000	-19970434.279	611.984
54	0.800	595.113	504.780	706.770	595.030	32.221	0.000	-20581599.401	607.577
54	0.990	623.640	543.700	733.930	622.525	32.284	0.000	-21192622.363	610.480
55	0.000	456.960	456.960	456.960	456.960	0.000	0.000	-21716.806	0.516
55	0.100	468.750	440.650	530.920	467.725	10.020	0.000	-21760069.817	520.756
55	0.200	509.842	452.460	562.600	504.545	25.600	0.000	-22307028.227	569.951
55	0.300	524.229	467.320	573.970	527.075	22.106	0.000	-22873038.861	558.870
55	0.400	534.837	481.020	588.400	535.450	19.435	0.000	-23419575.722	530.886
55	0.500	546.726	483.060	608.240	547.885	19.208	0.000	-23964364.814	555.054
55	0.600	560.379	511.060	663.550	560.890	19.041	0.000	-24522692.328	558.994
55	0.700	575.103	516.030	683.120	570.725	26.605	0.000	-25081346.540	554.956
55	0.800	595.665	523.510	694.480	587.960	34.340	0.000	-25641629.847	562.195
55	0.990	632.009	539.960	759.880	634.955	38.112	0.000	-26203746.194	559.540
56	0.000	413.390	413.390	413.390	413.390	0.000	0.000	-26702.567	0.578
56	0.100	445.028	404.720	496.130	437.610	18.668	0.000	-26767060.357	563.189
56	0.200	469.999	410.650	515.410	471.160	17.847	0.000	-27343357.237	585.308
56	0.300	479.425	429.460	532.650	480.565	15.771	0.000	-27936398.668	599.300
56	0.400	491.417	442.040	544.830	490.805	16.342	0.000	-28564079.844	651.380
56	0.500	502.817	454.890	577.310	502.535	18.770	0.000	-29242006.516	701.832
56	0.600	522.028	459.740	635.110	520.680	25.332	0.000	-29929924.633	670.369
56	0.700	547.015	468.460	652.880	542.710	33.406	0.000	-30589249.197	645.397
56	0.800	572.144	469.340	664.900	568.815	37.127	0.000	-31229842.113	632.491
56	0.990	609.986	513.030	709.410	616.615	34.355	0.000	-31857691.131	619.445
57	0.000	428.640	428.640	428.640	428.640	0.000	0.000	-31618.303	0.725
57	0.100	481.232	429.950	519.950	482.435	13.311	0.000	-32516504.244	724.489
57	0.200	491.366	437.560	528.480	492.865	12.621	0.000	-33248978.635	737.217
57	0.300	498.975	461.930	538.440	498.255	11.517	0.000	-33981637.741	723.165
57	0.400	510.983	469.430	550.300	510.705	13.055	0.000	-34716882.066	744.023
57	0.500	520.735	480.790	565.380	521.615	14.523	0.000	-35463867.722	746.977
57	0.600	535.167	484.980	593.280	535.250	17.409	0.000	-36207332.518	737.105
57	0.700	550.398	491.940	618.210	549.430	19.121	0.000	-36949154.790	742.347
57	0.800	562.720	501.660	647.050	562.080	20.491	0.000	-37710368.135	776.058
57	0.990	578.731	527.350	698.560	576.575	20.794	0.000	-38498475.988	796.443
58	0.000	483.930	483.930	483.930	483.930	0.000	0.000	-38363.344	0.920
58	0.100	492.643	458.880	513.470	489.915	10.720	0.000	-39342810.486	886.029
58	0.200	508.068	469.890	561.750	506.375	10.507	0.000	-40220840.476	865.464
58	0.300	531.657	486.170	574.600	539.710	22.599	0.000	-41075725.916	841.154
58	0.400	549.899	478.000	592.010	551.715	15.080	0.000	-41928299.276	859.843
58	0.500	557.349	510.430	602.850	555.895	12.695	0.000	-42793538.517	866.471
58	0.600	568.279	516.250	638.780	566.330	16.619	0.000	-43659598.515	864.009
58	0.700	578.294	537.500	654.840	576.545	20.036	0.000	-44524463.248	860.364
58	0.800	588.451	536.480	684.780	585.280	22.421	0.000	-45393554.892	874.926
58	0.990	610.669	545.150	752.040	604.945	33.315	0.000	-46292089.921	917.751
59	0.000	405.990	405.990	405.990	405.990	0.000	0.000	-46985.529	0.515
59	0.100	399.999	386.380	423.740	399.585	4.953	0.000	-47048135.422	559.866
59	0.200	408.311	391.460	440.660	408.030	6.058	0.000	-47625268.896	591.088
59	0.300	412.162	395.980	463.330	409.945	10.784	0.000	-48236582.912	628.715
59	0.400	430.896	402.680	515.110	419.865	21.765	0.000	-48869774.743	633.236
59	0.500	461.614	421.080	578.120	462.490	27.339	0.000	-49506373.810	638.363
59	0.600	501.390	435.680	624.270	496.750	35.740	0.000	-50145104.654	634.966
59	0.700	537.412	451.730	635.040	538.305	37.895	0.000	-50769185.802	609.762
59	0.800	558.802	462.300	644.890	567.505	34.861	0.000	-51370151.089	588.907
59	0.990	589.163	493.090	701.420	591.000	36.431	0.000	-51950102.748	567.536
60	0.000	485.980	485.980	485.980	485.980	0.000	0.000	-51684.669	0.947
60	0.100	506.189	470.860	545.680	506.790	11.362	0.000	-52670531.646	898.579
60	0.200	518.093	477.760	578.180	517.260	15.125	0.000	-53565227.044	887.171
60	0.300	544.278	493.320	615.360	541.815	21.128	0.000	-54457752.752	893.942
60	0.400	570.997	510.540	620.230	573.715	21.035	0.000	-55370687.205	927.157
60	0.500	581.560	512.260	659.450	581.930	19.628	0.000	-56339677.618	1006.796
60	0.600	594.394	539.010	664.540	593.855	18.581	0.000	-57375689.696	1062.395
60	0.700	607.115	554.600	705.770	607.150	18.329	0.000	-58434583.737	1050.569
60	0.800	616.751	568.680	761.490	614.945	20.905	0.000	-59478175.809	1033.190
60	0.990	636.630	580.190	776.950	632.705	26.826	0.000	-60486152.227	979.843
61	0.000	405.510	405.510	405.510	405.510	0.000	0.000	127.313	0.455
61	0.100	416.843	400.930	454.100	414.830	9.463	0.000	1965201.529	453.089
61	0.200	434.270	396.160	489.800	431.740	17.408	0.000	1491069.219	492.621
61	0.300	457.049	411.270	515.150	454.500	19.458	0.000	976616.182	532.609
61	0.400	475.148	426.250	524.080	475.720	18.049	0.000	440431.425	537.607
61	0.500	491.091	436.570	562.410	492.245	18.793	0.000	-120737.275	581.471
61	0.600	509.195	449.150	578.200	508.215	18.835	0.000	-692897.457	559.626
61	0.700	521.985	454.000	598.300	521.575	20.348	0.000	-1243707.682	539.688
61	0.800	536.156	473.830	605.550	536.265	21.537	0.000	-1777404.872	524.805
61	0.990	557.322	490.890	623.890	557.945	21.558	0.000	-2298157.906	514.461
62	0.000	351.270	351.270	351.270	351.270	0.000	0.000	-4622.032	0.521
62	0.100	357.772	337.230	383.690	353.255	9.880	0.000	-2805864.349	496.510
62	0.200	372.276	344.170	406.330	371.105	7.792	0.000	-3317377.960	524.214
62	0.300	381.573	361.410	430.640	380.235	9.259	0.000	-3835852.310	509.855
62	0.400	394.825	366.310	466.610	391.395	16.128	0.000	-4333546.500	482.396
62	0.500	420.427	372.480	500.440	418.635	23.308	0.000	-4803817.873	455.395
62	0.600	444.270	386.430	511.400	442.355	23.553	0.000	-5251086.375	437.002
62	0.700	460.323	400.820	531.700	458.645	25.619	0.000	-5688292.317	434.703
62	0.800	475.148	412.450	544.400	476.820	26.872	0.000	-6127099.819	439.707
62	0.990	498.990	435.180	603.990	497.065	26.965	0.000	-6574694.316	453.145
63	0.000	378.000	378.000	378.000	378.000	0.000	0.000	-8867.539	0.564
63	0.100	409.427	383.780	423.870	410.320	6.313	0.000	-7069866.474	533.361
63	0.200	413.586	383.230	461.630	413.800	9.558	0.000	-7597737.870	519.890
63	0.300	431.901	391.550	485.840	425.625	19.920	0.000	-8110219.240	502.654
63	0.400	451.892	399.910	500.680	459.495	21.693	0.000	-8603187.586	479.947
63	0.500	466.624	406.780	520.200	468.645	19.282	0.000	-9075997.488	462.834
63	0.600	482.361	421.840	551.300	482.165	21.320	0.000	-9534562.435	451.591
63	0.700	496.411	427.160	577.050	495.830	21.627	0.000	-9987103.845	450.553
63	0.800	508.500	442.590	623.850	507.285	22.484	0.000	-10441400.728	455.801
63	0.990	533.445	470.770	639.300	529.400	27.573	0.000	-10905120.468	469.359
64	0.000	454.130	454.130	454.130	454.130	0.000	0.000	-11366.307	0.581
64	0.100	467.939	451.580	491.960	467.530	8.187	0.000	-11459740.943	620.217
64	0.200	493.966	457.960	547.560	486.950	21.203	0.000	-12093931.114	646.135
64	0.300	505.621	457.910	562.060	504.500	19.777	0.000	-12743261.793	648.559
64	0.400	515.265	462.160	564.370	513.840	23.732	0.000	-13407785.835	677.118
64	0.500	527.513	457.180	570.390	532.400	19.523	0.000	-14092456.340	688.787
64	0.600	536.885	467.710	594.180	536.270	16.388	0.000	-14784310.599	692.047
64	0.700	546.635	493.610	624.190	543.775	18.855	0.000	-15471818.289	679.898
64	0.800	558.195	496.570	653.800	556.470	22.615	0.000	-16147210.255	667.112
64	0.990	580.867	516.760	759.020	577.375	30.362	0.000	-16808398.419	651.474
65	0.000	489.610	489.610	489.610	489.610	0.000	0.000	-16585.130	0.851
65	0.100	519.189	493.370	546.080	518.505	9.479	0.000	-17546454.245	849.731
65	0.200	526.813	500.380	579.390	525.595	11.559	0.000	-18413371.300	880.214
65	0.300	536.579	502.020	596.500	532.575	18.613	0.000	-19324610.853	938.541
65	0.400	559.526	510.520	618.020	556.915	23.294	0.000	-20266473.837	942.883
65	0.500	577.233	522.500	631.770	581.160	21.242	0.000	-21225724.923	971.142
65	0.600	594.089	527.900	663.530	594.425	20.575	0.000	-22204867.557	981.948
65	0.700	610.481	536.170	710.910	609.160	23.316	0.000	-23188404.042	981.368
65	0.800	628.516	545.290	748.960	626.420	27.572	0.000	-24186525.537	1011.521
65	0.990	660.753	577.440	788.220	658.565	33.372	0.000	-25196191.485	1003.224
66	0.000	453.320	453.320	453.320	453.320	0.000	0.000	-25932.512	0.741
66	0.100	447.368	433.110	485.190	445.950	7.471	0.000	-26083086.590	734.090
66	0.200	473.249	442.710	510.130	472.970	10.977	0.000	-26828513.903	752.148
66	0.300	480.235	449.200	522.570	479.235	11.651	0.000	-27596429.332	781.723
66	0.400	490.500	456.600	564.280	489.655	13.411	0.000	-28402630.787	825.739
66	0.500	506.648	470.500	594.450	502.025	20.854	0.000	-29251732.317	870.504
66	0.600	533.021	478.480	605.550	527.115	28.383	0.000	-30131270.273	887.043
66	0.700	554.963	491.390	634.560	558.810	28.310	0.000	-31011812.995	868.503
66	0.800	571.775	499.840	647.490	575.805	26.370	0.000	-31873291.115	849.799
66	0.990	594.128	523.080	726.700	592.155	22.470	0.000	-32697378.781	794.167
67	0.000	378.170	378.170	378.170	378.170	0.000	0.000	-32392.671	0.238
67	0.100	372.069	350.780	387.330	372.365	5.934	0.000	-33340040.825	237.609
67	0.200	380.123	349.150	432.510	379.985	12.112	0.000	-33581868.127	243.975
67	0.300	394.180	348.590	435.770	394.580	14.453	0.000	-33834303.175	258.854
67	0.400	406.035	371.310	465.930	405.320	12.650	0.000	-34096866.989	264.280
67	0.500	413.218	373.830	460.750	412.665	14.022	0.000	-34361252.368	262.538
67	0.600	425.780	388.000	478.270	424.875	15.636	0.000	-34623419.092	259.614
67	0.700	437.515	392.110	507.220	437.325	17.143	0.000	-34883470.759	257.952
67	0.800	450.130	397.700	526.740	449.170	19.587	0.000	-35144117.503	261.366
67	0.990	478.334	421.880	569.880	474.115	26.324	0.000	-35411667.365	272.260
68	0.000	437.580	437.580	437.580	437.580	0.000	0.000	-37481.393	0.510
68	0.100	468.910	435.760	499.460	467.505	11.868	0.000	-35701077.826	567.794
68	0.200	472.322	439.120	508.320	471.940	8.802	0.000	-36283058.593	593.472
68	0.300	474.683	448.650	517.210	473.405	9.243	0.000	-36861943.825	562.153
68	0.400	485.471	458.050	552.470	484.070	12.516	0.000	-37421504.271	553.209
68	0.500	495.529	460.350	556.420	494.025	14.553	0.000	-37969543.630	540.317
68	0.600	511.235	470.770	596.750	506.355	20.249	0.000	-38503846.718	525.000
68	0.700	532.535	474.840	609.430	527.805	26.960	0.000	-39025782.775	515.599
68	0.800	553.690	485.440	664.210	553.090	30.187	0.000	-39540205.179	510.718
68	0.990	588.999	503.970	732.960	587.160	33.951	0.000	-40056515.753	519.320
69	0.000	424.420	424.420	424.420	424.420	0.000	0.000	-42382.870	0.387
69	0.100	417.155	391.030	459.850	417.560	12.010	0.000	-40547421.966	458.269
69	0.200	425.243	394.810	469.360	427.415	13.807	0.000	-41022222.514	488.403
69	0.300	436.804	401.680	482.060	435.865	12.117	0.000	-41503234.550	471.349
69	0.400	443.801	403.220	504.970	442.415	12.680	0.000	-41965100.059	449.229
69	0.500	457.545	416.570	533.330	454.030	17.503	0.000	-42408831.833	435.714
69	0.600	478.441	432.130	551.440	478.265	22.166	0.000	-42838852.329	421.573
69	0.700	499.623	438.920	563.760	499.965	22.130	0.000	-43258137.291	414.400
69	0.800	515.353	453.500	579.190	515.720	21.384	0.000	-43672872.736	412.094
69	0.990	541.725	481.490	723.250	539.240	25.068	0.000	-44089668.816	418.241
70	0.000	361.650	361.650	361.650	361.650	0.000	0.000	-46364.626	0.428
70	0.100	378.955	363.050	401.430	378.505	6.635	0.000	-44512909.806	425.780
70	0.200	381.712	368.380	418.920	381.425	5.471	0.000	-44945530.472	436.933
70	0.300	389.066	371.600	433.620	387.070	9.812	0.000	-45388760.366	445.418
70	0.400	401.645	373.720	468.470	401.240	13.764	0.000	-45837425.630	449.501
70	0.500	416.530	382.030	486.460	415.900	17.292	0.000	-46303662.324	480.739
70	0.600	437.085	393.610	559.230	434.220	22.316	0.000	-46781384.560	471.276
70	0.700	455.780	406.710	562.140	453.245	26.694	0.000	-47249090.492	462.201
70	0.800	477.193	422.670	593.410	471.955	32.589	0.000	-47709875.139	457.549
70	0.990	518.290	453.900	631.910	508.060	40.354	0.000	-48169815.124	459.450
71	0.000	424.260	424.260	424.260	424.260	0.000	0.000	1967.278	0.603
71	0.100	450.323	432.370	476.400	448.380	9.129	0.000	1824690.766	720.429
71	0.200	450.453	426.340	487.950	449.770	11.469	0.000	1052863.052	817.424
71	0.300	461.689	427.420	497.290	461.955	11.973	0.000	230897.321	823.239
71	0.400	473.617	434.470	526.670	472.335	13.713	0.000	-586480.491	809.657
71	0.500	485.655	448.230	564.600	485.450	16.020	0.000	-1387161.747	788.541
71	0.600	500.584	456.870	574.330	500.365	16.648	0.000	-2155656.514	745.121
71	0.700	514.817	466.680	609.230	507.880	26.497	0.000	-2882070.093	704.184
71	0.800	537.441	471.230	625.870	536.655	32.454	0.000	-3573765.327	675.678
71	0.990	573.952	499.500	676.450	575.070	25.674	0.000	-4235076.721	644.654
72	0.000	372.900	372.900	372.900	372.900	0.000	0.000	-6616.836	0.411
72	0.100	385.135	367.090	398.270	385.550	4.141	0.000	-4739547.042	374.538
72	0.200	397.102	372.490	429.390	398.275	11.576	0.000	-5114222.107	372.137
72	0.300	406.899	374.120	440.890	407.570	12.034	0.000	-5487665.080	372.480
72	0.400	420.570	382.390	480.610	420.460	11.120	0.000	-5866464.536	381.625
72	0.500	430.279	389.130	486.980	429.675	13.036	0.000	-6262355.792	407.926
72	0.600	442.838	395.570	529.040	440.385	18.053	0.000	-6667702.293	401.001
72	0.700	461.796	404.390	583.120	456.215	25.804	0.000	-7068298.096	398.086
72	0.800	481.831	420.740	605.210	476.840	30.177	0.000	-7467089.628	397.316
72	0.990	522.970	446.570	667.050	522.310	38.255	0.000	-7868105.263	401.423
73	0.000	429.780	429.780	429.780	429.780	0.000	0.000	-8295.024	0.543
73	0.100	455.867	412.190	492.370	461.490	16.085	0.000	-8379341.972	603.149
73	0.200	462.500	420.540	493.980	463.300	11.981	0.000	-8997519.401	630.105
73	0.300	470.549	427.950	508.430	471.005	12.108	0.000	-9637448.128	644.774
73	0.400	477.585	443.260	536.130	477.580	12.596	0.000	-10296556.544	671.482
73	0.500	488.880	447.140	536.450	488.150	13.665	0.000	-10959402.913	651.354
73	0.600	502.459	455.560	564.410	501.245	16.336	0.000	-11598878.451	624.312
73	0.700	515.105	463.650	604.230	512.985	19.093	0.000	-12216894.722	608.665
73	0.800	530.022	482.300	624.820	526.200	22.395	0.000	-12822758.355	598.935
73	0.990	560.019	501.980	647.880	558.190	28.250	0.000	-13424099.463	600.229
74	0.000	416.020	416.020	416.020	416.020	0.000	0.000	-15782.986	0.480
74	0.100	425.614	400.800	447.930	425.070	6.949	0.000	-13962749.805	488.263
74	0.200	436.128	409.160	463.630	437.470	10.089	0.000	-14477295.221	538.390
74	0.300	442.531	403.160	478.850	442.640	12.393	0.000	-15033010.934	569.498
74	0.400	452.352	410.410	516.030	451.915	12.637	0.000	-15607238.202	576.976
74	0.500	461.358	419.380	561.300	459.890	17.634	0.000	-16192077.121	588.842
74	0.600	486.185	430.800	603.460	477.290	31.576	0.000	-16776446.643	576.718
74	0.700	516.558	442.090	635.660	513.965	40.126	0.000	-17347177.999	562.342
74	0.800	548.194	457.210	648.480	548.415	41.681	0.000	-17904868.441	549.249
74	0.990	584.521	477.230	686.440	586.560	38.854	0.000	-18447217.756	533.460
75	0.000	436.160	436.160	436.160	436.160	0.000	0.000	-18940.602	0.711
75	0.100	457.073	426.840	484.760	457.015	12.638	0.000	-19095084.263	742.537
75	0.200	484.014	446.070	523.740	482.755	13.389	0.000	-19846872.902	757.028
75	0.300	500.407	460.660	550.660	497.360	15.246	0.000	-20609398.391	763.476
75	0.400	511.656	472.770	561.100	511.115	16.326	0.000	-21361546.903	739.951
75	0.500	521.607	476.320	576.810	520.895	15.830	0.000	-22108058.413	747.725
75	0.600	535.974	492.080	586.050	535.100	18.160	0.000	-22853330.619	738.881
75	0.700	553.767	497.070	609.410	553.175	20.479	0.000	-23597290.715	745.589
75	0.800	569.768	511.890	682.530	569.210	20.836	0.000	-24361125.359	777.660
75	0.990	593.276	526.020	718.290	590.710	23.675	0.000	-25157282.081	812.276
76	0.000	372.960	372.960	372.960	372.960	0.000	0.000	-24862.315	0.367
76	0.100	389.533	362.900	424.560	388.405	9.513	0.000	-25888594.593	395.255
76	0.200	390.569	364.790	434.850	387.085	11.847	0.000	-26275493.870	376.046
76	0.300	400.630	366.450	451.860	401.130	13.983	0.000	-26647622.238	366.067
76	0.400	418.485	376.710	484.740	416.875	18.116	0.000	-27010751.558	357.582
76	0.500	436.005	393.940	502.230	435.485	18.407	0.000	-27366266.933	350.920
76	0.600	457.489	405.280	589.310	454.595	24.465	0.000	-27719536.000	352.897
76	0.700	484.781	414.630	600.720	479.695	31.350	0.000	-28081704.857	369.272
76	0.800	513.444	436.680	618.480	505.980	36.669	0.000	-28463304.453	391.417
76	0.990	558.029	461.590	664.280	563.225	39.155	0.000	-28871971.118	422.243
77	0.000	408.990	408.990	408.990	408.990	0.000	0.000	-31015.723	0.426
77	0.100	434.455	390.220	465.360	435.180	10.365	0.000	-29157064.131	412.076
77	0.200	438.920	415.050	472.000	439.215	9.148	0.000	-29570876.920	412.285
77	0.300	447.092	411.940	481.890	446.305	9.550	0.000	-29980951.399	405.221
77	0.400	452.381	422.550	490.900	451.995	10.457	0.000	-30396794.820	423.375
77	0.500	460.155	433.620	528.010	458.625	11.867	0.000	-30831903.420	444.641
77	0.600	470.435	440.990	516.010	468.850	14.122	0.000	-31284842.356	457.610
77	0.700	479.791	442.640	557.650	479.890	16.450	0.000	-31755172.091	480.688
77	0.800	492.648	452.820	583.390	489.660	20.590	0.000	-32237404.142	480.720
77	0.990	526.013	475.550	632.850	523.070	28.098	0.000	-32717410.476	477.011
78	0.000	381.750	381.750	381.750	381.750	0.000	0.000	-35022.446	0.414
78	0.100	418.109	388.370	447.560	417.450	11.217	0.000	-33159316.072	402.882
78	0.200	428.816	398.720	465.150	428.910	11.211	0.000	-33558943.132	393.893
78	0.300	438.166	406.590	472.810	437.640	9.747	0.000	-33949002.556	383.637
78	0.400	442.111	390.730	472.200	442.420	11.669	0.000	-34344767.693	403.880
78	0.500	448.074	414.480	552.300	447.180	14.562	0.000	-34760444.472	425.787
78	0.600	466.466	410.590	586.710	460.620	27.661	0.000	-35184250.686	419.213
78	0.700	490.952	423.240	606.700	480.585	37.294	0.000	-35606156.147	422.352
78	0.800	517.226	431.250	633.860	517.910	39.107	0.000	-36030439.408	423.739
78	0.990	554.019	453.120	663.380	557.415	38.080	0.000	-36456999.629	426.699
79	0.000	404.380	404.380	404.380	404.380	0.000	0.000	-36896.790	0.488
79	0.100	409.680	386.510	429.460	409.190	9.799	0.000	-36919135.451	478.541
79	0.200	418.620	395.770	450.710	418.405	11.135	0.000	-37408486.921	497.167
79	0.300	427.566	399.200	460.430	427.295	11.249	0.000	-37911276.209	505.387
79	0.400	436.388	407.910	490.260	435.600	10.989	0.000	-38414190.049	497.213
79	0.500	444.061	409.050	512.000	440.850	15.646	0.000	-38921162.142	514.500
79	0.600	459.478	418.050	519.360	453.515	22.212	0.000	-39448831.668	537.812
79	0.700	476.463	423.010	521.500	481.280	19.853	0.000	-39991640.191	545.716
79	0.800	485.105	433.880	622.290	485.505	15.929	0.000	-40547631.621	563.247
79	0.990	493.294	462.480	611.100	487.640	21.770	0.000	-41120762.462	578.089
80	0.000	550.520	550.520	550.520	550.520	0.000	0.000	-39808.287	1.399
80	0.100	551.662	524.780	584.850	551.755	9.868	0.000	-42201243.201	1501.495
80	0.200	558.811	523.610	616.110	558.970	8.989	0.000	-43783131.492	1657.702
80	0.300	580.543	540.190	641.740	579.585	15.496	0.000	-45413220.009	1597.856
80	0.400	598.333	551.660	668.000	597.400	16.961	0.000	-46982160.952	1533.518
80	0.500	609.228	560.110	697.910	608.025	19.251	0.000	-48517408.706	1530.936
80	0.600	628.123	568.720	716.870	624.815	26.587	0.000	-50045732.422	1522.486
80	0.700	646.945	574.110	753.890	647.210	30.376	0.000	-51570382.825	1520.786
80	0.800	665.619	584.250	748.840	668.455	28.758	0.000	-53111449.501	1554.006
80	0.990	689.547	621.700	778.290	689.355	25.109	0.000	-54701325.562	1624.257
81	0.000	438.700	438.700	438.700	438.700	0.000	0.000	1967.278	0.617
81	0.100	465.661	411.590	492.870	474.055	18.526	0.000	1866229.140	635.919
81	0.200	469.181	444.310	512.500	469.030	8.839	0.000	1232800.706	627.481
81	0.300	472.617	447.870	522.810	471.470	12.260	0.000	613822.839	607.363
81	0.400	490.941	455.070	544.830	485.735	17.754	0.000	6737.004	603.345
81	0.500	504.669	468.210	574.650	503.605	19.301	0.000	-611335.780	630.338
81	0.600	520.054	469.450	607.220	519.860	20.929	0.000	-1241665.713	626.293
81	0.700	538.167	480.800	643.600	532.655	28.311	0.000	-1871073.255	629.883
81	0.800	562.227	493.640	664.580	559.620	34.563	0.000	-2512564.075	648.826
81	0.990	603.115	512.990	683.790	607.115	31.327	0.000	-3174351.902	671.456
82	0.000	469.930	469.930	469.930	469.930	0.000	0.000	-2961.141	0.955
82	0.100	473.774	460.330	505.730	472.690	7.260	0.000	-3948041.608	900.775
82	0.200	494.606	462.180	541.320	494.055	12.606	0.000	-4867057.669	933.441
82	0.300	508.927	471.440	582.670	507.915	13.974	0.000	-5790899.460	911.430
82	0.400	523.044	483.840	600.890	515.000	24.849	0.000	-6714580.348	931.063
82	0.500	549.117	492.000	630.220	553.400	29.529	0.000	-7655708.754	948.142
82	0.600	572.248	509.550	633.710	573.400	20.722	0.000	-8590566.113	917.406
82	0.700	582.630	531.670	684.970	582.255	19.271	0.000	-9508398.200	912.793
82	0.800	590.745	530.010	692.330	589.380	21.025	0.000	-10435292.294	940.762
82	0.990	610.774	562.610	744.140	605.180	27.242	0.000	-11391455.707	965.254
83	0.000	509.540	509.540	509.540	509.540	0.000	0.000	-13668.716	1.250
83	0.100	520.583	501.890	566.840	520.625	9.061	0.000	-12490513.451	1165.981
83	0.200	536.474	493.120	583.680	539.310	22.775	0.000	-13641331.179	1132.775
83	0.300	542.307	501.840	593.250	542.290	12.605	0.000	-14790018.213	1155.102
83	0.400	544.736	515.350	586.120	544.030	11.440	0.000	-15931322.099	1126.622
83	0.500	547.914	514.570	601.960	546.210	14.973	0.000	-17080719.252	1167.351
83	0.600	553.861	513.010	623.980	551.520	17.705	0.000	-18280341.155	1227.936
83	0.700	565.963	522.150	641.320	565.640	18.531	0.000	-19517289.563	1240.384
83	0.800	579.603	534.430	646.820	579.440	18.519	0.000	-20771989.454	1266.714
83	0.990	603.418	556.470	752.720	601.195	21.259	0.000	-22061872.503	1309.452
84	0.000	366.830	366.830	366.830	366.830	0.000	0.000	-22001.032	0.303
84	0.100	369.375	354.470	420.670	367.940	8.334	0.000	-22987297.704	315.669
84	0.200	390.580	358.470	442.130	388.945	14.247	0.000	-23304188.557	315.494
84	0.300	414.442	369.250	462.150	414.655	16.113	0.000	-23615328.392	304.376
84	0.400	432.059	387.630	509.810	431.625	17.758	0.000	-23915037.718	292.848
84	0.500	449.395	396.700	541.170	447.900	20.997	0.000	-24204869.130	284.753
84	0.600	474.435	413.930	548.920	473.280	24.493	0.000	-24486512.352	276.365
84	0.700	495.201	423.940	587.050	495.310	25.011	0.000	-24763097.482	274.580
84	0.800	513.611	437.090	619.010	512.755	25.632	0.000	-25042290.023	281.408
84	0.990	545.141	450.160	686.080	544.000	29.575	0.000	-25335963.622	303.044
85	0.000	414.220	414.220	414.220	414.220	0.000	0.000	-25580.203	0.769
85	0.100	452.214	422.090	490.610	452.210	8.344	0.000	-25723178.987	719.314
85	0.200	470.639	437.170	514.390	469.565	12.684	0.000	-26476190.053	783.280
85	0.300	488.529	445.930	530.470	487.765	14.943	0.000	-27265227.161	792.414
85	0.400	503.749	464.910	559.040	504.300	13.091	0.000	-28082986.333	837.676
85	0.500	512.030	468.320	582.540	510.775	16.653	0.000	-28923975.942	841.192
85	0.600	525.995	474.820	608.560	523.235	20.781	0.000	-29761847.844	831.387
85	0.700	542.549	482.820	624.120	539.205	25.481	0.000	-30581568.107	804.317
85	0.800	559.949	493.730	636.610	558.895	27.585	0.000	-31376765.847	782.473
85	0.990	588.920	521.170	708.050	588.110	29.356	0.000	-32146932.469	754.729
86	0.000	386.780	386.780	386.780	386.780	0.000	0.000	-34583.660	0.336
86	0.100	392.656	376.580	419.530	391.155	8.827	0.000	-32722142.735	404.726
86	0.200	405.042	374.300	431.220	406.090	13.115	0.000	-33123661.355	397.387
86	0.300	416.626	372.990	461.990	417.585	13.039	0.000	-33513159.481	379.389
86	0.400	434.157	391.220	490.410	433.475	16.555	0.000	-33887247.685	366.203
86	0.500	447.364	407.250	496.350	447.290	15.332	0.000	-34251220.412	358.894
86	0.600	458.065	424.080	498.020	458.280	14.168	0.000	-34609305.453	354.726
86	0.700	465.789	424.320	509.610	466.520	13.541	0.000	-34967102.910	358.162
86	0.800	471.943	434.450	569.530	471.750	14.732	0.000	-35330988.657	367.418
86	0.990	487.435	440.410	581.320	484.820	22.439	0.000	-35706909.927	382.393
87	0.000	553.500	553.500	553.500	553.500	0.000	0.000	-37684.786	1.331
87	0.100	560.699	525.050	611.810	559.470	13.566	0.000	-36558880.883	1271.288
87	0.200	582.180	545.870	627.220	582.640	13.180	0.000	-37823618.596	1251.796
87	0.300	590.716	556.100	635.010	590.775	13.038	0.000	-39076475.787	1248.131
87	0.400	597.805	556.830	658.750	597.690	13.110	0.000	-40342524.268	1282.415
87	0.500	607.135	562.370	679.790	603.820	18.760	0.000	-41638092.922	1303.221
87	0.600	623.564	574.160	702.810	616.295	24.452	0.000	-42961107.766	1341.042
87	0.700	644.533	583.550	741.250	642.545	29.519	0.000	-44320137.273	1367.996
87	0.800	666.363	592.290	774.470	668.490	31.289	0.000	-45702499.964	1393.416
87	0.990	699.007	614.610	803.940	699.160	28.840	0.000	-47099491.299	1397.127
88	0.000	351.380	351.380	351.380	351.380	0.000	0.000	-49842.807	0.348
88	0.100	374.565	357.150	406.570	373.445	7.892	0.000	-47950869.158	344.897
88	0.200	393.333	361.500	427.260	394.575	14.309	0.000	-48316958.582	397.792
88	0.300	409.342	373.450	450.070	411.290	13.038	0.000	-48733786.691	419.522
88	0.400	417.692	378.040	454.670	418.085	12.931	0.000	-49171264.157	453.185
88	0.500	425.948	390.910	471.890	426.190	13.337	0.000	-49630246.270	461.667
88	0.600	439.679	396.840	504.420	438.455	16.275	0.000	-50089708.159	454.877
88	0.700	453.908	413.250	515.880	451.750	18.502	0.000	-50545377.442	453.553
88	0.800	468.736	421.740	581.470	464.895	22.512	0.000	-50986291.420	434.201
88	0.990	494.674	444.750	609.920	488.955	32.428	0.000	-51457525.347	497.584
89	0.000	426.650	426.650	426.650	426.650	0.000	0.000	-51933.213	0.878
89	0.100	453.764	407.900	480.850	457.355	14.234	0.000	-52114656.274	796.864
89	0.200	458.362	428.500	512.920	459.520	9.082	0.000	-52903673.424	776.031
89	0.300	482.278	437.670	533.540	475.990	21.394	0.000	-53672722.820	758.045
89	0.400	504.965	447.850	555.330	508.985	19.376	0.000	-54432680.604	758.591
89	0.500	512.699	462.860	568.740	513.785	16.264	0.000	-55219223.778	810.282
89	0.600	519.231	463.360	575.380	517.975	15.614	0.000	-56030978.859	811.603
89	0.700	527.666	491.060	604.040	526.275	17.961	0.000	-56848526.489	817.267
89	0.800	538.718	493.330	634.770	537.260	20.352	0.000	-57681524.149	843.460
89	0.990	564.082	510.570	682.340	561.585	26.352	0.000	-58547437.272	884.324
90	0.000	499.300	499.300	499.300	499.300	0.000	0.000	-58440.644	1.142
90	0.100	529.593	492.830	584.370	524.055	27.277	0.000	-59527890.683	1100.519
90	0.200	562.452	501.890	599.050	563.985	11.634	0.000	-60624892.777	1090.233
90	0.300	562.317	534.700	603.900	561.995	10.687	0.000	-61698641.708	1050.536
90	0.400	563.554	529.900	613.750	562.545	13.382	0.000	-62750772.343	1049.664
90	0.500	570.641	533.160	658.470	568.855	17.420	0.000	-63805919.117	1056.608
90	0.600	585.185	534.960	700.170	582.300	23.684	0.000	-64862054.214	1049.780
90	0.700	601.728	542.290	724.260	597.795	28.093	0.000	-65910957.342	1042.708
90	0.800	615.542	543.460	751.200	610.220	32.062	0.000	-66970715.581	1072.244
90	0.990	641.987	558.770	795.610	631.730	41.921	0.000	-68068972.315	1121.408
91	0.000	386.750	386.750	386.750	386.750	0.000	0.000	1967.270	1.038
91	0.100	411.074	383.670	447.890	410.140	9.286	0.000	1612731.650	1140.577
91	0.200	432.009	400.270	472.500	432.020	10.486	0.000	490157.224	1101.453
91	0.300	446.498	416.610	497.090	445.150	12.284	0.000	-633697.962	1138.811
91	0.400	468.146	416.760	548.220	465.290	20.013	0.000	-1814099.133	1213.752
91	0.500	490.952	431.340	555.530	484.100	26.810	0.000	-3043620.660	1240.598
91	0.600	511.527	440.690	575.600	517.480	27.005	0.000	-4262664.193	1192.950
91	0.700	525.192	454.190	595.010	528.545	22.936	0.000	-5436196.970	1148.903
91	0.800	537.370	470.920	634.730	536.165	21.434	0.000	-6574742.867	1122.348
91	0.990	555.577	502.160	689.780	551.305	27.076	0.000	-7685255.889	1092.802
92	0.000	472.250	472.250	472.250	472.250	0.000	0.000	-7683.308	1.483
92	0.100	485.080	459.340	516.020	485.555	10.383	0.000	-8915516.442	1383.579
92	0.200	494.226	463.700	590.830	491.470	17.285	0.000	-10269766.991	1324.939
92	0.300	535.396	478.860	589.180	541.365	23.359	0.000	-11588549.374	1304.660
92	0.400	556.116	496.550	609.800	556.495	14.810	0.000	-12899722.072	1312.279
92	0.500	566.821	505.570	678.090	565.010	17.823	0.000	-14242761.684	1364.261
92	0.600	592.783	512.890	699.960	584.740	31.030	0.000	-15598366.531	1341.632
92	0.700	615.767	546.110	723.120	607.530	35.611	0.000	-16943207.745	1341.677
92	0.800	638.148	558.280	722.100	641.615	37.124	0.000	-18315846.109	1394.364
92	0.990	671.546	568.430	790.390	675.625	38.110	0.000	-19746073.098	1459.163
93	0.000	507.550	507.550	507.550	507.550	0.000	0.000	-19941.750	1.354
93	0.100	514.082	457.500	553.630	510.590	13.089	0.000	-21169056.707	1380.787
93	0.200	517.809	486.980	560.790	518.495	12.588	0.000	-22576735.379	1427.669
93	0.300	524.235	485.450	595.630	523.620	10.559	0.000	-23980455.530	1372.701
93	0.400	535.255	492.340	591.580	534.300	13.915	0.000	-25330093.783	1324.557
93	0.500	544.576	506.750	610.640	543.340	15.534	0.000	-26698968.928	1407.921
93	0.600	555.295	509.260	610.680	554.595	16.659	0.000	-28111117.219	1417.650
93	0.700	564.640	520.540	671.040	563.445	19.443	0.000	-29558469.775	1456.046
93	0.800	575.950	527.010	691.080	571.690	27.653	0.000	-31029911.137	1482.588
93	0.990	613.457	534.790	745.310	606.465	40.951	0.000	-32535139.860	1517.684
94	0.000	423.460	423.460	423.460	423.460	0.000	0.000	-33528.701	1.246
94	0.100	458.412	427.270	482.930	458.725	13.925	0.000	-34004148.315	1380.073
94	0.200	463.156	430.490	490.210	464.120	9.744	0.000	-35376148.881	1359.554
94	0.300	469.278	430.030	503.850	469.985	10.506	0.000	-36792001.392	1470.977
94	0.400	485.720	449.110	558.680	483.575	15.875	0.000	-38232297.034	1400.515
94	0.500	505.714	453.250	576.190	501.095	22.749	0.000	-39661351.857	1446.046
94	0.600	526.795	462.270	587.930	531.990	21.847	0.000	-41108624.416	1447.875
94	0.700	540.597	472.670	587.010	542.650	17.551	0.000	-42559515.807	1441.719
94	0.800	548.409	495.560	619.260	547.945	15.124	0.000	-43992288.007	1423.960
94	0.990	560.148	513.780	686.990	556.845	19.550	0.000	-45412239.548	1402.910
95	0.000	429.520	429.520	429.520	429.520	0.000	0.000	-46332.081	1.023
95	0.100	429.545	411.470	464.110	427.415	9.179	0.000	-46638158.657	1043.476
95	0.200	440.744	414.020	476.880	439.310	11.673	0.000	-47660323.059	996.573
95	0.300	456.810	415.180	506.370	456.435	13.389	0.000	-48647117.090	970.788
95	0.400	469.769	434.260	523.760	469.205	13.885	0.000	-49630675.383	990.246
95	0.500	478.451	437.720	541.370	477.830	15.522	0.000	-50661292.865	1064.752
95	0.600	493.368	443.580	599.500	491.925	20.975	0.000	-51754440.489	1118.039
95	0.700	513.848	452.490	625.980	507.285	30.526	0.000	-52892982.339	1149.688
95	0.800	542.671	466.130	643.050	534.385	39.197	0.000	-54053044.189	1167.712
95	0.990	588.654	489.840	689.570	593.375	34.217	0.000	-55200325.571	1108.741
96	0.000	499.060	499.060	499.060	499.060	0.000	0.000	-55968.898	0.979
96	0.100	515.820	486.890	543.000	515.820	8.247	0.000	-56268367.580	1029.020
96	0.200	517.937	486.080	550.840	517.675	8.260	0.000	-57298364.816	1028.281
96	0.300	515.011	490.260	552.290	513.865	9.979	0.000	-58322953.080	1014.052
96	0.400	521.772	493.840	568.910	521.035	12.590	0.000	-59336023.486	1004.686
96	0.500	532.456	489.390	579.980	531.295	14.317	0.000	-60353516.740	1024.598
96	0.600	548.922	501.140	622.540	547.780	17.551	0.000	-61374515.362	1013.075
96	0.700	564.981	511.310	707.820	562.340	23.621	0.000	-62390695.960	1014.685
96	0.800	576.823	517.670	695.800	572.555	28.690	0.000	-63418925.651	1035.513
96	0.990	602.699	525.770	751.660	592.380	39.190	0.000	-64457839.134	1036.078
97	0.000	584.000	584.000	584.000	584.000	0.000	0.000	-63375.309	2.938
97	0.100	618.422	570.660	697.690	612.930	25.001	0.000	-66307508.024	2575.255
97	0.200	647.460	578.330	706.580	650.230	19.944	0.000	-68828330.465	2457.697
97	0.300	655.780	589.630	717.590	657.365	19.332	0.000	-71293786.514	2462.759
97	0.400	664.686	602.040	732.650	664.545	19.910	0.000	-73743181.356	2428.376
97	0.500	668.889	610.040	730.060	667.765	19.388	0.000	-76239722.068	2551.682
97	0.600	675.531	621.110	753.700	674.140	19.648	0.000	-78857635.041	2676.847
97	0.700	682.401	626.140	758.000	682.425	20.594	0.000	-81558589.282	2718.046
97	0.800	689.647	626.040	785.490	689.390	20.948	0.000	-84328773.622	2815.648
97	0.990	708.497	652.390	802.230	706.825	25.405	0.000	-87164147.284	2846.010
98	0.000	523.510	523.510	523.510	523.510	0.000	0.000	-88004.741	1.469
98	0.100	524.768	497.230	566.280	522.580	13.158	0.000	-89269893.479	1454.932
98	0.200	539.072	500.940	568.140	538.200	10.256	0.000	-90716602.176	1432.373
98	0.300	546.259	509.260	589.930	546.365	12.039	0.000	-92159244.160	1446.428
98	0.400	560.485	521.070	613.350	560.155	14.417	0.000	-93608881.422	1445.173
98	0.500	569.120	528.880	643.540	567.735	17.283	0.000	-95091146.977	1509.207
98	0.600	577.038	532.660	641.270	575.415	18.560	0.000	-96602057.956	1508.647
98	0.700	586.508	539.010	646.190	585.225	19.728	0.000	-98107561.355	1495.804
98	0.800	596.238	543.390	704.160	596.205	21.346	0.000	-99617364.109	1516.839
98	0.990	614.907	562.960	754.090	610.975	26.300	0.000	-101138060.371	1519.297
99	0.000	478.750	478.750	478.750	478.750	0.000	0.000	-101365.528	1.633
99	0.100	493.464	474.030	514.810	494.100	7.222	0.000	-102721758.844	1637.105
99	0.200	503.843	440.600	542.020	504.130	12.540	0.000	-104357131.412	1630.170
99	0.300	514.331	478.340	566.070	513.495	13.108	0.000	-105995851.957	1635.025
99	0.400	527.005	492.140	596.650	524.710	17.124	0.000	-107713506.223	1795.771
99	0.500	538.507	485.730	658.230	535.115	23.721	0.000	-109583614.887	1934.408
99	0.600	563.244	500.310	684.770	555.240	35.560	0.000	-111496301.429	1885.114
99	0.700	586.948	498.520	699.420	574.055	41.739	0.000	-113353507.285	1823.260
99	0.800	609.397	512.660	713.580	605.190	44.110	0.000	-115150251.209	1764.240
99	0.990	638.594	535.420	752.550	648.370	43.244	0.000	-116875722.565	1678.742
