0	0.000	1181.870	1181.870	1181.870	1181.870	0.000	0.000	1967.273	1.512
0	0.100	1195.846	1130.770	1278.020	1190.385	30.249	0.000	1477660.540	1408.304
0	0.200	1241.229	1184.460	1319.180	1240.395	17.873	0.000	70764.821	1397.875
0	0.300	1299.755	1228.140	1378.970	1300.010	22.942	0.000	-1317767.122	1369.882
0	0.400	1348.364	1240.760	1437.170	1349.795	30.557	0.000	-2695533.585	1377.603
0	0.500	1371.437	1287.160	1471.700	1370.380	32.502	0.000	-4146667.116	1522.472
0	0.600	1415.946	1342.180	1519.810	1412.655	27.693	0.000	-5694337.979	1560.411
0	0.700	1465.992	1344.110	1576.060	1465.715	28.478	0.000	-7253356.433	1547.561
0	0.800	1512.566	1393.060	1611.930	1514.370	33.642	0.000	-8816403.650	1569.716
0	0.990	1591.059	1494.400	1702.680	1590.315	32.080	0.000	-10419785.582	1629.495
1	0.000	1019.190	1019.190	1019.190	1019.190	0.000	0.000	-13295.442	0.790
1	0.100	1050.040	990.110	1109.270	1048.950	28.014	0.000	-11645720.201	825.243
1	0.200	1062.753	1029.240	1126.990	1058.755	16.551	0.000	-12512437.473	904.829
1	0.300	1113.354	1055.770	1184.830	1112.845	19.187	0.000	-13416483.781	895.171
1	0.400	1160.328	1112.860	1235.750	1159.420	17.754	0.000	-14300840.351	867.944
1	0.500	1214.359	1150.970	1280.170	1215.120	17.729	0.000	-15163456.600	851.095
1	0.600	1266.728	1202.630	1330.660	1267.580	19.939	0.000	-16008817.072	833.062
1	0.700	1316.827	1250.710	1387.190	1317.025	22.792	0.000	-16838966.322	820.618
1	0.800	1364.924	1307.630	1442.590	1364.065	22.985	0.000	-17658209.617	811.096
1	0.990	1466.036	1379.280	1551.350	1465.550	23.012	0.000	-18476979.990	820.152
2	0.000	1060.810	1060.810	1060.810	1060.810	0.000	0.000	-20954.386	1.139
2	0.100	1085.014	1052.270	1161.370	1091.000	17.811	0.000	-19435435.075	1088.939
2	0.200	1133.091	1068.070	1202.940	1133.660	23.240	0.000	-20525440.335	1083.406
2	0.300	1158.357	1089.430	1262.510	1159.440	23.447	0.000	-21611413.954	1080.319
2	0.400	1221.302	1143.400	1309.370	1227.320	28.913	0.000	-22707883.984	1104.597
2	0.500	1277.553	1209.630	1367.890	1278.230	27.507	0.000	-23835928.339	1145.223
2	0.600	1332.300	1263.070	1420.560	1333.585	28.194	0.000	-24989165.044	1155.400
2	0.700	1380.988	1308.110	1474.810	1381.440	30.397	0.000	-26167774.056	1192.592
2	0.800	1427.529	1342.890	1533.390	1425.970	27.976	0.000	-27379369.228	1227.207
2	0.990	1529.432	1457.450	1629.320	1526.480	24.993	0.000	-28625678.024	1257.382
3	0.000	1449.780	1449.780	1449.780	1449.780	0.000	0.000	-31043.495	2.489
3	0.100	1392.781	1289.630	1514.500	1387.000	33.300	0.000	-30604647.145	2641.700
3	0.200	1424.604	1329.470	1530.270	1422.380	29.351	0.000	-33231296.845	2618.103
3	0.300	1468.187	1381.580	1582.830	1468.915	30.834	0.000	-35868376.298	2620.004
3	0.400	1524.297	1421.330	1632.830	1524.855	34.724	0.000	-38446802.780	2520.857
3	0.500	1567.458	1478.560	1715.810	1566.430	31.624	0.000	-41007680.898	2597.314
3	0.600	1633.867	1520.150	1747.950	1633.020	32.306	0.000	-43611217.701	2602.285
3	0.700	1699.879	1572.110	1810.770	1700.445	39.229	0.000	-46216032.986	2592.821
3	0.800	1749.148	1606.700	1868.680	1750.045	43.023	0.000	-48830269.344	2624.995
3	0.990	1828.618	1686.410	1960.070	1829.145	47.373	0.000	-51467655.060	2634.015
4	0.000	1247.340	1247.340	1247.340	1247.340	0.000	0.000	-52222.751	1.963
4	0.100	1261.538	1215.470	1356.890	1253.275	24.401	0.000	-53751233.391	1982.738
4	0.200	1328.756	1258.730	1416.780	1329.745	26.435	0.000	-55718238.660	1941.144
4	0.300	1372.569	1286.440	1478.690	1372.705	26.835	0.000	-57679628.864	1964.364
4	0.400	1408.322	1269.370	1508.770	1409.075	36.201	0.000	-59641378.534	1951.480
4	0.500	1432.731	1333.540	1535.330	1436.155	37.584	0.000	-61640541.814	2043.181
4	0.600	1477.913	1392.960	1594.460	1477.255	38.355	0.000	-63692306.847	2044.999
4	0.700	1535.552	1445.310	1652.340	1529.320	36.457	0.000	-65746261.320	2071.378
4	0.800	1589.278	1490.990	1719.680	1585.170	37.433	0.000	-67892296.237	2189.364
4	0.990	1688.917	1612.450	1851.240	1680.275	35.330	0.000	-70066821.184	2157.518
5	0.000	1057.730	1057.730	1057.730	1057.730	0.000	0.000	-73223.821	1.028
5	0.100	1043.797	1008.980	1089.480	1047.325	14.650	0.000	-71746627.660	1172.986
5	0.200	1088.084	1042.670	1120.930	1090.135	13.805	0.000	-72954530.763	1234.530
5	0.300	1144.303	1107.510	1192.700	1143.675	12.878	0.000	-74162969.316	1169.974
5	0.400	1201.364	1153.710	1245.870	1202.270	14.869	0.000	-75336789.347	1173.180
5	0.500	1242.205	1201.600	1300.330	1240.855	15.406	0.000	-76573282.981	1295.188
5	0.600	1290.200	1228.880	1342.380	1291.200	17.237	0.000	-77853472.386	1258.051
5	0.700	1335.944	1285.220	1390.080	1336.070	20.783	0.000	-79088502.828	1205.227
5	0.800	1384.413	1338.780	1445.270	1382.125	18.831	0.000	-80280530.754	1170.443
5	0.990	1493.680	1436.490	1568.690	1493.145	17.184	0.000	-81443963.301	1150.359
6	0.000	939.800	939.800	939.800	939.800	0.000	0.000	-81326.763	0.597
6	0.100	987.418	956.600	1020.130	986.090	7.934	0.000	-82522470.395	732.614
6	0.200	1016.753	968.430	1080.260	1018.455	18.919	0.000	-83239561.164	697.015
6	0.300	1047.710	984.860	1109.790	1047.320	19.924	0.000	-83920937.259	660.596
6	0.400	1082.895	1027.560	1157.890	1081.470	22.135	0.000	-84577745.965	648.448
6	0.500	1128.208	1084.810	1193.830	1127.940	19.686	0.000	-85228747.762	648.887
6	0.600	1176.243	1133.760	1247.110	1173.610	17.450	0.000	-85881751.872	652.116
6	0.700	1225.455	1184.280	1288.730	1223.620	17.855	0.000	-86542870.591	664.906
6	0.800	1276.052	1239.840	1331.840	1273.820	17.101	0.000	-87219965.553	685.042
6	0.990	1376.115	1340.750	1456.720	1373.260	14.639	0.000	-87927767.130	725.364
7	0.000	1193.150	1193.150	1193.150	1193.150	0.000	0.000	-88384.383	1.624
7	0.100	1213.398	1148.910	1250.980	1218.085	19.576	0.000	-88902757.839	1466.609
7	0.200	1241.987	1199.340	1305.230	1240.520	16.092	0.000	-90400494.867	1519.074
7	0.300	1304.895	1229.980	1354.230	1307.110	15.776	0.000	-91909947.633	1489.597
7	0.400	1356.318	1272.390	1425.540	1358.180	27.029	0.000	-93429182.740	1543.264
7	0.500	1387.202	1304.120	1471.210	1387.520	23.073	0.000	-95055729.034	1703.095
7	0.600	1440.072	1326.650	1511.770	1442.230	23.154	0.000	-96751291.841	1677.707
7	0.700	1492.869	1402.170	1577.290	1495.235	28.172	0.000	-98426178.051	1662.872
7	0.800	1536.655	1440.370	1647.450	1535.730	32.076	0.000	-100114235.327	1704.329
7	0.990	1627.609	1532.400	1730.490	1627.310	29.916	0.000	-101822131.412	1702.178
8	0.000	1113.390	1113.390	1113.390	1113.390	0.000	0.000	-104734.732	1.079
8	0.100	1141.654	1074.130	1214.600	1136.660	20.711	0.000	-103180621.507	1017.775
8	0.200	1202.689	1143.490	1267.530	1208.240	22.747	0.000	-104189403.866	991.874
8	0.300	1260.326	1176.560	1350.590	1252.285	27.554	0.000	-105179276.089	980.287
8	0.400	1313.274	1211.630	1411.920	1310.985	28.628	0.000	-106162503.858	979.613
8	0.500	1352.260	1261.910	1445.800	1353.040	27.150	0.000	-107164830.596	1018.196
8	0.600	1395.960	1271.340	1485.550	1402.295	34.436	0.000	-108188350.798	1021.163
8	0.700	1437.787	1326.000	1549.760	1437.530	42.201	0.000	-109218605.571	1031.566
8	0.800	1473.386	1364.480	1633.920	1473.665	45.624	0.000	-110267679.559	1058.637
8	0.990	1549.649	1443.370	1681.310	1542.745	36.240	0.000	-111356449.694	1111.263
9	0.000	1082.100	1082.100	1082.100	1082.100	0.000	0.000	-112139.423	1.423
9	0.100	1122.928	1061.710	1216.280	1134.915	33.436	0.000	-112646966.069	1446.216
9	0.200	1157.374	1117.820	1237.560	1150.420	22.748	0.000	-114140025.893	1531.043
9	0.300	1210.259	1119.410	1297.160	1210.685	27.133	0.000	-115676279.441	1533.182
9	0.400	1243.686	1177.280	1345.960	1243.490	32.112	0.000	-117248450.508	1605.089
9	0.500	1288.578	1238.370	1416.850	1282.290	28.859	0.000	-118898360.208	1685.880
9	0.600	1346.821	1288.670	1446.090	1341.145	25.651	0.000	-120590582.776	1688.308
9	0.700	1402.338	1333.480	1486.060	1398.325	25.512	0.000	-122278237.058	1675.405
9	0.800	1453.558	1371.480	1566.960	1452.720	28.129	0.000	-123940911.393	1641.573
9	0.990	1553.119	1475.180	1645.640	1553.650	25.199	0.000	-125564334.583	1596.797
10	0.000	1145.830	1145.830	1145.830	1145.830	0.000	0.000	-125816.026	1.724
10	0.100	1190.423	1161.700	1282.520	1181.245	18.923	0.000	-127224292.995	1739.118
10	0.200	1266.572	1231.640	1346.190	1263.690	15.351	0.000	-128986145.558	1776.013
10	0.300	1331.119	1238.300	1376.960	1332.055	16.983	0.000	-130769586.327	1781.190
10	0.400	1390.833	1262.780	1455.510	1401.685	28.757	0.000	-132548045.025	1765.219
10	0.500	1418.508	1315.190	1510.370	1420.695	39.889	0.000	-134386756.358	1900.416
10	0.600	1455.415	1367.630	1581.990	1459.765	37.352	0.000	-136309272.316	1943.783
10	0.700	1511.833	1410.460	1618.880	1508.650	38.138	0.000	-138242921.397	1913.248
10	0.800	1565.394	1455.660	1652.500	1561.165	38.513	0.000	-140171433.419	1928.147
10	0.990	1650.999	1560.560	1796.670	1643.790	40.628	0.000	-142123925.831	1966.690
11	0.000	1235.810	1235.810	1235.810	1235.810	0.000	0.000	2735.135	1.069
11	0.100	1296.393	1254.270	1323.920	1289.320	13.793	0.000	1693097.991	1010.134
11	0.200	1350.347	1261.030	1429.620	1348.715	25.822	0.000	688982.977	995.677
11	0.300	1377.410	1292.400	1473.890	1382.035	30.677	0.000	-306067.944	990.883
11	0.400	1413.923	1351.130	1535.620	1414.525	29.610	0.000	-1319576.393	1030.791
11	0.500	1453.974	1355.110	1555.340	1452.035	22.458	0.000	-2406406.970	1137.674
11	0.600	1509.528	1382.580	1594.360	1512.510	26.441	0.000	-3525760.581	1097.823
11	0.700	1561.341	1449.010	1650.950	1564.555	33.754	0.000	-4605712.693	1056.383
11	0.800	1605.415	1489.790	1727.010	1606.375	42.700	0.000	-5668901.850	1066.989
11	0.990	1683.037	1588.700	1798.890	1677.520	43.829	0.000	-6748256.645	1085.030
12	0.000	1146.580	1146.580	1146.580	1146.580	0.000	0.000	-7524.852	0.795
12	0.100	1175.391	1122.400	1244.930	1173.720	13.835	0.000	-7701414.264	785.795
12	0.200	1238.443	1158.670	1279.740	1234.380	20.596	0.000	-8505006.594	819.692
12	0.300	1265.444	1183.150	1358.690	1265.975	28.605	0.000	-9364211.240	891.916
12	0.400	1290.174	1209.550	1387.960	1291.120	31.584	0.000	-10285283.861	946.749
12	0.500	1323.416	1247.020	1426.400	1319.985	28.074	0.000	-11261731.625	999.725
12	0.600	1364.792	1297.390	1441.550	1365.030	24.050	0.000	-12252765.612	980.325
12	0.700	1414.826	1332.820	1492.870	1414.765	22.391	0.000	-13215917.013	942.693
12	0.800	1469.374	1400.560	1547.930	1468.675	22.589	0.000	-14148851.839	918.869
12	0.990	1567.798	1473.610	1668.490	1566.945	27.149	0.000	-15052145.986	883.799
13	0.000	1104.920	1104.920	1104.920	1104.920	0.000	0.000	-15713.763	0.697
13	0.100	1132.791	1064.840	1215.740	1133.265	28.527	0.000	-15874432.563	756.301
13	0.200	1179.677	1124.160	1233.040	1176.195	12.836	0.000	-16622527.235	734.234
13	0.300	1234.084	1127.820	1291.570	1234.815	20.339	0.000	-17346052.510	709.601
13	0.400	1267.885	1189.440	1347.620	1268.840	29.837	0.000	-18073409.168	740.162
13	0.500	1304.348	1233.830	1389.950	1299.195	27.264	0.000	-18823850.139	757.952
13	0.600	1353.797	1266.920	1437.630	1350.510	23.709	0.000	-19583591.692	755.268
13	0.700	1399.636	1321.270	1489.130	1401.790	27.278	0.000	-20354564.096	784.345
13	0.800	1444.966	1346.850	1539.170	1445.040	27.303	0.000	-21151999.855	807.515
13	0.990	1535.855	1457.710	1646.450	1534.675	27.540	0.000	-21953331.111	790.291
14	0.000	1060.960	1060.960	1060.960	1060.960	0.000	0.000	-24407.646	0.471
14	0.100	1124.605	1062.600	1170.750	1128.515	23.495	0.000	-22574525.266	462.184
14	0.200	1142.072	1074.240	1210.960	1143.400	20.987	0.000	-23078171.853	543.706
14	0.300	1182.325	1097.000	1254.390	1181.090	24.775	0.000	-23612096.789	519.171
14	0.400	1218.581	1155.170	1307.500	1218.325	23.600	0.000	-24119618.610	493.143
14	0.500	1265.748	1192.750	1369.360	1265.615	24.820	0.000	-24611646.476	486.935
14	0.600	1313.262	1247.410	1385.310	1311.380	24.029	0.000	-25097202.707	481.829
14	0.700	1363.213	1290.290	1447.540	1362.280	24.684	0.000	-25579665.853	479.776
14	0.800	1411.749	1332.380	1500.040	1410.840	25.224	0.000	-26060730.220	479.207
14	0.990	1504.329	1425.060	1597.110	1503.530	26.323	0.000	-26543456.242	483.680
15	0.000	1036.950	1036.950	1036.950	1036.950	0.000	0.000	-28851.868	0.561
15	0.100	1083.274	1028.450	1120.350	1084.455	16.914	0.000	-27051775.935	529.374
15	0.200	1112.377	1050.880	1184.990	1113.220	25.953	0.000	-27577573.544	517.285
15	0.300	1155.876	1107.530	1233.280	1153.675	17.710	0.000	-28095411.697	515.749
15	0.400	1213.263	1140.400	1287.040	1214.405	20.822	0.000	-28617908.706	525.527
15	0.500	1250.726	1175.800	1326.900	1253.650	26.994	0.000	-29172738.228	582.501
15	0.600	1294.853	1221.730	1375.860	1292.295	27.730	0.000	-29762872.763	594.422
15	0.700	1342.782	1279.020	1441.040	1338.720	27.892	0.000	-30362984.320	601.883
15	0.800	1392.472	1332.490	1497.490	1390.290	24.163	0.000	-30970239.683	608.470
15	0.990	1489.106	1422.470	1570.460	1488.115	22.176	0.000	-31586734.382	622.012
16	0.000	1117.800	1117.800	1117.800	1117.800	0.000	0.000	-32125.249	0.791
16	0.100	1182.782	1131.720	1247.670	1178.690	21.657	0.000	-32301594.267	785.642
16	0.200	1215.743	1136.840	1303.450	1216.900	35.870	0.000	-33078474.360	764.510
16	0.300	1257.641	1182.350	1346.350	1253.385	28.685	0.000	-33841266.686	756.058
16	0.400	1302.417	1216.440	1385.360	1306.980	26.487	0.000	-34597350.168	752.516
16	0.500	1342.619	1243.480	1442.990	1345.025	33.159	0.000	-35380582.222	809.993
16	0.600	1391.281	1276.360	1504.670	1390.670	34.983	0.000	-36199525.351	825.363
16	0.700	1440.949	1336.750	1549.250	1439.220	36.427	0.000	-37028424.243	829.647
16	0.800	1488.382	1382.030	1601.390	1491.695	36.159	0.000	-37875609.749	858.765
16	0.990	1585.959	1511.080	1709.490	1585.060	34.089	0.000	-38751345.512	887.079
17	0.000	1130.550	1130.550	1130.550	1130.550	0.000	0.000	-39413.956	0.583
17	0.100	1191.421	1142.030	1223.420	1199.200	12.884	0.000	-39486548.654	579.300
17	0.200	1226.048	1176.750	1283.890	1226.220	16.955	0.000	-40069058.716	581.346
17	0.300	1283.248	1192.560	1349.050	1286.885	22.686	0.000	-40647868.782	572.566
17	0.400	1320.358	1218.980	1417.940	1321.075	30.800	0.000	-41233043.597	595.455
17	0.500	1351.526	1253.250	1455.600	1347.935	27.549	0.000	-41848342.701	630.077
17	0.600	1391.609	1284.260	1495.640	1391.425	28.259	0.000	-42477308.356	625.572
17	0.700	1436.372	1345.130	1530.370	1437.840	31.360	0.000	-43102415.981	619.483
17	0.800	1476.446	1373.990	1600.020	1475.210	33.143	0.000	-43728756.783	633.171
17	0.990	1557.501	1466.360	1656.780	1555.860	31.061	0.000	-44372764.348	648.133
18	0.000	1223.490	1223.490	1223.490	1223.490	0.000	0.000	-44148.187	0.812
18	0.100	1219.555	1158.230	1297.570	1221.605	22.118	0.000	-45089807.232	811.919
18	0.200	1238.928	1173.170	1308.280	1236.805	27.872	0.000	-45958752.265	920.334
18	0.300	1286.428	1231.360	1370.750	1286.810	19.523	0.000	-46915968.417	990.553
18	0.400	1340.581	1260.420	1422.730	1341.805	27.600	0.000	-47919667.145	1013.845
18	0.500	1380.886	1308.650	1461.940	1380.500	28.483	0.000	-48945761.423	1033.641
18	0.600	1432.307	1356.670	1508.660	1431.375	27.488	0.000	-49966594.521	1003.455
18	0.700	1484.511	1395.450	1573.740	1482.195	31.374	0.000	-50956181.982	970.303
18	0.800	1531.964	1437.480	1662.890	1530.225	31.914	0.000	-51917883.024	949.092
18	0.990	1616.934	1509.920	1727.470	1617.140	31.855	0.000	-52853652.193	917.556
19	0.000	1188.270	1188.270	1188.270	1188.270	0.000	0.000	-53546.643	0.719
19	0.100	1219.923	1128.020	1317.070	1220.420	30.119	0.000	-53697256.127	732.653
19	0.200	1237.736	1166.860	1342.070	1235.070	28.612	0.000	-54440257.658	752.219
19	0.300	1288.876	1224.770	1381.680	1287.285	23.173	0.000	-55194719.902	750.748
19	0.400	1345.341	1243.090	1441.950	1345.515	22.544	0.000	-55947301.217	752.547
19	0.500	1389.899	1297.230	1469.500	1392.065	29.789	0.000	-56729136.681	803.670
19	0.600	1424.644	1335.470	1539.420	1425.730	33.528	0.000	-57551737.979	838.038
19	0.700	1462.420	1355.520	1583.770	1459.650	34.034	0.000	-58390152.057	835.932
19	0.800	1503.539	1409.830	1622.530	1503.885	30.847	0.000	-59217788.494	816.425
19	0.990	1587.430	1505.050	1674.200	1585.970	29.505	0.000	-60026222.605	794.385
20	0.000	1124.830	1124.830	1124.830	1124.830	0.000	0.000	-59874.281	0.950
20	0.100	1179.635	1142.890	1239.940	1178.440	15.304	0.000	-60926876.647	1032.103
20	0.200	1251.046	1174.840	1321.740	1255.060	20.957	0.000	-61970801.586	1052.002
20	0.300	1287.275	1188.500	1381.300	1281.695	28.610	0.000	-63060257.575	1121.451
20	0.400	1328.102	1248.410	1414.360	1321.855	36.721	0.000	-64214579.554	1181.290
20	0.500	1372.137	1308.640	1470.930	1370.630	23.493	0.000	-65438867.565	1262.488
20	0.600	1443.764	1372.560	1530.990	1447.350	20.945	0.000	-66682383.367	1216.806
20	0.700	1509.604	1427.590	1586.940	1512.995	27.422	0.000	-67891857.250	1201.063
20	0.800	1566.678	1466.260	1686.310	1563.870	30.354	0.000	-69088900.225	1187.384
20	0.990	1673.419	1579.160	1772.640	1673.075	26.715	0.000	-70244675.310	1117.763
21	0.000	1088.610	1088.610	1088.610	1088.610	0.000	0.000	1967.278	0.758
21	0.100	1134.741	1079.530	1191.530	1134.910	24.574	0.000	1851193.586	663.918
21	0.200	1192.827	1137.970	1273.740	1193.330	22.438	0.000	1177069.706	681.741
21	0.300	1237.062	1164.230	1323.730	1236.200	21.375	0.000	480997.542	708.493
21	0.400	1283.151	1213.930	1360.240	1283.435	22.521	0.000	-227169.432	702.202
21	0.500	1317.504	1246.810	1407.040	1316.125	27.152	0.000	-950364.822	739.538
21	0.600	1355.803	1288.680	1440.470	1355.105	22.967	0.000	-1680543.944	718.766
21	0.700	1407.583	1343.050	1479.250	1407.590	21.276	0.000	-2389885.149	696.227
21	0.800	1462.525	1401.560	1550.370	1463.125	23.009	0.000	-3080034.956	681.513
21	0.990	1564.470	1497.260	1652.500	1563.845	25.585	0.000	-3758665.162	672.445
22	0.000	1124.240	1124.240	1124.240	1124.240	0.000	0.000	-4314.492	0.742
22	0.100	1195.285	1155.130	1245.620	1194.630	16.862	0.000	-4459954.542	724.344
22	0.200	1236.247	1151.700	1321.590	1235.900	25.661	0.000	-5213624.917	780.128
22	0.300	1255.716	1183.620	1354.850	1256.920	28.049	0.000	-6021333.003	829.780
22	0.400	1274.211	1214.620	1379.650	1272.140	26.342	0.000	-6880820.721	884.519
22	0.500	1308.068	1259.050	1388.010	1306.875	20.066	0.000	-7780162.244	911.747
22	0.600	1358.464	1307.270	1423.890	1357.330	17.364	0.000	-8679313.711	883.935
22	0.700	1413.697	1365.760	1474.010	1412.990	17.483	0.000	-9553579.825	858.448
22	0.800	1470.702	1411.600	1533.640	1469.620	18.604	0.000	-10403243.081	838.746
22	0.990	1575.828	1490.550	1649.840	1576.980	21.676	0.000	-11229701.817	809.626
23	0.000	1074.530	1074.530	1074.530	1074.530	0.000	0.000	-11854.036	0.644
23	0.100	1120.416	1074.930	1181.330	1118.645	21.919	0.000	-11996902.473	720.172
23	0.200	1167.754	1117.840	1246.040	1167.860	19.932	0.000	-12731596.029	743.063
23	0.300	1222.900	1164.490	1289.160	1223.355	18.095	0.000	-13489630.122	771.370
23	0.400	1270.378	1185.240	1340.400	1269.535	21.455	0.000	-14271724.912	789.863
23	0.500	1314.633	1247.170	1380.400	1317.095	23.631	0.000	-15057849.110	778.550
23	0.600	1352.480	1288.620	1428.950	1350.645	22.670	0.000	-15848385.204	797.512
23	0.700	1400.196	1329.670	1476.220	1401.785	22.943	0.000	-16638319.889	779.243
23	0.800	1451.124	1348.860	1521.540	1452.680	26.223	0.000	-17408572.934	757.792
23	0.990	1540.331	1445.970	1646.680	1540.040	30.129	0.000	-18159875.883	739.004
24	0.000	1025.020	1025.020	1025.020	1025.020	0.000	0.000	-20588.056	0.416
24	0.100	1012.679	974.640	1095.060	1012.205	14.663	0.000	-18751279.413	454.259
24	0.200	1048.625	983.860	1129.500	1052.100	24.966	0.000	-19213676.922	468.075
24	0.300	1072.965	1021.520	1170.840	1067.300	24.150	0.000	-19692215.246	485.347
24	0.400	1114.791	1076.850	1189.280	1114.735	14.916	0.000	-20177888.087	484.142
24	0.500	1168.290	1128.250	1226.830	1168.130	13.349	0.000	-20659778.675	476.036
24	0.600	1223.677	1174.830	1270.180	1223.970	13.593	0.000	-21131932.632	465.853
24	0.700	1276.308	1206.090	1330.350	1277.190	17.831	0.000	-21596792.627	459.737
24	0.800	1324.299	1270.060	1385.190	1323.085	20.028	0.000	-22058140.032	460.381
24	0.990	1419.740	1355.860	1504.980	1422.325	23.056	0.000	-22529708.468	479.223
25	0.000	982.450	982.450	982.450	982.450	0.000	0.000	-24835.485	0.446
25	0.100	1036.290	999.480	1088.380	1030.550	15.977	0.000	-23053198.152	565.005
25	0.200	1092.814	1058.910	1144.710	1089.785	14.327	0.000	-23599359.718	522.888
25	0.300	1155.297	1105.560	1209.430	1154.830	14.585	0.000	-24116301.897	508.314
25	0.400	1205.028	1145.480	1259.150	1206.690	20.508	0.000	-24628730.892	512.448
25	0.500	1247.168	1191.310	1328.600	1246.140	22.297	0.000	-25147243.576	522.288
25	0.600	1295.950	1234.780	1379.900	1293.905	21.049	0.000	-25667375.226	513.901
25	0.700	1349.137	1278.190	1426.420	1348.800	22.084	0.000	-26179104.843	506.552
25	0.800	1399.711	1330.540	1493.610	1399.660	24.148	0.000	-26684254.825	500.367
25	0.990	1481.177	1399.090	1560.890	1480.735	27.274	0.000	-27193624.175	517.051
26	0.000	1088.620	1088.620	1088.620	1088.620	0.000	0.000	-27679.254	0.655
26	0.100	1074.780	1021.650	1175.100	1063.845	35.563	0.000	-27806708.035	688.722
26	0.200	1110.444	1073.640	1180.630	1104.015	20.651	0.000	-28497762.813	690.095
26	0.300	1168.523	1126.370	1231.890	1165.570	14.848	0.000	-29186982.034	683.149
26	0.400	1227.854	1173.510	1300.030	1226.025	17.330	0.000	-29866594.006	671.936
26	0.500	1271.309	1231.130	1335.380	1268.955	18.269	0.000	-30564335.967	719.867
26	0.600	1327.850	1249.310	1407.510	1330.070	17.973	0.000	-31286071.057	720.930
26	0.700	1382.376	1311.340	1442.810	1385.600	25.159	0.000	-32005147.465	712.766
26	0.800	1429.564	1338.790	1509.280	1430.705	28.775	0.000	-32722814.601	720.367
26	0.990	1516.370	1430.120	1615.050	1517.780	26.116	0.000	-33456786.459	743.411
27	0.000	1023.830	1023.830	1023.830	1023.830	0.000	0.000	-35888.084	0.538
27	0.100	1072.832	1052.180	1093.620	1073.140	3.095	0.000	-34145797.148	644.490
27	0.200	1129.362	1065.690	1182.440	1122.705	20.037	0.000	-34786377.323	633.087
27	0.300	1177.958	1096.490	1242.620	1177.205	22.617	0.000	-35420289.979	631.383
27	0.400	1209.275	1117.710	1295.280	1203.530	31.737	0.000	-36063141.145	650.715
27	0.500	1234.546	1157.480	1348.870	1234.880	26.844	0.000	-36739569.395	699.824
27	0.600	1276.176	1212.580	1375.970	1275.930	25.505	0.000	-37431706.630	679.762
27	0.700	1322.032	1247.110	1398.890	1319.770	24.682	0.000	-38102502.679	657.160
27	0.800	1373.426	1312.420	1493.070	1370.060	22.877	0.000	-38755492.530	645.186
27	0.990	1475.150	1409.160	1549.110	1480.045	24.303	0.000	-39395477.791	631.944
28	0.000	1390.920	1390.920	1390.920	1390.920	0.000	0.000	-41498.384	1.380
28	0.100	1346.112	1272.680	1485.190	1343.320	48.383	0.000	-40360572.995	1246.670
28	0.200	1394.333	1326.350	1510.700	1398.070	27.019	0.000	-41600524.032	1227.197
28	0.300	1440.709	1342.220	1538.960	1438.040	28.922	0.000	-42809064.081	1186.063
28	0.400	1498.340	1406.780	1616.800	1499.405	26.247	0.000	-43987881.914	1166.588
28	0.500	1563.270	1455.670	1639.240	1570.595	35.861	0.000	-45156194.038	1165.289
28	0.600	1599.218	1500.760	1711.410	1595.350	39.510	0.000	-46336281.860	1190.211
28	0.700	1653.542	1560.190	1764.460	1650.480	30.418	0.000	-47539666.558	1208.830
28	0.800	1715.226	1612.190	1828.200	1713.925	29.812	0.000	-48758152.530	1225.957
28	0.990	1819.716	1718.880	1946.330	1823.940	35.719	0.000	-50016871.844	1283.368
29	0.000	1123.900	1123.900	1123.900	1123.900	0.000	0.000	-50862.173	0.795
29	0.100	1119.064	1053.910	1218.810	1116.920	25.649	0.000	-51035692.341	778.805
29	0.200	1158.522	1117.310	1237.850	1149.115	23.086	0.000	-51844875.876	836.592
29	0.300	1224.477	1187.000	1307.560	1224.155	13.496	0.000	-52688913.851	846.086
29	0.400	1294.196	1242.470	1349.980	1293.590	14.845	0.000	-53534136.669	841.738
29	0.500	1349.005	1288.250	1422.200	1347.135	22.438	0.000	-54405501.810	899.167
29	0.600	1399.987	1320.280	1487.470	1400.130	24.336	0.000	-55307903.198	899.003
29	0.700	1446.872	1355.350	1543.920	1447.355	31.127	0.000	-56201882.450	885.140
29	0.800	1483.642	1398.660	1593.340	1482.875	35.148	0.000	-57098316.482	906.116
29	0.990	1565.739	1475.630	1664.230	1564.890	29.586	0.000	-58001341.784	893.937
30	0.000	1024.040	1024.040	1024.040	1024.040	0.000	0.000	-58667.975	0.667
30	0.100	1082.649	1005.660	1122.740	1080.000	17.094	0.000	-58817133.985	731.879
30	0.200	1086.113	1042.830	1168.820	1077.580	24.534	0.000	-59560248.733	751.725
30	0.300	1128.165	1087.750	1194.120	1127.455	15.869	0.000	-60314449.833	751.760
30	0.400	1189.043	1142.720	1245.530	1190.200	14.657	0.000	-61060450.495	737.492
30	0.500	1234.617	1171.320	1319.190	1234.755	20.378	0.000	-61837876.901	812.204
30	0.600	1286.522	1232.080	1352.960	1284.790	19.057	0.000	-62654506.143	816.357
30	0.700	1342.900	1281.900	1427.520	1342.795	20.197	0.000	-63460220.994	792.495
30	0.800	1396.087	1306.360	1468.790	1396.180	21.877	0.000	-64243612.848	769.614
30	0.990	1497.354	1418.440	1586.950	1496.625	26.377	0.000	-65006413.702	754.244
31	0.000	1125.850	1125.850	1125.850	1125.850	0.000	0.000	1967.277	0.680
31	0.100	1175.938	1113.250	1210.020	1180.840	25.348	0.000	1845293.796	676.767
31	0.200	1205.677	1166.190	1263.610	1205.380	12.998	0.000	1162237.967	686.888
31	0.300	1275.632	1210.580	1308.400	1276.555	11.230	0.000	478986.891	675.096
31	0.400	1334.622	1234.630	1422.080	1337.755	24.662	0.000	-207036.705	693.139
31	0.500	1362.197	1273.760	1451.800	1367.495	26.950	0.000	-932604.757	753.475
31	0.600	1407.128	1293.930	1490.180	1407.985	33.457	0.000	-1681104.970	739.356
31	0.700	1444.402	1337.700	1550.130	1438.440	36.131	0.000	-2418758.604	732.305
31	0.800	1485.034	1401.700	1605.970	1484.445	37.520	0.000	-3165969.604	757.510
31	0.990	1575.998	1496.930	1714.150	1571.545	28.689	0.000	-3940500.818	789.566
32	0.000	1092.770	1092.770	1092.770	1092.770	0.000	0.000	-4554.566	0.616
32	0.100	1128.552	1075.990	1179.450	1132.535	18.696	0.000	-4643630.863	611.978
32	0.200	1156.709	1096.910	1231.750	1156.575	21.892	0.000	-5260051.237	617.183
32	0.300	1210.291	1150.360	1293.090	1209.295	20.613	0.000	-5871308.358	600.343
32	0.400	1250.060	1156.490	1322.630	1252.810	24.953	0.000	-6473882.774	601.727
32	0.500	1281.157	1202.910	1372.630	1285.165	30.281	0.000	-7094723.338	637.187
32	0.600	1323.501	1261.090	1416.780	1325.375	31.044	0.000	-7739577.132	649.612
32	0.700	1376.552	1328.320	1481.470	1366.335	28.045	0.000	-8394183.132	656.142
32	0.800	1433.416	1381.930	1527.390	1428.050	23.008	0.000	-9056569.879	663.406
32	0.990	1540.057	1466.940	1631.560	1541.180	22.907	0.000	-9724751.607	669.307
33	0.000	931.830	931.830	931.830	931.830	0.000	0.000	-9357.664	0.311
33	0.100	960.301	925.230	976.690	965.680	10.432	0.000	-10361681.826	350.655
33	0.200	1011.973	946.000	1063.010	1020.760	20.824	0.000	-10718130.626	359.743
33	0.300	1042.943	968.430	1106.150	1038.175	27.721	0.000	-11084856.674	370.156
33	0.400	1073.144	1028.730	1176.610	1069.590	22.437	0.000	-11458321.484	375.300
33	0.500	1128.476	1087.300	1207.480	1126.830	18.603	0.000	-11832617.833	369.744
33	0.600	1184.005	1146.280	1250.910	1182.190	16.452	0.000	-12199204.760	361.488
33	0.700	1240.991	1195.410	1320.070	1240.145	17.808	0.000	-12565052.115	366.767
33	0.800	1297.008	1244.740	1372.740	1295.990	18.130	0.000	-12937635.588	375.756
33	0.990	1403.150	1347.950	1460.320	1402.355	17.848	0.000	-13320917.877	389.024
34	0.000	1093.560	1093.560	1093.560	1093.560	0.000	0.000	-15449.030	0.498
34	0.100	1146.059	1071.020	1203.870	1146.985	22.397	0.000	-13625888.588	482.112
34	0.200	1179.233	1097.600	1256.020	1179.425	21.688	0.000	-14118539.965	500.170
34	0.300	1222.910	1131.830	1312.900	1228.850	31.200	0.000	-14619643.390	498.294
34	0.400	1255.747	1173.490	1351.720	1249.620	32.067	0.000	-15128648.000	517.132
34	0.500	1284.563	1219.810	1402.960	1282.235	25.006	0.000	-15672451.065	565.514
34	0.600	1330.321	1270.720	1401.490	1329.440	20.804	0.000	-16239721.041	568.051
34	0.700	1383.753	1331.200	1452.480	1383.270	20.528	0.000	-16806519.106	560.428
34	0.800	1436.553	1375.090	1521.450	1436.305	20.466	0.000	-17364937.129	554.171
34	0.990	1533.472	1460.010	1603.010	1533.975	23.701	0.000	-17918237.196	549.461
35	0.000	1044.410	1044.410	1044.410	1044.410	0.000	0.000	-18419.807	0.620
35	0.100	1075.421	1026.840	1149.170	1075.895	19.433	0.000	-18553312.889	700.568
35	0.200	1121.170	1064.370	1191.090	1121.435	21.601	0.000	-19255782.432	700.929
35	0.300	1159.725	1124.730	1224.680	1157.495	15.246	0.000	-19986509.032	756.612
35	0.400	1214.268	1176.260	1268.750	1214.300	15.741	0.000	-20766355.492	799.159
35	0.500	1270.679	1216.920	1319.260	1270.915	15.676	0.000	-21581704.007	826.870
35	0.600	1321.104	1238.000	1376.300	1322.230	21.436	0.000	-22394838.130	795.569
35	0.700	1365.440	1289.980	1440.330	1365.415	24.459	0.000	-23175409.350	762.603
35	0.800	1406.298	1331.920	1495.650	1405.540	25.217	0.000	-23927096.223	736.421
35	0.990	1495.904	1428.190	1583.470	1495.490	24.687	0.000	-24662399.478	730.382
36	0.000	1146.240	1146.240	1146.240	1146.240	0.000	0.000	-25246.550	0.717
36	0.100	1207.779	1155.500	1247.780	1208.785	10.577	0.000	-25373652.382	687.237
36	0.200	1246.298	1168.750	1318.490	1248.730	24.312	0.000	-26074323.479	710.740
36	0.300	1287.166	1208.560	1352.900	1292.095	24.678	0.000	-26801707.803	739.055
36	0.400	1330.234	1240.340	1417.860	1328.145	30.697	0.000	-27547135.450	747.898
36	0.500	1366.824	1299.390	1467.060	1366.940	26.451	0.000	-28318039.312	788.988
36	0.600	1414.620	1326.460	1498.940	1414.540	26.532	0.000	-29104687.483	782.322
36	0.700	1457.594	1363.980	1563.350	1457.680	31.502	0.000	-29898443.523	803.968
36	0.800	1492.024	1411.700	1606.180	1489.720	32.841	0.000	-30712001.063	817.836
36	0.990	1578.107	1505.170	1693.120	1576.280	27.546	0.000	-31520134.680	793.278
37	0.000	1177.780	1177.780	1177.780	1177.780	0.000	0.000	-31368.311	0.892
37	0.100	1258.408	1208.570	1289.110	1265.230	17.668	0.000	-32341698.082	874.123
37	0.200	1311.179	1234.570	1383.380	1314.380	24.358	0.000	-33219458.171	876.979
37	0.300	1338.939	1257.010	1438.910	1336.075	27.515	0.000	-34149275.234	978.780
37	0.400	1385.048	1275.720	1515.860	1385.885	28.955	0.000	-35150962.582	1018.764
37	0.500	1412.447	1277.450	1522.430	1413.620	38.312	0.000	-36199544.217	1076.181
37	0.600	1439.841	1339.430	1574.790	1438.750	37.367	0.000	-37279685.385	1077.308
37	0.700	1479.493	1385.470	1603.610	1476.265	35.401	0.000	-38345275.733	1051.207
37	0.800	1523.767	1434.540	1629.890	1521.390	32.337	0.000	-39386599.078	1027.001
37	0.990	1620.640	1529.630	1741.170	1619.885	31.872	0.000	-40396262.381	986.169
38	0.000	1152.430	1152.430	1152.430	1152.430	0.000	0.000	-41123.327	0.776
38	0.100	1204.179	1122.500	1293.930	1204.020	33.543	0.000	-41275420.624	736.684
38	0.200	1219.175	1137.230	1307.150	1218.000	28.330	0.000	-42013992.341	737.744
38	0.300	1254.342	1184.740	1355.630	1253.810	23.591	0.000	-42743634.474	718.266
38	0.400	1289.574	1178.720	1376.640	1289.105	29.318	0.000	-43467323.856	726.138
38	0.500	1319.941	1236.180	1425.920	1320.890	31.202	0.000	-44220151.606	772.080
38	0.600	1361.495	1277.560	1483.190	1358.185	32.283	0.000	-44994157.942	774.230
38	0.700	1407.289	1330.870	1502.170	1402.305	30.421	0.000	-45768958.948	770.673
38	0.800	1455.306	1376.820	1565.880	1453.765	26.710	0.000	-46538712.543	765.057
38	0.990	1552.568	1474.840	1642.900	1552.120	24.387	0.000	-47299737.977	753.690
39	0.000	1258.270	1258.270	1258.270	1258.270	0.000	0.000	-47128.162	1.155
39	0.100	1315.433	1259.150	1421.500	1317.010	21.685	0.000	-48239604.156	1149.369
39	0.200	1360.724	1276.800	1443.520	1360.370	29.872	0.000	-49390495.557	1147.532
39	0.300	1396.994	1323.340	1478.850	1395.750	23.553	0.000	-50585593.524	1236.856
39	0.400	1450.369	1371.970	1529.340	1451.085	26.948	0.000	-51810975.699	1210.174
39	0.500	1496.845	1411.800	1604.610	1496.555	28.707	0.000	-53029546.115	1223.768
39	0.600	1547.880	1449.680	1631.660	1549.775	29.446	0.000	-54244066.185	1199.397
39	0.700	1595.480	1470.370	1691.020	1598.525	37.006	0.000	-55435535.199	1177.343
39	0.800	1630.104	1481.430	1771.960	1630.050	42.543	0.000	-56626417.571	1202.365
39	0.990	1699.109	1592.160	1852.360	1695.720	38.752	0.000	-57848896.074	1233.338
40	0.000	1171.290	1171.290	1171.290	1171.290	0.000	0.000	-57931.047	0.997
40	0.100	1186.250	1138.280	1249.520	1186.470	14.089	0.000	-58939500.814	942.929
40	0.200	1254.448	1169.340	1324.970	1258.860	19.241	0.000	-59876659.598	928.352
40	0.300	1291.337	1204.800	1379.530	1291.030	21.721	0.000	-60836992.357	986.527
40	0.400	1350.602	1240.470	1450.190	1354.210	25.717	0.000	-61826361.870	987.727
40	0.500	1395.507	1298.320	1475.750	1395.160	37.823	0.000	-62857940.353	1072.432
40	0.600	1432.817	1324.790	1539.290	1429.305	37.121	0.000	-63961555.354	1129.645
40	0.700	1474.874	1370.190	1575.780	1474.255	33.757	0.000	-65096933.946	1135.398
40	0.800	1520.668	1435.590	1640.380	1517.940	34.120	0.000	-66224684.123	1115.801
40	0.990	1617.950	1538.630	1753.800	1615.625	29.294	0.000	-67324666.324	1083.677
41	0.000	1298.450	1298.450	1298.450	1298.450	0.000	0.000	407.033	1.987
41	0.100	1275.883	1197.850	1375.870	1283.365	38.955	0.000	1268207.108	1799.237
41	0.200	1334.870	1271.780	1472.250	1332.515	35.651	0.000	-542573.339	1812.625
41	0.300	1389.233	1336.190	1504.720	1383.425	24.962	0.000	-2395281.488	1883.975
41	0.400	1463.842	1385.150	1575.940	1461.960	26.880	0.000	-4291536.760	1905.866
41	0.500	1526.562	1434.610	1630.870	1527.685	30.781	0.000	-6223218.490	1949.676
41	0.600	1580.954	1462.860	1700.960	1579.660	36.308	0.000	-8180105.836	1954.529
41	0.700	1626.371	1487.930	1761.360	1628.870	41.718	0.000	-10121428.986	1919.851
41	0.800	1668.009	1527.590	1810.680	1670.375	45.615	0.000	-12036070.810	1899.458
41	0.990	1733.790	1614.790	1884.980	1730.970	47.538	0.000	-13960809.026	1948.588
42	0.000	1050.180	1050.180	1050.180	1050.180	0.000	0.000	-15141.628	1.204
42	0.100	1143.359	1060.920	1221.110	1143.765	28.777	0.000	-15466135.387	1082.157
42	0.200	1155.256	1100.800	1229.760	1151.585	19.546	0.000	-16577565.393	1134.803
42	0.300	1196.821	1152.340	1273.920	1197.320	22.315	0.000	-17728790.854	1159.430
42	0.400	1248.893	1203.370	1315.680	1247.620	17.426	0.000	-18862140.174	1102.109
42	0.500	1298.938	1250.780	1356.960	1297.745	16.573	0.000	-19995860.002	1159.646
42	0.600	1354.087	1283.010	1432.740	1354.330	19.961	0.000	-21134842.610	1114.321
42	0.700	1407.396	1330.200	1473.240	1407.320	23.456	0.000	-22229058.096	1068.301
42	0.800	1460.979	1380.440	1538.550	1459.850	27.241	0.000	-23284981.109	1038.402
42	0.990	1551.676	1460.410	1657.360	1552.980	32.351	0.000	-24318717.680	1023.908
43	0.000	1069.660	1069.660	1069.660	1069.660	0.000	0.000	-25050.491	1.058
43	0.100	1094.797	1033.360	1141.000	1104.495	21.097	0.000	-25365987.853	1061.992
43	0.200	1134.314	1077.140	1189.940	1134.575	21.325	0.000	-26475509.933	1150.842
43	0.300	1180.405	1128.260	1246.050	1179.375	18.338	0.000	-27631839.821	1157.012
43	0.400	1230.043	1168.660	1316.900	1230.520	20.542	0.000	-28799299.282	1171.854
43	0.500	1275.941	1212.180	1349.180	1274.390	20.614	0.000	-30022553.111	1271.454
43	0.600	1325.457	1265.530	1391.510	1325.045	21.145	0.000	-31280759.013	1239.039
43	0.700	1369.816	1287.680	1447.570	1370.115	22.884	0.000	-32493761.128	1179.603
43	0.800	1414.137	1348.190	1486.710	1414.630	25.374	0.000	-33654573.870	1136.995
43	0.990	1511.545	1439.020	1606.840	1508.820	24.748	0.000	-34781562.418	1111.502
44	0.000	1229.600	1229.600	1229.600	1229.600	0.000	0.000	-34789.860	1.556
44	0.100	1238.473	1173.790	1271.640	1235.885	18.594	0.000	-36203301.268	1752.403
44	0.200	1277.237	1232.680	1350.890	1278.870	16.357	0.000	-37941476.762	1715.510
44	0.300	1349.506	1265.750	1431.850	1352.820	28.324	0.000	-39688356.222	1772.440
44	0.400	1387.439	1325.370	1483.710	1379.980	25.877	0.000	-41520779.269	1883.827
44	0.500	1448.088	1387.670	1555.320	1446.305	24.284	0.000	-43418176.226	1901.539
44	0.600	1509.075	1429.580	1610.880	1507.690	26.926	0.000	-45282238.503	1819.912
44	0.700	1567.499	1481.410	1680.490	1566.025	29.339	0.000	-47086437.364	1777.265
44	0.800	1617.727	1506.950	1750.060	1618.140	35.265	0.000	-48880891.412	1806.617
44	0.990	1694.600	1576.900	1830.580	1693.225	44.232	0.000	-50724223.994	1872.470
45	0.000	993.650	993.650	993.650	993.650	0.000	0.000	-51894.070	1.007
45	0.100	1039.890	1012.750	1098.970	1033.050	22.597	0.000	-52193934.287	1032.543
45	0.200	1098.891	1058.850	1164.430	1097.500	12.123	0.000	-53225966.011	1024.326
45	0.300	1163.614	1121.830	1221.480	1164.625	12.845	0.000	-54257659.180	1033.856
45	0.400	1222.448	1135.300	1261.130	1225.110	16.156	0.000	-55288830.482	1024.857
45	0.500	1270.666	1199.480	1334.570	1274.035	20.392	0.000	-56350282.636	1091.265
45	0.600	1321.838	1252.460	1371.970	1327.895	26.524	0.000	-57451346.117	1104.375
45	0.700	1368.738	1296.790	1434.540	1362.965	29.068	0.000	-58559306.300	1107.070
45	0.800	1417.298	1358.770	1499.780	1413.500	25.383	0.000	-59673078.478	1114.296
45	0.990	1521.470	1452.080	1600.410	1522.420	20.751	0.000	-60791187.645	1116.071
46	0.000	1347.420	1347.420	1347.420	1347.420	0.000	0.000	-63128.974	1.683
46	0.100	1369.408	1289.540	1481.750	1361.315	35.580	0.000	-62274906.833	1814.126
46	0.200	1421.911	1349.380	1510.710	1421.515	15.884	0.000	-64129620.100	1885.780
46	0.300	1492.744	1424.700	1609.350	1479.365	30.113	0.000	-65995107.485	1836.613
46	0.400	1558.967	1448.580	1669.830	1556.375	34.171	0.000	-67842933.919	1851.275
46	0.500	1605.457	1484.880	1713.360	1605.595	34.487	0.000	-69731372.314	1920.886
46	0.600	1661.481	1541.730	1777.340	1662.475	39.429	0.000	-71632158.638	1867.994
46	0.700	1718.941	1562.600	1850.570	1719.400	46.414	0.000	-73488316.202	1837.977
46	0.800	1766.716	1619.330	1910.920	1764.725	49.149	0.000	-75329289.092	1837.829
46	0.990	1854.473	1711.160	2012.670	1853.935	52.326	0.000	-77240795.974	2025.411
47	0.000	1265.520	1265.520	1265.520	1265.520	0.000	0.000	-77715.133	1.648
47	0.100	1284.450	1221.880	1338.090	1288.275	21.599	0.000	-79170578.278	1837.245
47	0.200	1342.483	1266.460	1436.660	1341.145	27.673	0.000	-80953326.304	1717.240
47	0.300	1387.082	1302.750	1485.740	1387.300	27.315	0.000	-82673915.976	1713.584
47	0.400	1413.162	1349.530	1514.550	1406.120	27.012	0.000	-84358505.212	1637.624
47	0.500	1476.910	1386.550	1581.570	1473.845	20.035	0.000	-85995883.824	1676.839
47	0.600	1540.704	1445.100	1626.610	1544.190	26.165	0.000	-87691772.304	1675.571
47	0.700	1590.714	1489.070	1687.500	1588.380	32.547	0.000	-89378638.165	1690.155
47	0.800	1640.937	1531.940	1751.480	1641.605	35.257	0.000	-91084642.630	1715.116
47	0.990	1731.229	1593.910	1922.350	1728.465	44.607	0.000	-92810702.340	1715.323
48	0.000	1005.850	1005.850	1005.850	1005.850	0.000	0.000	-95736.701	0.649
48	0.100	1068.404	1014.200	1125.280	1068.340	19.595	0.000	-94038408.321	743.659
48	0.200	1090.789	1024.290	1184.710	1091.545	29.400	0.000	-94842250.060	853.186
48	0.300	1123.719	1065.620	1207.660	1122.375	21.433	0.000	-95730516.547	910.859
48	0.400	1171.669	1128.200	1235.410	1169.585	17.810	0.000	-96611324.975	847.131
48	0.500	1229.074	1184.960	1291.000	1228.100	15.755	0.000	-97457315.658	840.742
48	0.600	1287.496	1234.690	1351.130	1288.370	16.328	0.000	-98297171.280	837.108
48	0.700	1339.800	1281.960	1405.560	1340.035	20.539	0.000	-99130696.697	819.901
48	0.800	1389.151	1313.750	1469.760	1389.310	23.303	0.000	-99945867.915	807.068
48	0.990	1474.407	1391.900	1562.050	1473.080	27.096	0.000	-100757688.377	801.800
49	0.000	1050.170	1050.170	1050.170	1050.170	0.000	0.000	-101380.487	1.026
49	0.100	1051.613	1018.020	1104.910	1050.695	8.416	0.000	-101685401.550	1042.196
49	0.200	1124.080	1059.370	1193.730	1119.735	16.401	0.000	-102703767.180	987.704
49	0.300	1164.990	1085.230	1245.790	1161.850	23.348	0.000	-103705301.347	1021.831
49	0.400	1226.603	1156.700	1330.210	1222.920	22.665	0.000	-104749995.665	1055.219
49	0.500	1269.245	1202.080	1356.440	1270.270	24.058	0.000	-105847881.531	1130.935
49	0.600	1325.718	1263.770	1399.400	1327.880	24.239	0.000	-106987358.114	1143.169
49	0.700	1380.259	1300.420	1461.450	1378.655	28.814	0.000	-108132072.263	1140.698
49	0.800	1423.611	1329.300	1520.720	1424.790	29.318	0.000	-109281424.804	1153.133
49	0.990	1507.663	1385.550	1607.500	1507.690	31.239	0.000	-110417728.075	1095.494
50	0.000	1121.940	1121.940	1121.940	1121.940	0.000	0.000	-110408.738	1.317
50	0.100	1115.301	1090.590	1189.290	1117.445	15.199	0.000	-111644078.589	1395.434
50	0.200	1208.544	1157.940	1252.980	1211.380	19.243	0.000	-113020190.770	1351.268
50	0.300	1281.870	1191.630	1329.710	1288.110	25.392	0.000	-114371521.837	1343.515
50	0.400	1316.481	1234.690	1403.150	1317.550	36.092	0.000	-115729527.966	1369.889
50	0.500	1336.328	1245.100	1459.380	1332.090	28.421	0.000	-117145320.992	1452.345
50	0.600	1381.890	1285.550	1484.180	1384.165	29.459	0.000	-118595767.761	1440.850
50	0.700	1438.852	1353.540	1541.320	1441.710	30.755	0.000	-120037867.398	1437.703
50	0.800	1488.208	1407.840	1565.450	1488.435	33.025	0.000	-121495613.427	1471.192
50	0.990	1585.064	1517.520	1688.490	1583.690	29.661	0.000	-122970597.919	1473.730
51	0.000	1135.180	1135.180	1135.180	1135.180	0.000	0.000	1967.273	1.313
51	0.100	1134.193	1104.480	1200.630	1115.920	25.283	0.000	1560133.080	1244.522
51	0.200	1203.278	1138.960	1272.710	1196.765	18.412	0.000	315436.573	1237.157
51	0.300	1264.985	1199.030	1338.430	1264.840	33.661	0.000	-951397.887	1287.649
51	0.400	1299.579	1200.990	1389.670	1298.920	29.347	0.000	-2225594.919	1255.321
51	0.500	1343.428	1258.160	1492.310	1345.010	34.064	0.000	-3488185.573	1263.323
51	0.600	1387.349	1305.020	1494.160	1385.765	33.510	0.000	-4767869.843	1285.980
51	0.700	1433.911	1348.090	1570.170	1431.540	31.978	0.000	-6071337.894	1311.072
51	0.800	1477.656	1391.720	1594.560	1475.410	34.264	0.000	-7413005.861	1369.054
51	0.990	1562.629	1471.670	1685.920	1562.720	32.501	0.000	-8813321.471	1431.670
52	0.000	1008.420	1008.420	1008.420	1008.420	0.000	0.000	-11594.009	0.870
52	0.100	1033.466	971.340	1117.260	1018.860	28.070	0.000	-9991062.504	920.563
52	0.200	1058.950	1002.460	1120.690	1058.775	13.753	0.000	-10890987.552	873.736
52	0.300	1103.398	1039.410	1173.600	1103.535	18.235	0.000	-11810953.659	957.738
52	0.400	1150.361	1093.690	1210.890	1150.630	18.367	0.000	-12778162.779	971.015
52	0.500	1205.935	1162.940	1271.170	1206.585	19.331	0.000	-13737476.193	941.954
52	0.600	1257.049	1183.550	1315.320	1255.555	20.513	0.000	-14665967.214	911.965
52	0.700	1305.876	1238.020	1371.430	1305.330	21.840	0.000	-15577028.106	899.889
52	0.800	1357.595	1300.960	1429.560	1355.965	21.643	0.000	-16475030.644	894.301
52	0.990	1454.296	1392.280	1535.590	1453.405	22.725	0.000	-17384091.823	913.624
53	0.000	1422.160	1422.160	1422.160	1422.160	0.000	0.000	-17299.661	2.489
53	0.100	1327.582	1252.560	1424.970	1327.900	32.966	0.000	-18874228.678	2072.804
53	0.200	1365.772	1276.530	1469.100	1366.500	28.174	0.000	-20953898.396	2077.323
53	0.300	1397.050	1289.270	1510.880	1394.730	35.997	0.000	-23065441.034	2127.007
53	0.400	1434.826	1327.720	1565.050	1436.880	36.132	0.000	-25249286.867	2233.304
53	0.500	1471.619	1376.240	1587.360	1471.150	39.899	0.000	-27534231.374	2330.507
53	0.600	1508.801	1417.940	1639.930	1507.275	32.929	0.000	-29888406.991	2366.903
53	0.700	1561.566	1453.700	1666.340	1563.460	32.032	0.000	-32251528.057	2348.083
53	0.800	1609.669	1504.190	1710.980	1610.790	36.038	0.000	-34593870.931	2336.402
53	0.990	1695.660	1598.170	1819.060	1694.750	34.911	0.000	-36944830.453	2350.825
54	0.000	1148.020	1148.020	1148.020	1148.020	0.000	0.000	-38358.042	1.327
54	0.100	1172.671	1075.000	1278.500	1169.240	31.572	0.000	-38820792.965	1356.111
54	0.200	1186.155	1107.770	1339.080	1178.410	43.366	0.000	-40245519.771	1484.517
54	0.300	1213.863	1156.540	1356.850	1209.695	26.483	0.000	-41766837.741	1549.780
54	0.400	1274.175	1211.620	1351.680	1272.235	21.832	0.000	-43310436.467	1532.063
54	0.500	1328.868	1245.010	1404.070	1328.875	25.154	0.000	-44817085.729	1475.390
54	0.600	1370.729	1276.410	1475.020	1371.005	28.774	0.000	-46272007.540	1425.704
54	0.700	1407.644	1314.320	1505.700	1407.070	31.341	0.000	-47683050.710	1385.761
54	0.800	1443.717	1349.100	1544.630	1441.600	31.036	0.000	-49068298.363	1378.233
54	0.990	1524.662	1436.630	1650.190	1523.625	33.206	0.000	-50454798.933	1386.312
55	0.000	1210.540	1210.540	1210.540	1210.540	0.000	0.000	-51368.135	1.168
55	0.100	1252.358	1176.130	1304.310	1252.170	18.948	0.000	-51743979.994	1180.940
55	0.200	1280.916	1196.990	1366.720	1276.940	35.161	0.000	-52983074.907	1291.710
55	0.300	1304.560	1214.750	1397.060	1302.715	29.711	0.000	-54261010.088	1256.950
55	0.400	1351.874	1270.970	1426.990	1351.060	27.195	0.000	-55490770.061	1195.266
55	0.500	1388.248	1293.070	1495.160	1386.190	32.526	0.000	-56717386.970	1250.698
55	0.600	1429.510	1314.160	1525.650	1430.350	28.314	0.000	-57976345.638	1258.705
55	0.700	1478.153	1375.630	1576.870	1480.680	34.494	0.000	-59231392.271	1245.407
55	0.800	1515.790	1401.090	1650.460	1514.610	40.168	0.000	-60493887.973	1269.634
55	0.990	1587.279	1500.100	1719.410	1587.115	35.853	0.000	-61762240.693	1261.303
56	0.000	1085.630	1085.630	1085.630	1085.630	0.000	0.000	-62613.331	1.301
56	0.100	1100.732	1053.190	1200.860	1100.280	21.454	0.000	-63037346.629	1280.675
56	0.200	1153.941	1090.490	1219.200	1151.950	22.651	0.000	-64347735.990	1328.275
56	0.300	1205.395	1136.090	1291.190	1207.175	26.629	0.000	-65692519.410	1356.122
56	0.400	1247.294	1186.220	1322.630	1247.205	20.546	0.000	-67111099.728	1478.822
56	0.500	1286.201	1223.430	1354.060	1287.480	22.662	0.000	-68655263.362	1601.104
56	0.600	1333.055	1273.180	1402.600	1332.260	21.711	0.000	-70227595.619	1530.527
56	0.700	1385.288	1327.740	1459.130	1384.425	19.887	0.000	-71730817.676	1468.856
56	0.800	1443.517	1371.380	1529.050	1445.035	21.167	0.000	-73185601.370	1428.450
56	0.990	1554.018	1479.570	1633.010	1553.050	24.414	0.000	-74602422.858	1403.768
57	0.000	1109.230	1109.230	1109.230	1109.230	0.000	0.000	-74757.741	1.638
57	0.100	1203.173	1142.570	1284.400	1200.880	29.956	0.000	-76122221.049	1654.354
57	0.200	1221.852	1145.510	1319.400	1216.370	28.178	0.000	-77788008.019	1669.691
57	0.300	1261.056	1192.090	1350.450	1271.035	30.061	0.000	-79448811.400	1640.556
57	0.400	1293.480	1235.780	1401.760	1289.090	23.640	0.000	-81113211.624	1681.882
57	0.500	1352.160	1287.040	1425.270	1349.610	20.143	0.000	-82804079.751	1688.793
57	0.600	1411.468	1316.960	1484.980	1414.265	22.765	0.000	-84482562.917	1661.810
57	0.700	1462.906	1345.620	1562.480	1467.955	32.131	0.000	-86156274.613	1676.953
57	0.800	1497.844	1392.220	1601.210	1500.750	41.913	0.000	-87874498.768	1742.377
57	0.990	1574.241	1502.560	1702.520	1567.905	37.022	0.000	-89649215.258	1802.172
58	0.000	1176.630	1176.630	1176.630	1176.630	0.000	0.000	-90018.457	2.073
58	0.100	1233.002	1222.720	1249.760	1234.115	5.811	0.000	-91565812.257	2016.321
58	0.200	1283.945	1229.580	1359.120	1283.140	17.876	0.000	-93562156.939	1964.937
58	0.300	1322.199	1228.470	1401.520	1322.485	28.300	0.000	-95497962.004	1903.880
58	0.400	1361.567	1284.750	1455.200	1358.905	24.321	0.000	-97436673.169	1957.905
58	0.500	1415.115	1315.110	1511.170	1419.900	25.958	0.000	-99401470.077	1961.844
58	0.600	1467.529	1356.070	1556.510	1465.615	32.491	0.000	-101358393.539	1949.143
58	0.700	1516.712	1399.120	1625.700	1515.380	33.897	0.000	-103318626.509	1962.135
58	0.800	1564.412	1439.530	1677.770	1566.920	38.406	0.000	-105306456.724	2000.349
58	0.990	1647.016	1537.420	1807.770	1651.425	43.496	0.000	-107355825.014	2092.995
59	0.000	1037.970	1037.970	1037.970	1037.970	0.000	0.000	-108640.989	1.174
59	0.100	1089.352	1043.300	1157.900	1089.595	16.498	0.000	-109059462.966	1269.959
59	0.200	1125.968	1086.570	1206.620	1118.305	16.241	0.000	-110366255.200	1339.709
59	0.300	1186.807	1139.340	1241.550	1185.265	14.989	0.000	-111756721.437	1434.968
59	0.400	1253.774	1181.440	1319.460	1253.735	17.305	0.000	-113204062.419	1446.195
59	0.500	1303.965	1225.200	1374.970	1305.135	26.762	0.000	-114655438.866	1450.527
59	0.600	1337.252	1260.550	1425.240	1335.410	28.983	0.000	-116109656.185	1457.231
59	0.700	1375.461	1293.890	1469.450	1374.465	26.610	0.000	-117528676.150	1353.698
59	0.800	1421.743	1347.910	1501.530	1421.395	24.929	0.000	-118852360.617	1296.612
59	0.990	1512.500	1429.240	1606.820	1512.160	29.478	0.000	-120129782.619	1249.763
60	0.000	1231.660	1231.660	1231.660	1231.660	0.000	0.000	-120206.460	2.070
60	0.100	1325.253	1271.660	1415.700	1322.010	18.321	0.000	-121738065.661	1985.714
60	0.200	1386.933	1307.440	1495.710	1387.060	23.944	0.000	-123714060.686	1955.245
60	0.300	1434.172	1336.090	1520.120	1436.880	31.194	0.000	-125678491.939	1964.894
60	0.400	1470.562	1339.190	1577.570	1471.245	38.998	0.000	-127681239.883	2029.255
60	0.500	1492.246	1349.350	1651.220	1491.680	46.594	0.000	-129797940.666	2195.195
60	0.600	1504.679	1388.700	1662.150	1504.180	45.078	0.000	-132059940.174	2340.277
60	0.700	1535.567	1431.500	1700.670	1532.735	40.829	0.000	-134454101.570	2410.793
60	0.800	1573.406	1480.340	1694.780	1571.090	35.451	0.000	-136860977.476	2399.927
60	0.990	1662.784	1584.040	1782.420	1662.775	33.347	0.000	-139199632.189	2254.394
61	0.000	1021.100	1021.100	1021.100	1021.100	0.000	0.000	127.304	0.771
61	0.100	1103.946	1036.120	1134.950	1102.485	11.154	0.000	1808341.764	765.570
61	0.200	1132.038	1050.330	1203.670	1137.105	28.443	0.000	1011444.314	823.690
61	0.300	1155.908	1087.830	1233.180	1153.435	21.543	0.000	154709.474	883.899
61	0.400	1196.873	1111.930	1268.740	1197.535	22.289	0.000	-734469.596	889.226
61	0.500	1232.857	1160.200	1315.190	1233.090	21.901	0.000	-1661857.794	961.875
61	0.600	1277.303	1214.050	1344.860	1277.860	21.988	0.000	-2609701.786	928.529
61	0.700	1326.000	1262.500	1412.530	1325.590	22.612	0.000	-3525211.731	898.429
61	0.800	1377.169	1315.090	1451.550	1376.910	22.751	0.000	-4414398.823	875.131
61	0.990	1475.467	1408.920	1578.740	1473.910	23.568	0.000	-5283150.558	858.447
62	0.000	908.260	908.260	908.260	908.260	0.000	0.000	-7779.723	0.859
62	0.100	988.061	937.220	1009.430	994.070	11.868	0.000	-6127540.421	822.123
62	0.200	1008.906	978.710	1076.850	1005.535	16.968	0.000	-6973863.405	867.721
62	0.300	1061.024	1019.490	1130.790	1060.280	10.718	0.000	-7832465.213	835.432
62	0.400	1111.296	1052.690	1159.590	1111.920	15.528	0.000	-8648871.709	801.952
62	0.500	1155.716	1096.860	1219.640	1157.450	21.129	0.000	-9432767.914	760.824
62	0.600	1194.584	1144.560	1265.280	1193.405	20.315	0.000	-10181566.367	733.264
62	0.700	1241.952	1175.280	1311.860	1241.565	19.053	0.000	-10914996.735	728.946
62	0.800	1293.104	1240.040	1375.220	1291.655	19.419	0.000	-11648609.463	733.298
62	0.990	1396.376	1344.260	1472.920	1397.315	18.045	0.000	-12393381.867	752.177
63	0.000	960.970	960.970	960.970	960.970	0.000	0.000	-14836.332	0.930
63	0.100	996.558	965.780	1044.250	993.915	15.380	0.000	-13214072.848	882.674
63	0.200	1053.876	1012.990	1095.610	1052.700	13.328	0.000	-14088792.900	862.872
63	0.300	1110.247	1054.380	1179.500	1110.495	16.932	0.000	-14940685.728	836.735
63	0.400	1162.607	1115.780	1227.810	1162.235	18.837	0.000	-15708765.388	717.452
63	0.500	1214.617	1163.090	1274.750	1214.995	19.518	0.000	-16464699.840	766.755
63	0.600	1263.074	1163.070	1340.020	1265.315	23.279	0.000	-17225420.713	750.607
63	0.700	1303.153	1213.480	1383.460	1303.605	28.015	0.000	-17974762.272	743.109
63	0.800	1344.757	1278.310	1449.380	1343.360	29.650	0.000	-18724215.919	751.845
63	0.990	1433.464	1375.350	1517.110	1430.930	25.245	0.000	-19486580.807	770.258
64	0.000	1148.810	1148.810	1148.810	1148.810	0.000	0.000	-20098.817	0.965
64	0.100	1180.952	1135.410	1216.110	1178.225	13.301	0.000	-20391130.202	1016.214
64	0.200	1216.049	1124.140	1286.490	1214.735	25.319	0.000	-21426397.822	1051.022
64	0.300	1234.924	1166.160	1342.320	1231.125	26.294	0.000	-22479186.905	1050.416
64	0.400	1261.067	1194.910	1338.900	1260.905	25.341	0.000	-23553286.664	1088.189
64	0.500	1307.229	1246.560	1397.890	1306.330	22.352	0.000	-24658316.466	1119.569
64	0.600	1357.576	1299.110	1423.870	1358.230	21.074	0.000	-25781678.918	1123.744
64	0.700	1409.790	1347.040	1489.550	1408.775	22.276	0.000	-26873545.608	1035.456
64	0.800	1460.726	1391.990	1532.300	1460.030	22.000	0.000	-27882041.147	991.672
64	0.990	1560.513	1480.900	1659.320	1560.090	24.955	0.000	-28858133.498	949.359
65	0.000	1216.910	1216.910	1216.910	1216.910	0.000	0.000	-28779.469	1.142
65	0.100	1272.151	1218.930	1343.320	1265.640	24.838	0.000	-29939639.716	1235.361
65	0.200	1314.789	1231.780	1400.870	1316.455	30.950	0.000	-31186608.533	1321.875
65	0.300	1363.434	1275.920	1479.550	1362.670	28.117	0.000	-32646303.262	1533.201
65	0.400	1409.911	1317.640	1514.200	1409.000	31.930	0.000	-34168047.432	1495.148
65	0.500	1453.597	1386.550	1566.750	1450.260	31.867	0.000	-35648014.437	1464.909
65	0.600	1502.046	1437.560	1588.750	1498.585	25.510	0.000	-37119788.896	1474.961
65	0.700	1559.211	1481.360	1646.360	1559.250	23.164	0.000	-38608692.749	1532.026
65	0.800	1606.721	1518.600	1694.570	1608.505	28.810	0.000	-40214629.831	1638.707
65	0.990	1686.893	1588.440	1798.850	1685.940	32.575	0.000	-41852800.964	1630.488
66	0.000	1189.610	1189.610	1189.610	1189.610	0.000	0.000	-42904.029	1.231
66	0.100	1251.994	1196.120	1299.770	1256.125	19.167	0.000	-43296455.420	1215.836
66	0.200	1287.557	1204.060	1364.060	1290.240	27.764	0.000	-44528410.510	1240.578
66	0.300	1306.847	1233.290	1400.500	1305.745	27.068	0.000	-45775048.173	1239.001
66	0.400	1357.201	1278.630	1439.350	1356.115	26.018	0.000	-47037176.218	1287.361
66	0.500	1402.157	1311.620	1501.420	1403.555	32.227	0.000	-48357964.311	1351.044
66	0.600	1434.288	1343.970	1546.300	1435.580	36.034	0.000	-49723901.420	1378.524
66	0.700	1479.124	1391.220	1616.030	1475.705	36.027	0.000	-51093174.859	1350.542
66	0.800	1525.324	1419.820	1649.570	1522.490	35.060	0.000	-52433888.463	1323.705
66	0.990	1614.540	1525.320	1721.890	1612.755	35.785	0.000	-53722748.702	1247.353
67	0.000	850.050	850.050	850.050	850.050	0.000	0.000	-53645.118	0.394
67	0.100	919.034	900.550	944.760	918.480	9.650	0.000	-54670126.665	391.999
67	0.200	970.104	912.000	1021.490	980.520	23.783	0.000	-55070496.667	409.431
67	0.300	1004.861	960.410	1071.310	1001.030	20.666	0.000	-55499830.763	441.970
67	0.400	1051.431	1022.560	1103.880	1048.975	12.745	0.000	-55950013.629	455.048
67	0.500	1107.587	1079.480	1146.170	1106.260	11.146	0.000	-56404543.609	450.466
67	0.600	1163.966	1123.280	1199.890	1164.040	10.759	0.000	-56854144.654	445.038
67	0.700	1220.913	1181.020	1257.130	1221.515	12.474	0.000	-57299726.689	441.994
67	0.800	1275.320	1226.230	1319.350	1274.950	14.778	0.000	-57745516.274	446.045
67	0.990	1374.112	1323.760	1422.030	1376.805	17.927	0.000	-58200233.221	460.956
68	0.000	1117.020	1117.020	1117.020	1117.020	0.000	0.000	-60365.042	0.847
68	0.100	1158.063	1055.490	1242.650	1154.290	24.066	0.000	-58770907.544	938.555
68	0.200	1176.390	1090.930	1260.840	1175.870	26.389	0.000	-59732109.641	979.357
68	0.300	1220.524	1142.760	1305.110	1224.360	28.502	0.000	-60690070.917	932.517
68	0.400	1263.010	1186.180	1354.560	1259.420	31.357	0.000	-61619216.340	919.752
68	0.500	1303.475	1250.060	1385.050	1300.430	24.296	0.000	-62531827.839	901.220
68	0.600	1355.320	1287.360	1434.000	1353.995	20.396	0.000	-63424377.357	878.219
68	0.700	1408.648	1342.800	1480.700	1408.790	22.772	0.000	-64297726.344	862.903
68	0.800	1457.290	1375.000	1540.420	1458.315	27.429	0.000	-65159210.382	855.778
68	0.990	1543.588	1445.230	1631.810	1543.530	30.082	0.000	-66022921.309	867.079
69	0.000	1037.910	1037.910	1037.910	1037.910	0.000	0.000	-68523.893	0.657
69	0.100	1021.450	974.490	1089.240	1013.125	22.797	0.000	-66844650.211	769.619
69	0.200	1071.742	1031.790	1128.900	1073.490	13.195	0.000	-67640507.713	817.122
69	0.300	1126.507	1067.190	1187.730	1126.980	18.608	0.000	-68446330.033	790.491
69	0.400	1173.744	1123.920	1247.310	1171.605	16.223	0.000	-69222187.647	756.140
69	0.500	1227.571	1172.330	1288.580	1228.865	16.464	0.000	-69970542.478	736.159
69	0.600	1277.197	1227.610	1330.960	1276.935	18.188	0.000	-70698257.686	714.786
69	0.700	1330.466	1283.430	1391.890	1328.550	16.887	0.000	-71409457.494	703.216
69	0.800	1387.043	1330.040	1453.790	1387.675	17.600	0.000	-72112890.317	698.772
69	0.990	1490.818	1432.000	1545.290	1490.260	19.865	0.000	-72818079.463	706.020
70	0.000	986.300	986.300	986.300	986.300	0.000	0.000	-75237.225	0.730
70	0.100	1020.401	941.060	1059.630	1022.860	25.756	0.000	-73534198.693	721.993
70	0.200	1020.496	994.750	1095.890	1016.335	15.171	0.000	-74266223.927	737.672
70	0.300	1088.653	1054.930	1129.780	1090.025	7.911	0.000	-75013594.689	750.429
70	0.400	1153.790	1110.820	1191.230	1157.085	12.515	0.000	-75769423.392	757.132
70	0.500	1199.325	1148.710	1248.630	1196.660	17.196	0.000	-76553456.460	807.005
70	0.600	1250.471	1204.460	1311.020	1252.050	17.305	0.000	-77356203.815	792.983
70	0.700	1305.253	1244.310	1368.340	1305.545	19.655	0.000	-78143438.449	777.916
70	0.800	1357.396	1295.980	1414.170	1355.220	20.849	0.000	-78919352.672	770.577
70	0.990	1458.380	1401.050	1544.820	1457.155	22.351	0.000	-79693293.629	772.566
71	0.000	1111.770	1111.770	1111.770	1111.770	0.000	0.000	1967.266	1.002
71	0.100	1124.244	1043.600	1209.830	1120.190	24.932	0.000	1598712.786	1171.391
71	0.200	1136.292	1086.780	1238.660	1130.680	26.331	0.000	350371.780	1316.392
71	0.300	1187.540	1146.910	1275.100	1185.445	14.696	0.000	-973148.332	1325.176
71	0.400	1252.458	1199.280	1298.060	1254.295	13.706	0.000	-2290111.616	1305.625
71	0.500	1314.453	1244.960	1376.510	1316.035	19.527	0.000	-3583424.482	1275.573
71	0.600	1363.506	1293.690	1424.170	1362.190	22.902	0.000	-4830503.872	1213.141
71	0.700	1411.689	1313.240	1500.860	1411.495	24.795	0.000	-6016920.491	1153.696
71	0.800	1460.831	1344.930	1541.970	1461.600	28.093	0.000	-7152703.502	1111.924
71	0.990	1549.328	1448.170	1641.270	1552.155	34.500	0.000	-8243586.838	1066.006
72	0.000	915.900	915.900	915.900	915.900	0.000	0.000	-10836.969	0.693
72	0.100	965.405	942.680	985.090	966.075	5.324	0.000	-9090739.991	635.666
72	0.200	1037.567	1002.560	1083.780	1036.155	9.707	0.000	-9727289.993	632.841
72	0.300	1105.558	1041.090	1156.250	1105.925	13.410	0.000	-10362463.663	633.796
72	0.400	1161.853	1095.920	1229.040	1161.930	18.692	0.000	-11006876.742	649.140
72	0.500	1205.245	1147.260	1273.460	1204.980	20.283	0.000	-11679084.577	691.396
72	0.600	1256.120	1191.770	1342.800	1253.905	20.514	0.000	-12366466.766	680.508
72	0.700	1307.129	1236.640	1400.500	1306.745	22.043	0.000	-13046086.007	675.120
72	0.800	1358.869	1295.400	1433.280	1357.855	22.321	0.000	-13721829.186	672.746
72	0.990	1458.176	1384.730	1537.700	1460.140	24.661	0.000	-14399043.906	676.493
73	0.000	1129.180	1129.180	1129.180	1129.180	0.000	0.000	-14964.114	0.908
73	0.100	1147.749	1079.510	1225.620	1150.075	27.232	0.000	-15249125.206	1003.336
73	0.200	1184.897	1115.980	1277.270	1186.150	25.972	0.000	-16274363.623	1042.006
73	0.300	1229.786	1153.760	1307.300	1229.210	23.643	0.000	-17331745.192	1064.888
73	0.400	1265.824	1189.080	1344.510	1264.830	26.438	0.000	-18419813.499	1107.409
73	0.500	1307.880	1228.430	1402.350	1306.530	25.966	0.000	-19514657.768	1077.436
73	0.600	1351.784	1274.570	1437.890	1350.915	26.305	0.000	-20573789.143	1035.597
73	0.700	1397.632	1318.100	1493.440	1396.325	26.376	0.000	-21600066.184	1011.734
73	0.800	1447.487	1375.440	1544.990	1445.905	26.167	0.000	-22607578.379	996.585
73	0.990	1541.443	1451.650	1631.450	1541.760	29.943	0.000	-23607412.164	997.417
74	0.000	1030.420	1030.420	1030.420	1030.420	0.000	0.000	-26165.579	0.820
74	0.100	1051.444	1006.810	1096.970	1050.840	9.825	0.000	-24512604.861	821.313
74	0.200	1095.576	1047.450	1148.940	1095.935	17.227	0.000	-25373096.187	895.800
74	0.300	1139.709	1090.110	1207.220	1140.850	21.767	0.000	-26296466.874	944.751
74	0.400	1185.362	1137.500	1262.100	1185.595	19.304	0.000	-27249180.191	957.407
74	0.500	1236.586	1179.820	1296.570	1234.890	19.228	0.000	-28219479.533	976.643
74	0.600	1290.495	1225.720	1356.510	1290.400	20.664	0.000	-29190216.732	959.716
74	0.700	1341.308	1253.910	1420.470	1341.755	25.589	0.000	-30140739.729	937.088
74	0.800	1388.161	1313.520	1494.230	1386.500	25.189	0.000	-31070190.497	915.649
74	0.990	1482.804	1402.940	1578.390	1483.800	25.640	0.000	-31974389.696	889.201
75	0.000	1115.300	1115.300	1115.300	1115.300	0.000	0.000	-32646.396	1.183
75	0.100	1174.895	1132.260	1253.630	1180.870	16.640	0.000	-33045013.185	1229.311
75	0.200	1245.934	1189.510	1301.300	1245.100	20.671	0.000	-34287369.978	1248.869
75	0.300	1293.621	1207.960	1371.350	1296.335	28.627	0.000	-35543818.182	1256.607
75	0.400	1331.561	1257.980	1439.010	1329.220	35.700	0.000	-36783220.286	1220.220
75	0.500	1375.167	1291.450	1482.330	1370.240	29.165	0.000	-38012717.935	1230.356
75	0.600	1426.683	1340.440	1535.300	1428.385	28.489	0.000	-39238993.163	1215.560
75	0.700	1476.536	1365.290	1598.440	1484.440	36.487	0.000	-40462356.547	1225.724
75	0.800	1512.087	1408.790	1630.790	1508.105	39.913	0.000	-41716053.085	1274.267
75	0.990	1588.703	1502.700	1718.620	1585.420	33.083	0.000	-43019863.320	1329.105
76	0.000	949.130	949.130	949.130	949.130	0.000	0.000	-42984.102	0.617
76	0.100	973.619	927.780	1029.950	971.015	17.871	0.000	-44146305.342	666.097
76	0.200	1012.161	978.510	1075.450	1008.540	14.503	0.000	-44798550.810	634.285
76	0.300	1074.276	1026.930	1122.180	1072.935	12.621	0.000	-45426871.941	618.544
76	0.400	1135.136	1090.110	1187.980	1135.885	16.297	0.000	-46040925.255	605.150
76	0.500	1191.377	1145.310	1255.410	1192.750	17.781	0.000	-46642605.326	594.089
76	0.600	1244.181	1174.750	1305.500	1242.640	19.533	0.000	-47239674.305	595.521
76	0.700	1290.400	1215.600	1359.650	1291.040	22.336	0.000	-47849410.845	620.139
76	0.800	1333.736	1264.750	1406.510	1333.450	24.344	0.000	-48488254.411	653.251
76	0.990	1417.339	1352.750	1499.010	1415.285	24.881	0.000	-49168261.586	700.865
77	0.000	1062.780	1062.780	1062.780	1062.780	0.000	0.000	-51451.541	0.725
77	0.100	1084.487	1010.730	1160.070	1085.785	26.332	0.000	-49738865.461	703.087
77	0.200	1123.619	1074.900	1205.910	1122.625	23.522	0.000	-50444739.338	703.191
77	0.300	1182.909	1131.610	1271.610	1182.350	16.284	0.000	-51143853.599	690.454
77	0.400	1236.523	1152.160	1295.340	1235.750	22.487	0.000	-51850696.690	718.103
77	0.500	1287.090	1216.290	1365.480	1287.875	20.901	0.000	-52587207.167	751.027
77	0.600	1335.297	1247.100	1406.350	1339.335	26.890	0.000	-53352498.285	773.500
77	0.700	1375.436	1306.510	1458.380	1373.125	25.680	0.000	-54145726.575	808.871
77	0.800	1424.217	1348.460	1535.430	1424.125	23.978	0.000	-54956889.143	808.491
77	0.990	1518.175	1451.470	1619.100	1519.645	24.847	0.000	-55763740.256	801.339
78	0.000	993.030	993.030	993.030	993.030	0.000	0.000	-58231.700	0.694
78	0.100	989.954	970.170	1034.760	992.180	8.849	0.000	-56506934.380	678.468
78	0.200	1052.091	1019.820	1107.990	1051.555	11.870	0.000	-57180982.920	665.250
78	0.300	1107.006	1063.440	1136.430	1107.670	11.176	0.000	-57840642.873	649.821
78	0.400	1155.345	1072.530	1214.200	1157.540	21.202	0.000	-58509783.584	681.998
78	0.500	1196.496	1130.690	1268.190	1198.675	21.816	0.000	-59210559.926	716.463
78	0.600	1240.453	1177.700	1320.600	1240.635	24.155	0.000	-59923673.286	705.439
78	0.700	1283.057	1221.230	1360.120	1280.370	24.693	0.000	-60639219.780	726.064
78	0.800	1329.808	1279.000	1462.710	1328.160	22.896	0.000	-61372392.633	731.836
78	0.990	1430.821	1377.730	1497.020	1429.810	18.570	0.000	-62108143.618	735.271
79	0.000	968.150	968.150	968.150	968.150	0.000	0.000	-62702.933	0.856
79	0.100	1012.180	979.910	1047.660	1019.370	19.584	0.000	-62907260.493	841.010
79	0.200	1063.935	1020.150	1119.090	1068.765	21.206	0.000	-63764505.796	868.536
79	0.300	1109.943	1084.560	1163.830	1106.130	16.400	0.000	-64640046.207	877.447
79	0.400	1176.331	1126.750	1234.930	1170.190	17.844	0.000	-65512965.149	862.946
79	0.500	1224.844	1136.570	1304.190	1227.490	24.999	0.000	-66390898.387	889.219
79	0.600	1268.048	1180.550	1370.490	1269.290	26.025	0.000	-67301077.199	925.667
79	0.700	1310.010	1237.880	1398.640	1313.850	30.033	0.000	-68234881.603	938.867
79	0.800	1351.026	1288.550	1468.230	1346.295	28.759	0.000	-69191245.969	968.803
79	0.990	1448.968	1405.340	1556.270	1442.655	19.659	0.000	-70175900.890	992.118
80	0.000	1448.500	1448.500	1448.500	1448.500	0.000	0.000	-69071.037	2.341
80	0.100	1422.813	1368.330	1523.230	1413.760	26.485	0.000	-71960281.195	2487.067
80	0.200	1479.891	1416.190	1552.640	1478.720	9.590	0.000	-74576011.723	2741.260
80	0.300	1556.369	1444.880	1681.270	1564.595	33.051	0.000	-77276629.530	2652.311
80	0.400	1598.746	1469.890	1700.700	1597.665	39.328	0.000	-79885277.264	2551.738
80	0.500	1649.332	1526.890	1776.990	1644.285	38.661	0.000	-82438343.028	2546.923
80	0.600	1709.375	1556.300	1819.970	1714.710	43.537	0.000	-84980151.793	2530.893
80	0.700	1759.820	1592.240	1893.300	1761.140	52.095	0.000	-87512683.110	2524.241
80	0.800	1799.130	1620.830	1966.220	1798.750	57.214	0.000	-90067787.714	2576.951
80	0.990	1868.006	1710.650	2097.520	1866.400	56.244	0.000	-92706397.271	2694.600
81	0.000	1164.160	1164.160	1164.160	1164.160	0.000	0.000	1967.254	1.082
81	0.100	1181.394	1122.180	1220.950	1177.340	13.692	0.000	1632679.638	1100.538
81	0.200	1214.330	1188.440	1280.450	1211.560	15.109	0.000	537105.546	1085.439
81	0.300	1279.639	1220.420	1324.590	1281.985	13.446	0.000	-535148.625	1054.684
81	0.400	1330.850	1258.990	1390.510	1334.745	27.037	0.000	-1589034.401	1046.869
81	0.500	1364.485	1282.570	1457.770	1366.380	28.399	0.000	-2658269.697	1087.694
81	0.600	1407.969	1287.620	1490.930	1408.635	32.675	0.000	-3746984.239	1083.112
81	0.700	1451.898	1327.750	1565.930	1450.395	38.057	0.000	-4835405.758	1089.370
81	0.800	1489.760	1369.860	1609.360	1488.340	39.986	0.000	-5944012.439	1120.345
81	0.990	1559.713	1467.390	1696.780	1558.785	35.661	0.000	-7084265.873	1155.190
82	0.000	1172.410	1172.410	1172.410	1172.410	0.000	0.000	-7113.951	1.637
82	0.100	1229.174	1183.250	1270.700	1235.420	14.701	0.000	-8423607.644	1544.188
82	0.200	1292.528	1232.590	1352.380	1290.820	22.243	0.000	-9994911.667	1591.805
82	0.300	1359.131	1286.960	1418.740	1358.460	23.205	0.000	-11572173.385	1557.283
82	0.400	1418.913	1333.460	1503.060	1418.185	28.676	0.000	-13146621.310	1585.016
82	0.500	1469.122	1365.030	1577.980	1469.850	34.823	0.000	-14746720.832	1609.680
82	0.600	1509.463	1406.530	1626.170	1512.060	37.962	0.000	-16337097.087	1563.829
82	0.700	1552.619	1443.890	1664.990	1548.300	37.725	0.000	-17901102.626	1554.862
82	0.800	1597.491	1491.530	1716.380	1593.755	35.377	0.000	-19477226.959	1596.748
82	0.990	1695.865	1581.850	1823.940	1697.960	36.505	0.000	-21099010.323	1634.622
83	0.000	1281.450	1281.450	1281.450	1281.450	0.000	0.000	-23710.992	2.087
83	0.100	1323.540	1253.600	1397.970	1317.885	32.521	0.000	-22930135.156	1958.211
83	0.200	1355.538	1241.920	1482.280	1352.905	36.895	0.000	-24862670.927	1901.940
83	0.300	1353.820	1261.520	1496.280	1349.395	32.300	0.000	-26787450.744	1932.804
83	0.400	1406.947	1299.700	1503.080	1407.340	30.841	0.000	-28699227.966	1888.550
83	0.500	1452.742	1345.970	1591.080	1456.235	38.856	0.000	-30620961.014	1946.757
83	0.600	1494.988	1395.330	1603.130	1492.085	33.993	0.000	-32614970.300	2034.387
83	0.700	1551.686	1449.060	1653.120	1555.550	33.022	0.000	-34663449.120	2053.264
83	0.800	1602.468	1487.610	1696.910	1602.900	35.676	0.000	-36739470.416	2094.746
83	0.990	1688.637	1600.940	1825.670	1685.160	36.250	0.000	-38872148.654	2164.859
84	0.000	1007.860	1007.860	1007.860	1007.860	0.000	0.000	-39240.526	0.533
84	0.100	1015.850	972.980	1076.110	1013.030	15.296	0.000	-40347133.511	555.529
84	0.200	1066.595	1013.770	1133.100	1065.365	19.497	0.000	-40904568.127	555.054
84	0.300	1112.830	1058.030	1177.470	1113.575	19.065	0.000	-41452309.672	536.292
84	0.400	1161.321	1106.010	1220.910	1162.140	18.060	0.000	-41980712.391	516.921
84	0.500	1210.103	1147.980	1268.920	1209.830	18.845	0.000	-42492271.750	502.616
84	0.600	1256.772	1194.170	1320.910	1256.660	20.381	0.000	-42989802.299	488.766
84	0.700	1302.457	1235.170	1373.460	1303.210	21.887	0.000	-43478450.353	484.683
84	0.800	1348.935	1271.000	1422.070	1349.225	22.841	0.000	-43970021.147	494.657
84	0.990	1436.542	1367.290	1514.650	1437.915	24.878	0.000	-44483942.671	528.310
85	0.000	1120.470	1120.470	1120.470	1120.470	0.000	0.000	-44840.987	1.292
85	0.100	1201.722	1126.390	1262.970	1201.050	15.329	0.000	-45236191.632	1222.013
85	0.200	1241.333	1164.440	1318.460	1245.330	26.032	0.000	-46507927.526	1315.882
85	0.300	1280.650	1204.210	1358.700	1280.445	26.785	0.000	-47832558.293	1329.131
85	0.400	1307.783	1238.760	1421.430	1305.950	31.126	0.000	-49201936.387	1400.522
85	0.500	1353.311	1288.730	1435.120	1350.640	25.094	0.000	-50608702.710	1407.770
85	0.600	1404.962	1333.730	1489.960	1404.455	22.467	0.000	-52012551.163	1394.891
85	0.700	1460.953	1386.600	1539.450	1461.000	24.074	0.000	-53390316.103	1353.891
85	0.800	1517.120	1431.070	1615.500	1518.325	26.028	0.000	-54730651.426	1321.167
85	0.990	1618.789	1529.390	1721.290	1618.855	29.794	0.000	-56033063.962	1278.027
86	0.000	1016.270	1016.270	1016.270	1016.270	0.000	0.000	-58732.356	0.594
86	0.100	1016.402	962.910	1071.500	1013.945	19.078	0.000	-57020077.556	701.171
86	0.200	1052.616	1006.020	1111.270	1051.210	17.373	0.000	-57717114.639	691.431
86	0.300	1098.392	1034.640	1154.940	1098.390	20.306	0.000	-58395812.068	661.882
86	0.400	1140.014	1082.190	1202.220	1139.460	24.267	0.000	-59049220.253	640.689
86	0.500	1182.946	1124.020	1259.030	1180.895	24.028	0.000	-59686417.148	629.013
86	0.600	1228.388	1167.910	1307.520	1227.125	21.431	0.000	-60314589.120	622.905
86	0.700	1278.321	1229.590	1343.160	1278.365	21.531	0.000	-60941608.432	626.487
86	0.800	1331.251	1290.480	1401.220	1331.140	21.329	0.000	-61576004.638	638.889
86	0.990	1438.129	1388.590	1515.090	1435.155	16.869	0.000	-62227005.136	659.464
87	0.000	1417.620	1417.620	1417.620	1417.620	0.000	0.000	-64344.071	2.210
87	0.100	1431.234	1322.390	1568.590	1428.490	30.605	0.000	-63643909.037	2120.281
87	0.200	1439.066	1344.580	1548.580	1439.335	32.810	0.000	-65751856.348	2086.123
87	0.300	1474.479	1370.300	1578.680	1474.445	34.387	0.000	-67839185.224	2079.420
87	0.400	1523.644	1452.380	1626.330	1521.840	31.412	0.000	-69945246.849	2128.580
87	0.500	1587.179	1502.140	1695.710	1586.540	29.871	0.000	-72093145.885	2158.953
87	0.600	1634.058	1527.100	1738.750	1635.055	33.805	0.000	-74281957.206	2214.854
87	0.700	1680.309	1533.860	1813.490	1679.340	34.444	0.000	-76509309.817	2212.073
87	0.800	1730.481	1619.520	1830.690	1732.445	35.030	0.000	-78726782.200	2230.064
87	0.990	1813.588	1684.230	1949.110	1814.690	46.415	0.000	-80964178.909	2238.196
88	0.000	947.270	947.270	947.270	947.270	0.000	0.000	-84129.023	0.598
88	0.100	988.722	956.080	1022.750	991.485	14.650	0.000	-82360621.873	590.635
88	0.200	1035.225	972.930	1075.060	1035.305	12.948	0.000	-82964001.294	611.939
88	0.300	1094.081	1033.900	1139.140	1099.640	20.172	0.000	-83580309.759	616.018
88	0.400	1135.063	1097.480	1194.110	1128.480	22.455	0.000	-84221695.304	663.687
88	0.500	1191.086	1149.590	1245.950	1189.540	13.303	0.000	-84893799.394	675.519
88	0.600	1249.888	1203.190	1294.180	1251.420	14.833	0.000	-85566848.243	666.985
88	0.700	1302.907	1244.610	1362.730	1303.320	19.684	0.000	-86234804.406	664.968
88	0.800	1353.677	1297.270	1413.780	1352.560	21.500	0.000	-86907491.835	675.213
88	0.990	1454.203	1393.140	1519.340	1453.295	20.469	0.000	-87604766.978	716.999
89	0.000	1127.700	1127.700	1127.700	1127.700	0.000	0.000	-88190.761	1.254
89	0.100	1168.016	1105.160	1237.600	1162.565	31.501	0.000	-88548806.640	1149.581
89	0.200	1201.005	1162.250	1248.050	1199.510	11.930	0.000	-89686400.337	1117.960
89	0.300	1270.059	1178.620	1320.600	1271.730	18.540	0.000	-90794877.877	1093.477
89	0.400	1316.238	1222.120	1411.500	1318.960	33.237	0.000	-91890077.261	1091.594
89	0.500	1340.491	1264.680	1470.100	1336.525	37.111	0.000	-93017870.692	1157.669
89	0.600	1379.596	1307.820	1501.750	1376.960	25.141	0.000	-94183128.164	1165.371
89	0.700	1437.400	1352.090	1529.570	1437.160	24.346	0.000	-95350629.731	1165.320
89	0.800	1489.576	1384.750	1592.170	1490.530	30.084	0.000	-96537061.145	1200.720
89	0.990	1579.881	1495.080	1688.540	1578.160	28.382	0.000	-97769419.373	1258.394
90	0.000	1235.880	1235.880	1235.880	1235.880	0.000	0.000	-97850.416	1.617
90	0.100	1332.343	1258.810	1403.050	1323.525	26.972	0.000	-99167650.505	1558.466
90	0.200	1365.746	1251.530	1450.430	1363.675	38.275	0.000	-100723894.958	1549.052
90	0.300	1388.734	1292.270	1510.490	1391.760	31.733	0.000	-102247380.105	1492.195
90	0.400	1435.318	1353.600	1532.870	1432.540	36.052	0.000	-103744705.332	1493.778
90	0.500	1489.988	1389.130	1607.780	1485.080	30.832	0.000	-105245707.749	1502.021
90	0.600	1550.697	1454.590	1648.500	1548.110	27.246	0.000	-106748413.258	1496.254
90	0.700	1607.774	1506.970	1701.950	1607.460	31.115	0.000	-108245128.027	1485.581
90	0.800	1653.102	1540.680	1761.240	1651.405	36.179	0.000	-109754148.268	1528.390
90	0.990	1746.463	1616.460	1881.690	1748.400	43.096	0.000	-111316102.682	1589.143
91	0.000	1018.990	1018.990	1018.990	1018.990	0.000	0.000	1967.258	0.980
91	0.100	1081.334	1054.130	1117.790	1080.155	10.423	0.000	1645963.358	1074.158
91	0.200	1144.964	1114.180	1182.230	1145.150	9.273	0.000	588652.392	1037.853
91	0.300	1205.424	1154.890	1261.100	1209.905	18.606	0.000	-470630.722	1073.545
91	0.400	1243.078	1185.470	1319.570	1240.640	19.698	0.000	-1583084.010	1144.033
91	0.500	1282.010	1211.310	1390.860	1281.095	21.689	0.000	-2742014.286	1169.714
91	0.600	1325.734	1255.170	1410.700	1324.670	21.234	0.000	-3893311.103	1128.657
91	0.700	1375.398	1309.800	1459.050	1374.335	20.979	0.000	-5004004.022	1088.072
91	0.800	1429.523	1356.700	1528.900	1430.980	22.162	0.000	-6082547.320	1064.208
91	0.990	1534.498	1446.170	1604.320	1533.270	25.117	0.000	-7136232.866	1037.767
92	0.000	1316.570	1316.570	1316.570	1316.570	0.000	0.000	-7106.939	1.399
92	0.100	1327.679	1278.060	1428.310	1326.050	12.985	0.000	-8298691.264	1308.003
92	0.200	1368.729	1277.270	1444.580	1369.820	30.848	0.000	-9581106.077	1251.545
92	0.300	1402.797	1317.720	1503.930	1400.020	30.451	0.000	-10821075.192	1227.145
92	0.400	1439.271	1360.040	1539.400	1439.525	25.588	0.000	-12059931.601	1240.628
92	0.500	1483.445	1396.080	1572.220	1480.560	24.307	0.000	-13326969.166	1285.561
92	0.600	1534.605	1441.150	1616.510	1534.525	24.794	0.000	-14604823.172	1264.887
92	0.700	1580.405	1465.910	1678.580	1581.920	32.205	0.000	-15873076.569	1265.877
92	0.800	1614.924	1514.800	1723.490	1616.280	36.743	0.000	-17168442.484	1316.445
92	0.990	1696.249	1602.720	1814.430	1690.905	35.540	0.000	-18514650.644	1372.312
93	0.000	1210.360	1210.360	1210.360	1210.360	0.000	0.000	-18667.854	1.285
93	0.100	1218.809	1177.760	1275.180	1217.765	10.959	0.000	-19855030.869	1301.165
93	0.200	1267.909	1231.230	1335.930	1266.715	15.144	0.000	-21180382.310	1343.105
93	0.300	1333.130	1262.380	1386.080	1334.610	15.456	0.000	-22502003.937	1295.746
93	0.400	1384.298	1288.400	1461.850	1387.710	25.661	0.000	-23789452.972	1272.467
93	0.500	1412.819	1329.860	1500.680	1411.910	29.637	0.000	-25098828.371	1340.116
93	0.600	1452.231	1340.180	1545.510	1451.350	32.589	0.000	-26433171.992	1321.729
93	0.700	1498.906	1402.780	1600.160	1498.530	33.832	0.000	-27755025.380	1314.833
93	0.800	1543.200	1461.230	1648.640	1544.390	34.843	0.000	-29084023.313	1340.016
93	0.990	1632.084	1538.630	1764.050	1629.970	28.414	0.000	-30448625.269	1380.264
94	0.000	1127.220	1127.220	1127.220	1127.220	0.000	0.000	-31373.796	1.170
94	0.100	1146.313	1084.970	1201.040	1138.830	17.676	0.000	-31781502.122	1245.602
94	0.200	1190.023	1117.430	1259.870	1193.320	22.416	0.000	-33020645.476	1227.861
94	0.300	1233.717	1170.220	1317.120	1231.070	27.592	0.000	-34290080.199	1308.207
94	0.400	1284.800	1181.510	1407.400	1284.555	37.061	0.000	-35572792.147	1250.068
94	0.500	1312.788	1231.920	1425.820	1307.800	40.458	0.000	-36847699.466	1294.261
94	0.600	1355.529	1272.200	1471.440	1352.975	32.311	0.000	-38144699.189	1291.803
94	0.700	1401.657	1324.590	1490.660	1396.625	32.391	0.000	-39434664.163	1282.765
94	0.800	1445.252	1379.040	1560.830	1441.385	29.672	0.000	-40713165.638	1270.595
94	0.990	1545.416	1469.830	1689.260	1543.185	24.969	0.000	-41978126.023	1252.146
95	0.000	1093.610	1093.610	1093.610	1093.610	0.000	0.000	-42824.038	0.962
95	0.100	1132.594	1085.050	1192.700	1131.385	18.685	0.000	-43083146.149	950.554
95	0.200	1168.941	1122.090	1220.810	1168.340	17.845	0.000	-44016449.612	911.689
95	0.300	1223.966	1147.610	1275.050	1223.750	16.492	0.000	-44918019.707	885.489
95	0.400	1276.504	1189.680	1342.310	1278.735	26.553	0.000	-45813198.403	899.042
95	0.500	1311.861	1221.610	1399.020	1314.765	28.487	0.000	-46745981.899	962.289
95	0.600	1351.191	1274.210	1435.040	1352.125	34.575	0.000	-47732658.134	1006.369
95	0.700	1392.612	1319.490	1511.700	1384.795	33.556	0.000	-48756620.561	1035.569
95	0.800	1438.750	1365.220	1552.090	1433.515	29.491	0.000	-49800286.799	1047.085
95	0.990	1537.340	1474.380	1641.860	1536.870	23.219	0.000	-50848630.423	1043.747
96	0.000	1164.870	1164.870	1164.870	1164.870	0.000	0.000	-51590.486	0.935
96	0.100	1210.429	1147.890	1292.990	1211.750	24.841	0.000	-51867359.710	984.827
96	0.200	1238.600	1144.510	1339.890	1238.280	31.837	0.000	-52853906.124	984.864
96	0.300	1273.807	1193.370	1372.030	1271.930	28.938	0.000	-53835632.873	972.800
96	0.400	1312.234	1235.180	1400.220	1312.860	27.773	0.000	-54809080.893	966.445
96	0.500	1347.079	1252.280	1437.780	1347.000	30.333	0.000	-55784190.215	978.927
96	0.600	1383.884	1261.830	1505.940	1383.995	31.254	0.000	-56759369.528	967.496
96	0.700	1425.964	1316.680	1516.730	1430.840	35.911	0.000	-57729682.054	968.621
96	0.800	1463.842	1383.480	1562.050	1456.220	34.984	0.000	-58711164.909	988.856
96	0.990	1553.137	1477.490	1642.240	1551.580	25.708	0.000	-59704291.632	991.573
97	0.000	1507.920	1507.920	1507.920	1507.920	0.000	0.000	-58599.330	2.725
97	0.100	1491.796	1380.860	1598.210	1490.995	40.621	0.000	-61441648.803	2396.896
97	0.200	1535.843	1415.020	1646.570	1535.215	35.096	0.000	-63791146.060	2294.129
97	0.300	1581.273	1472.900	1688.870	1582.245	33.060	0.000	-66090644.388	2295.827
97	0.400	1626.102	1483.520	1750.360	1626.915	42.932	0.000	-68373238.558	2262.484
97	0.500	1649.254	1497.270	1801.180	1646.470	53.285	0.000	-70699732.206	2378.507
97	0.600	1676.053	1524.580	1848.440	1678.370	48.898	0.000	-73137644.761	2492.081
97	0.700	1713.421	1545.570	1911.940	1713.040	49.855	0.000	-75650403.285	2527.282
97	0.800	1746.905	1615.280	1891.090	1743.305	47.294	0.000	-78225926.376	2617.056
97	0.990	1829.092	1724.340	1985.350	1826.060	39.498	0.000	-80860711.413	2645.117
98	0.000	1281.480	1281.480	1281.480	1281.480	0.000	0.000	-81600.434	1.380
98	0.100	1300.292	1243.320	1354.200	1301.225	18.135	0.000	-82822608.684	1369.483
98	0.200	1359.966	1292.040	1417.510	1358.105	21.029	0.000	-84185226.807	1350.225
98	0.300	1417.698	1309.010	1490.220	1421.960	29.357	0.000	-85545023.348	1363.794
98	0.400	1464.941	1340.350	1553.930	1467.150	40.237	0.000	-86911629.780	1361.907
98	0.500	1484.831	1373.450	1632.800	1482.530	39.284	0.000	-88307506.528	1421.494
98	0.600	1521.990	1425.100	1631.270	1523.475	34.733	0.000	-89731621.791	1422.783
98	0.700	1571.987	1478.690	1699.910	1573.425	35.153	0.000	-91150601.229	1409.771
98	0.800	1621.434	1531.800	1770.330	1617.530	34.844	0.000	-92574410.861	1430.618
98	0.990	1714.105	1609.160	1842.090	1714.270	30.743	0.000	-94010068.516	1434.935
99	0.000	1192.610	1192.610	1192.610	1192.610	0.000	0.000	-94194.524	1.530
99	0.100	1247.058	1176.430	1303.630	1246.040	24.269	0.000	-95499804.928	1536.020
99	0.200	1248.382	1180.750	1372.320	1244.440	30.925	0.000	-97036584.406	1533.471
99	0.300	1285.985	1179.270	1385.240	1289.210	27.318	0.000	-98577285.703	1539.046
99	0.400	1318.806	1238.250	1437.730	1317.625	33.964	0.000	-100192548.197	1686.074
99	0.500	1357.541	1281.040	1467.550	1358.190	29.047	0.000	-101948480.132	1816.180
99	0.600	1412.925	1316.020	1514.770	1409.310	28.632	0.000	-103742455.609	1767.478
99	0.700	1466.914	1381.460	1559.700	1463.435	29.532	0.000	-105484193.568	1711.133
99	0.800	1520.406	1431.810	1629.030	1520.205	28.645	0.000	-107173364.084	1659.144
99	0.990	1623.338	1529.020	1736.980	1623.900	29.564	0.000	-108796709.610	1582.821
